"gene","0","0.5","1","1.5","2","2.5","3","3.5","4","disease"
"1","4000","2","3","12","26","105","178","226","297","156","C0000768"
"2","10491","2","5","7","53","51","342","454","573","492","C0000768"
"3","1027","2","3","12","19","31","1","116","1","86","C0000768"
"4","51360","2","3","3","26","35","276","91","433","203","C0000768"
"5","9215","2","5","2","27","36","150","430","215","628","C0000768"
"6","7040","2","5","7","53","51","342","454","573","492","C0000768"
"7","4358","2","3","5","43","161","305","409","208","482","C0000768"
"8","5982","2","3","12","19","31","261","116","1","86","C0000768"
"9","2673","2","3","2","110","94","178","226","297","380","C0000768"
"10","59335","2","1","6","11","142","193","306","390","158","C0000768"
"11","2645","2","3","2","90","167","266","367","101","664","C0000768"
"12","26119","2","5","7","60","14","184","341","544","669","C0000832"
"13","3845","2","5","7","60","54","24","30","46","72","C0000832"
"14","2200","2","5","7","53","51","342","454","573","492","C0000832"
"15","1471","2","5","7","34","52","216","395","549","492","C0000887"
"16","6495","2","3","3","19","221","321","428","541","667","C0000887"
"17","7849","2","3","3","19","221","321","428","541","667","C0000887"
"18","919","2","5","7","53","14","119","25","40","186","C0000887"
"19","1836","2","3","2","35","41","94","260","330","375","C0000887"
"20","728294","2","3","2","48","170","152","119","252","154","C0000887"
"21","6337","2","5","8","63","45","23","34","464","187","C0000889"
"22","3553","2","5","7","53","51","119","25","489","416","C0000889"
"23","3588","2","5","7","53","51","119","25","40","186","C0000889"
"24","207","2","3","7","53","14","20","34","489","416","C0000889"
"25","4867","2","5","7","76","153","40","38","54","75","C0000889"
"26","9401","2","3","12","76","31","261","116","1","86","C0000889"
"27","7385","2","3","2","48","170","50","119","514","85","C0000889"
"28","2624","2","3","12","19","31","1","155","287","116","C0000889"
"29","1497","2","5","2","63","182","50","103","297","628","C0000889"
"30","8085","2","3","12","19","31","1","426","55","78","C0000889"
"31","5290","2","3","7","53","14","20","25","40","186","C0000889"
"32","4129","2","3","5","63","63","120","197","203","350","C0000889"
"33","1292","2","5","7","53","51","342","454","573","492","C0000889"
"34","506","2","3","2","48","170","50","119","167","593","C0000889"
"35","3977","2","5","7","53","51","119","25","40","416","C0000889"
"36","2010","2","3","12","26","105","296","226","488","156","C0000889"
"37","3501","2","5","7","53","51","119","395","549","674","C0000889"
"38","4726","2","3","2","48","170","50","119","444","556","C0000889"
"39","30817","2","5","3","68","221","197","259","560","422","C0000889"
"40","51204","2","3","2","48","170","50","119","444","556","C0000889"
"41","4015","2","5","7","53","51","342","454","573","492","C0001122"
"42","9150","2","3","12","19","31","261","116","159","211","C0001122"
"43","5624","2","5","7","53","51","342","454","573","492","C0001122"
"44","383","2","3","7","34","52","216","395","549","674","C0001126"
"45","1410","2","3","12","63","45","23","38","54","187","C0001126"
"46","65125","2","5","8","63","45","23","34","464","187","C0001126"
"47","2131","2","3","2","74","58","112","148","181","416","C0001126"
"48","30835","2","5","7","53","51","119","395","549","674","C0001126"
"49","4512","2","3","2","48","170","110","141","359","8","C0001126"
"50","6890","2","3","12","41","184","119","156","568","116","C0001126"
"51","1482","2","3","3","19","221","321","428","541","667","C0001126"
"52","5529","2","3","12","76","153","40","38","54","75","C0001126"
"53","8822","2","5","7","53","14","20","25","40","186","C0001126"
"54","7473","2","5","3","68","221","197","259","560","422","C0001175"
"55","51715","2","5","7","60","54","24","30","46","72","C0001175"
"56","6499","2","3","2","110","85","237","433","547","671","C0001175"
"57","549","2","3","5","80","81","166","114","155","202","C0001202"
"58","54901","2","3","2","110","85","152","129","252","154","C0001202"
"59","598","2","3","12","41","219","339","402","489","416","C0001206"
"60","51343","2","3","12","41","116","268","434","468","213","C0001206"
"61","3815","2","5","7","53","14","20","25","40","186","C0001206"
"62","2796","2","5","4","68","96","326","427","548","672","C0001206"
"63","5813","2","3","12","19","31","1","116","159","211","C0001206"
"64","695","2","5","7","53","14","20","25","40","186","C0001206"
"65","51715","2","5","7","60","54","24","30","46","72","C0001206"
"66","1026","2","3","12","19","31","1","116","489","416","C0001206"
"67","6736","2","3","12","19","31","276","91","433","667","C0001206"
"68","6928","2","3","3","19","221","321","428","541","667","C0001206"
"69","10166","2","3","2","84","97","167","210","278","360","C0001206"
"70","5932","2","3","12","19","31","261","116","1","86","C0001206"
"71","9759","2","3","12","19","31","276","91","433","118","C0001206"
"72","10269","2","3","2","48","182","50","119","444","556","C0001206"
"73","3690","2","5","7","53","51","342","454","573","492","C0001206"
"74","1302","2","5","7","53","51","342","454","573","492","C0001206"
"75","29954","2","5","2","27","206","324","430","215","290","C0001206"
"76","7337","2","3","12","41","116","268","434","468","213","C0001339"
"77","5265","2","5","7","34","52","216","395","573","702","C0001339"
"78","4351","2","3","2","90","167","266","367","500","577","C0001339"
"79","1302","2","5","7","53","51","342","454","573","492","C0001403"
"80","7369","2","5","7","53","51","119","395","549","674","C0001403"
"81","2074","2","3","12","19","31","1","426","55","78","C0001403"
"82","9897","2","3","12","76","18","75","38","1","212","C0001403"
"83","3251","2","3","4","68","96","326","427","341","150","C0001403"
"84","5296","2","5","7","53","14","20","25","40","186","C0001403"
"85","5657","2","5","7","34","52","216","395","549","674","C0001403"
"86","715","2","5","7","53","51","119","395","549","674","C0001403"
"87","7461","2","3","7","60","153","40","38","93","75","C0001403"
"88","10367","2","3","2","48","170","50","119","444","593","C0001403"
"89","3516","2","3","12","19","31","143","428","236","667","C0001403"
"90","8813","2","3","2","48","116","142","136","280","363","C0001403"
"91","4312","2","5","7","53","51","342","454","573","492","C0001403"
"92","1594","2","3","5","92","163","96","363","460","487","C0001403"
"93","2121","2","3","12","41","116","268","434","568","605","C0001403"
"94","5728","2","3","5","80","81","339","156","568","605","C0001403"
"95","5116","2","3","12","76","153","40","38","54","75","C0001403"
"96","4952","2","3","5","60","54","184","30","544","669","C0001403"
"97","3211","2","3","3","19","221","321","428","541","667","C0001430"
"98","2244","2","5","7","53","51","342","454","573","492","C0001430"
"99","5830","2","3","5","43","161","305","409","208","482","C0001430"
"100","1299","2","5","7","53","51","342","454","573","492","C0001430"
"101","617","2","3","2","48","170","50","304","167","593","C0001430"
"102","55670","2","3","5","43","161","305","409","208","482","C0001430"
"103","1130","2","5","7","60","54","326","141","359","462","C0001430"
"104","2778","2","5","4","68","96","326","427","548","672","C0001430"
"105","7355","2","3","2","78","206","324","430","429","544","C0001430"
"106","5743","2","3","5","53","175","119","167","489","416","C0001430"
"107","538","2","3","8","63","45","23","103","464","187","C0001430"
"108","10913","2","3","12","41","219","339","156","568","697","C0001430"
"109","9968","2","4","3","24","119","330","214","454","144","C0001430"
"110","1588","2","3","5","79","159","256","350","27","44","C0001430"
"111","6535","2","5","8","45","94","199","240","415","666","C0001430"
"112","6237","2","5","7","60","54","24","30","46","72","C0001430"
"113","7124","2","3","12","41","219","339","156","568","697","C0001430"
"114","10743","2","3","3","19","151","276","91","433","118","C0001430"
"115","4541","2","3","2","48","170","50","119","444","24","C0001430"
"116","1837","2","5","8","63","45","23","103","464","187","C0001430"
"117","7372","2","3","2","68","119","109","266","182","182","C0001430"
"118","7053","2","3","6","11","142","225","142","220","298","C0001430"
"119","51317","2","3","12","19","31","1","426","55","78","C0001430"
"120","5290","2","3","7","53","14","20","25","40","186","C0001430"
"121","4683","2","3","12","19","31","261","116","1","86","C0001430"
"122","5015","2","3","3","19","221","321","428","541","667","C0001430"
"123","7508","2","3","12","19","31","261","116","1","664","C0001430"
"124","7337","2","3","12","41","116","268","434","468","213","C0001430"
"125","4143","2","3","5","80","81","105","426","129","2","C0001430"
"126","3764","2","5","8","63","36","166","106","110","158","C0001430"
"127","1001","2","5","7","53","51","335","444","560","373","C0001430"
"128","5604","2","5","7","53","14","20","34","540","68","C0001430"
"129","1594","2","3","5","92","163","96","363","460","487","C0001618"
"130","6812","2","5","7","27","36","150","341","223","628","C0001618"
"131","1848","2","3","5","42","81","296","399","201","274","C0001618"
"132","595","2","3","12","19","31","1","426","489","416","C0001621"
"133","1161","2","3","12","41","116","268","434","468","213","C0001621"
"134","7469","2","3","12","19","31","261","116","159","211","C0001623"
"135","2260","2","5","7","53","14","20","25","40","186","C0001623"
"136","53834","2","5","7","53","51","342","454","573","492","C0001623"
"137","8050","2","3","2","67","92","293","55","75","311","C0001623"
"138","4000","2","3","12","26","105","178","226","297","156","C0001623"
"139","348","2","5","7","53","51","342","454","573","492","C0001623"
"140","2065","2","5","7","53","14","20","25","40","186","C0001623"
"141","51082","2","3","2","19","31","1","426","55","78","C0001623"
"142","10327","2","3","2","91","175","271","372","471","586","C0001623"
"143","6663","2","3","3","19","221","321","428","541","667","C0001624"
"144","10014","2","3","12","19","31","276","91","433","118","C0001624"
"145","51604","2","3","2","61","77","142","176","235","317","C0001624"
"146","23405","2","3","2","22","33","323","66","146","194","C0001624"
"147","9131","2","3","12","41","219","339","347","271","356","C0001624"
"148","55704","2","3","12","76","153","40","38","54","75","C0001624"
"149","8924","2","3","12","41","116","268","434","468","213","C0001624"
"150","9364","2","5","7","60","54","24","30","46","72","C0001624"
"151","7020","2","3","12","19","31","276","91","433","664","C0001624"
"152","26270","2","3","12","41","116","268","434","468","213","C0001624"
"153","54345","2","5","3","19","221","321","428","541","667","C0001624"
"154","3689","2","5","7","34","52","216","395","549","674","C0001627"
"155","5889","2","3","12","19","31","261","116","1","86","C0001627"
"156","8815","2","3","12","22","33","323","66","444","664","C0001627"
"157","1292","2","5","7","53","51","342","454","573","492","C0001627"
"158","3440","2","3","12","19","184","118","155","287","116","C0001627"
"159","5447","2","3","5","91","214","271","372","471","586","C0001627"
"160","23418","2","5","7","53","36","71","177","560","373","C0001627"
"161","2263","2","5","7","53","14","20","25","40","186","C0001627"
"162","27130","2","3","12","48","45","143","38","236","69","C0001627"
"163","4615","2","3","12","41","219","339","156","568","697","C0001627"
"164","594","2","3","2","67","92","293","55","75","311","C0001627"
"165","4000","2","3","12","26","105","178","226","297","156","C0001723"
"166","54790","2","3","12","19","31","1","426","55","78","C0001723"
"167","54808","2","3","12","76","153","40","38","54","75","C0001723"
"168","55212","2","3","12","76","153","76","38","54","75","C0001723"
"169","10743","2","3","3","19","151","276","91","433","118","C0001723"
"170","8456","2","3","3","19","221","321","428","541","667","C0001723"
"171","5314","2","3","12","76","153","40","38","54","75","C0001733"
"172","11005","2","1","6","11","142","225","142","220","298","C0001733"
"173","26012","2","3","12","19","31","261","116","159","211","C0001733"
"174","54806","2","5","7","76","153","40","38","54","75","C0001768"
"175","22897","2","3","12","76","153","40","38","54","75","C0001768"
"176","1421","2","3","6","63","45","160","362","177","673","C0001768"
"177","54757","2","5","7","53","51","342","454","573","492","C0001768"
"178","4041","2","5","3","68","221","197","259","560","422","C0001768"
"179","3284","2","3","2","69","98","169","299","183","243","C0001768"
"180","4907","2","3","5","80","81","296","62","94","150","C0001768"
"181","9031","2","3","12","19","31","1","426","55","78","C0001768"
"182","79001","2","5","2","48","52","342","240","569","666","C0001768"
"183","153241","2","3","12","76","153","40","38","54","75","C0001768"
"184","2263","2","5","7","53","14","20","25","40","186","C0001768"
"185","1832","2","5","7","34","52","225","142","220","298","C0001768"
"186","930","2","5","7","53","14","119","25","40","186","C0001768"
"187","9874","2","3","12","53","14","20","34","540","68","C0001768"
"188","27130","2","3","12","48","45","143","38","236","69","C0001768"
"189","6338","2","5","8","63","45","23","34","464","187","C0001768"
"190","4952","2","3","5","60","54","184","30","544","669","C0001815"
"191","23554","2","5","3","68","221","197","259","518","492","C0001815"
"192","356","2","5","7","53","219","339","25","489","697","C0001816"
"193","1302","2","5","7","53","51","342","454","573","492","C0001816"
"194","5159","2","5","7","53","14","20","25","40","186","C0001816"
"195","415","2","3","5","105","155","250","291","152","420","C0001818"
"196","2110","2","3","2","48","170","50","119","444","556","C0001818"
"197","596","2","3","12","19","219","339","402","489","416","C0001818"
"198","3815","2","5","7","53","14","20","25","40","186","C0001818"
"199","7291","2","3","12","19","151","276","91","489","416","C0001824"
"200","5424","2","3","12","19","31","261","116","1","86","C0001824"
"201","10815","2","5","7","60","36","71","341","223","666","C0001824"
"202","5290","2","3","7","53","14","20","25","40","186","C0001824"
"203","7468","2","3","12","19","31","1","426","55","78","C0001883"
"204","10735","2","3","12","76","153","40","38","54","75","C0001883"
"205","4968","2","3","12","19","31","261","116","1","86","C0001883"
"206","9049","2","3","3","41","151","276","378","271","356","C0001916"
"207","4322","2","5","7","53","51","342","454","573","492","C0001916"
"208","5091","2","3","2","35","40","130","166","57","435","C0001916"
"209","1387","2","3","12","19","31","276","91","433","118","C0001916"
"210","26608","2","3","2","22","170","50","119","463","153","C0001916"
"211","54332","2","3","2","60","170","40","98","66","203","C0001916"
"212","3912","2","5","7","53","51","342","454","573","492","C0001916"
"213","2303","2","5","3","19","221","321","428","541","667","C0001916"
"214","8557","2","5","8","63","45","23","103","464","187","C0001916"
"215","5000","2","3","12","76","31","261","116","1","86","C0001916"
"216","23384","2","3","12","63","45","184","103","572","658","C0001916"
"217","2798","2","5","4","68","96","326","427","548","672","C0001925"
"218","9321","2","3","12","76","153","40","38","54","203","C0001925"
"219","5621","2","5","8","27","36","342","454","573","628","C0001925"
"220","4541","2","3","2","48","170","50","119","444","24","C0001925"
"221","1545","2","3","5","91","175","271","372","443","558","C0001925"
"222","3694","2","5","7","53","51","342","454","573","492","C0001925"
"223","26090","2","3","2","80","81","166","397","361","466","C0001925"
"224","7517","2","3","12","19","31","261","116","1","86","C0001925"
"225","1130","2","5","7","60","54","326","141","359","462","C0001925"
"226","2697","2","3","7","76","153","40","38","54","75","C0001925"
"227","10484","2","3","7","60","153","40","38","54","203","C0001925"
"228","2512","2","3","7","34","52","216","395","544","358","C0001925"
"229","3655","2","5","7","53","51","342","454","573","492","C0001925"
"230","7518","2","3","12","19","31","261","116","1","86","C0001925"
"231","2746","2","3","2","110","62","189","182","509","356","C0001925"
"232","1280","2","5","7","53","51","342","454","573","492","C0001925"
"233","151","2","5","4","68","96","326","427","548","672","C0001925"
"234","2741","2","5","8","27","70","99","162","216","290","C0001925"
"235","8924","2","3","12","41","116","268","434","468","213","C0001925"
"236","652","2","5","7","53","51","342","454","573","492","C0001925"
"237","2811","2","5","7","53","51","1","454","573","78","C0001925"
"238","3783","2","5","8","63","36","166","106","110","158","C0001956"
"239","1278","2","5","7","53","51","342","454","573","492","C0001956"
"240","3756","2","5","8","63","36","166","106","110","158","C0001956"
"241","10","2","3","12","91","214","261","116","1","86","C0001956"
"242","2353","2","3","12","19","31","1","91","489","416","C0001956"
"243","10939","2","3","2","48","170","50","119","444","593","C0001956"
"244","2239","2","3","2","74","51","342","454","573","492","C0001956"
"245","4920","2","5","7","53","14","20","259","560","373","C0001956"
"246","4921","2","5","7","53","14","20","25","573","186","C0001956"
"247","5444","2","3","5","80","147","236","328","411","229","C0001956"
"248","4318","2","5","7","34","52","216","395","573","492","C0001956"
"249","8626","2","3","3","19","221","321","428","541","667","C0001956"
"250","10194","2","5","7","53","221","321","259","423","389","C0001957"
"251","5781","2","5","7","53","14","20","25","40","186","C0001957"
"252","5189","2","3","5","43","161","305","409","208","482","C0002018"
"253","6833","2","5","8","45","36","166","240","415","666","C0002018"
"254","5376","2","5","7","53","51","342","454","573","492","C0002018"
"255","5506","2","3","12","76","137","76","136","82","658","C0002018"
"256","5193","2","3","5","43","161","305","409","208","482","C0002018"
"257","10083","2","5","7","42","36","71","177","223","219","C0002018"
"258","9570","2","3","7","60","153","40","38","66","203","C0002063"
"259","1146","2","5","8","27","70","99","162","216","290","C0002063"
"260","4853","2","3","12","19","124","143","428","236","667","C0002064"
"261","3909","2","5","7","53","51","342","454","573","492","C0002064"
"262","183","2","5","4","68","96","326","427","548","672","C0002064"
"263","999","2","5","7","53","51","342","444","560","373","C0002064"
"264","5551","2","5","7","53","51","119","395","549","674","C0002064"
"265","3557","2","3","12","41","219","339","156","568","697","C0002171"
"266","7001","2","3","5","80","81","110","141","359","229","C0002171"
"267","3329","2","3","2","48","170","50","304","167","593","C0002171"
"268","5290","2","3","7","53","14","20","25","40","186","C0002171"
"269","51684","2","3","12","41","116","268","38","54","75","C0002171"
"270","2110","2","3","2","48","170","50","119","444","556","C0002171"
"271","3576","2","5","4","68","96","326","427","548","672","C0002171"
"272","5781","2","5","7","53","14","20","25","40","186","C0002171"
"273","2313","2","3","12","19","31","276","91","433","118","C0002171"
"274","176","2","5","7","53","51","342","454","573","492","C0002171"
"275","1639","2","3","12","76","153","40","38","54","75","C0002171"
"276","2071","2","3","12","19","31","261","116","159","211","C0002312"
"277","51360","2","3","3","26","35","276","91","433","203","C0002312"
"278","6011","2","5","7","53","14","20","34","540","68","C0002312"
"279","4626","2","5","8","63","45","23","103","464","187","C0002382"
"280","2314","2","3","12","63","45","184","103","572","658","C0002382"
"281","5573","2","3","12","19","184","118","155","287","116","C0002418"
"282","1408","2","3","3","19","151","276","91","433","118","C0002418"
"283","672","2","3","12","19","31","261","116","1","86","C0002418"
"284","5195","2","3","5","43","161","305","409","208","482","C0002418"
"285","22930","2","5","7","60","54","24","30","46","72","C0002418"
"286","3265","2","5","7","60","54","24","30","46","72","C0002418"
"287","5339","2","5","7","53","51","342","454","573","492","C0002418"
"288","23090","2","3","12","19","151","276","91","433","118","C0002418"
"289","3265","2","5","7","60","54","24","30","46","72","C0002418"
"290","6497","2","5","3","19","221","342","259","423","389","C0002418"
"291","2033","2","3","12","19","31","1","91","433","118","C0002418"
"292","2623","2","3","12","19","31","1","155","287","116","C0002418"
"293","1317","2","3","7","25","44","165","101","274","358","C0002418"
"294","2566","2","5","8","27","70","99","162","216","290","C0002418"
"295","2972","2","3","2","19","33","261","116","159","211","C0002418"
"296","5728","2","3","5","80","81","339","156","568","605","C0002418"
"297","9681","2","3","2","48","179","289","133","179","476","C0002418"
"298","7043","2","5","7","53","51","342","454","573","492","C0002418"
"299","6576","2","3","2","45","94","199","240","569","666","C0002418"
"300","5015","2","3","3","19","221","321","428","541","667","C0002448"
"301","54968","2","3","2","48","170","50","119","444","556","C0002448"
"302","7283","2","3","12","76","153","40","38","54","75","C0002452"
"303","2006","2","5","7","53","51","342","454","573","492","C0002452"
"304","84634","2","5","4","68","96","326","427","548","672","C0002452"
"305","10479","2","5","7","27","36","150","341","223","628","C0002452"
"306","3356","2","5","4","68","96","326","427","548","672","C0002452"
"307","6926","2","5","7","53","51","335","259","560","373","C0002452"
"308","4536","2","3","2","48","170","50","119","444","556","C0002452"
"309","23767","2","5","7","53","14","20","25","40","186","C0002452"
"310","3930","2","3","2","22","33","323","66","3","464","C0002452"
"311","8241","2","3","2","22","33","323","66","101","136","C0002452"
"312","3728","2","5","7","34","52","225","142","220","298","C0002452"
"313","10585","2","5","2","27","206","324","430","215","290","C0002452"
"314","1145","2","5","8","27","70","99","162","216","290","C0002452"
"315","5573","2","3","12","19","184","118","155","287","116","C0002452"
"316","8643","2","5","3","68","221","197","259","560","422","C0002453"
"317","1756","2","5","8","63","45","23","103","464","187","C0002453"
"318","6774","2","3","12","53","14","276","25","489","416","C0002453"
"319","4089","2","3","12","19","219","339","259","423","605","C0002453"
"320","8878","2","3","12","41","219","339","156","568","697","C0002453"
"321","1636","2","3","5","80","81","166","397","418","568","C0002453"
"322","10038","2","3","12","19","31","261","116","1","86","C0002514"
"323","836","2","3","12","41","219","339","402","489","697","C0002514"
"324","2262","2","3","2","74","51","342","454","573","492","C0002514"
"325","9241","2","5","7","53","51","342","259","423","389","C0002514"
"326","10397","2","3","2","110","81","148","402","51","383","C0002514"
"327","177","2","5","7","53","51","339","156","568","697","C0002514"
"328","2314","2","3","12","63","45","184","103","572","658","C0002514"
"329","3265","2","5","7","60","54","24","30","46","72","C0002514"
"330","4436","2","3","12","19","31","261","116","1","86","C0002514"
"331","462","2","5","7","53","51","342","454","573","492","C0002514"
"332","4627","2","5","7","63","45","184","103","572","658","C0002514"
"333","1767","2","3","12","76","153","40","38","54","75","C0002514"
"334","2067","2","3","12","19","31","261","116","1","86","C0002514"
"335","25915","2","3","2","48","170","50","119","444","556","C0002622"
"336","23426","2","5","7","42","36","71","177","223","219","C0002622"
"337","5396","2","3","3","19","221","321","428","541","667","C0002622"
"338","3426","2","5","7","53","51","119","395","549","674","C0002622"
"339","3065","2","3","12","19","31","1","426","55","78","C0002622"
"340","5130","2","3","2","85","143","286","51","488","102","C0002622"
"341","5649","2","5","7","53","51","342","444","560","373","C0002622"
"342","1634","2","5","7","53","51","342","454","573","492","C0002622"
"343","5292","2","5","7","53","14","20","34","540","68","C0002622"
"344","4000","2","3","12","26","105","178","226","297","156","C0002622"
"345","3565","2","5","7","53","51","119","25","489","416","C0002622"
"346","23636","2","3","12","22","33","323","66","101","664","C0002622"
"347","9640","2","3","12","19","31","261","116","159","211","C0002622"
"348","6660","2","3","3","19","221","321","428","541","667","C0002622"
"349","1813","2","5","4","68","96","326","427","548","672","C0002622"
"350","8653","2","3","12","110","85","237","136","472","127","C0002622"
"351","4629","2","5","8","63","45","23","103","464","187","C0002622"
"352","3717","2","5","7","53","14","20","25","40","186","C0002726"
"353","2109","2","3","2","48","170","50","119","444","556","C0002726"
"354","9968","2","4","3","24","119","330","214","454","144","C0002726"
"355","3753","2","5","8","63","36","166","341","223","158","C0002726"
"356","3758","2","5","8","63","36","166","106","110","158","C0002726"
"357","351","2","5","4","68","96","326","188","145","193","C0002726"
"358","2717","2","3","7","34","52","216","395","549","674","C0002726"
"359","1906","2","5","4","68","96","326","427","548","672","C0002726"
"360","6648","2","3","2","95","151","160","378","173","229","C0002726"
"361","2289","2","3","12","76","219","339","347","271","356","C0002768"
"362","5354","2","5","7","27","36","150","341","223","628","C0002768"
"363","6391","2","3","2","48","170","50","119","444","556","C0002768"
"364","50964","2","5","3","68","221","197","259","423","422","C0002768"
"365","3604","2","3","12","41","219","339","156","568","697","C0002768"
"366","2068","2","3","12","19","31","261","116","159","211","C0002768"
"367","343035","2","5","4","68","96","326","427","330","304","C0002792"
"368","4683","2","3","12","19","31","261","116","1","86","C0002792"
"369","3949","2","5","7","60","14","184","341","544","669","C0002792"
"370","1187","2","5","8","63","45","23","34","464","187","C0002792"
"371","4843","2","3","5","43","161","305","409","489","416","C0002793"
"372","6663","2","3","3","19","221","321","428","541","667","C0002793"
"373","7248","2","3","2","48","57","110","141","359","462","C0002874"
"374","4540","2","3","2","48","170","50","119","444","556","C0002874"
"375","3630","2","5","7","53","14","20","25","40","186","C0002874"
"376","127534","2","3","12","76","153","40","38","54","75","C0002874"
"377","9343","2","3","2","22","33","323","66","101","136","C0002874"
"378","5172","2","5","8","45","94","199","240","415","666","C0002874"
"379","54101","2","3","2","48","170","50","347","167","593","C0002874"
"380","9049","2","3","3","41","151","276","378","271","356","C0002874"
"381","3284","2","3","2","69","98","169","299","183","243","C0002874"
"382","7490","2","3","3","19","221","321","428","541","667","C0002874"
"383","2571","2","3","2","67","142","71","152","197","219","C0002874"
"384","93986","2","3","12","19","221","321","428","541","667","C0002876"
"385","7508","2","3","12","19","31","261","116","1","664","C0002876"
"386","7468","2","3","12","19","31","1","426","55","78","C0002876"
"387","2495","2","3","7","34","52","216","395","274","358","C0002876"
"388","9841","2","3","6","11","142","225","142","220","298","C0002876"
"389","3578","2","5","7","53","70","99","25","543","290","C0002880"
"390","6390","2","3","2","48","170","50","119","444","556","C0002880"
"391","5979","2","5","7","53","14","20","25","40","186","C0002880"
"392","2815","2","5","7","53","51","342","454","573","492","C0002880"
"393","1828","2","5","7","34","52","216","142","220","298","C0002880"
"394","135656","2","5","4","68","96","326","188","145","193","C0002880"
"395","7040","2","5","7","53","51","342","454","573","492","C0002880"
"396","9791","2","3","8","45","94","199","240","415","666","C0002880"
"397","1292","2","5","7","53","51","342","454","573","492","C0002880"
"398","4000","2","3","12","26","105","178","226","297","156","C0002880"
"399","8314","2","3","12","41","31","1","426","55","78","C0002880"
"400","8085","2","3","12","19","31","1","426","55","78","C0002880"
"401","4724","2","3","2","48","170","50","119","444","556","C0002880"
"402","58508","2","3","12","19","31","1","426","55","78","C0002880"
"403","4882","2","3","4","68","96","326","427","548","672","C0002880"
"404","51741","2","3","2","22","33","323","66","101","127","C0002881"
"405","4089","2","3","12","19","219","339","259","423","605","C0002881"
"406","7486","2","3","12","19","31","261","116","1","86","C0002881"
"407","5444","2","3","5","80","147","236","328","411","229","C0002882"
"408","22796","2","5","7","60","153","40","38","66","203","C0002882"
"409","10060","2","3","8","41","45","23","423","464","445","C0002882"
"410","5828","2","3","5","43","161","305","409","208","482","C0002884"
"411","3954","2","3","2","48","170","67","119","444","593","C0002884"
"412","23247","2","3","12","76","153","71","34","540","68","C0002886"
"413","50846","2","3","3","68","221","197","259","560","422","C0002886"
"414","2132","2","3","2","74","58","112","148","193","263","C0002886"
"415","25970","2","5","7","53","14","20","25","40","116","C0002886"
"416","7469","2","3","12","19","31","261","116","159","211","C0002886"
"417","26191","2","5","7","53","14","20","25","40","186","C0002886"
"418","5443","2","5","4","68","96","326","427","548","672","C0002886"
"419","6391","2","3","2","48","170","50","119","444","556","C0002886"
"420","7140","2","5","8","63","45","23","103","464","187","C0002886"
"421","8241","2","3","2","22","33","323","66","101","136","C0002886"
"422","6496","2","3","3","19","221","321","428","541","667","C0002886"
"423","1917","2","3","12","41","219","339","347","572","658","C0002886"
"424","23363","2","3","12","41","116","268","434","468","213","C0002886"
"425","545","2","3","12","19","31","261","116","1","86","C0002886"
"426","1349","2","3","2","48","170","110","141","359","462","C0002886"
"427","1103","2","3","2","67","92","293","55","75","311","C0002886"
"428","2068","2","3","12","19","31","261","116","159","211","C0002886"
"429","58","2","5","8","63","45","23","103","464","187","C0002888"
"430","2266","2","5","7","53","51","342","454","573","492","C0002888"
"431","5831","2","3","2","101","62","189","182","566","409","C0002888"
"432","10564","2","5","7","60","54","24","30","46","72","C0002888"
"433","29925","2","3","2","68","66","123","158","207","278","C0002888"
"434","673","2","5","7","53","14","20","34","540","68","C0002888"
"435","581","2","3","12","41","219","339","402","489","551","C0002888"
"436","950","2","5","7","60","14","184","341","544","669","C0002888"
"437","6323","2","5","8","63","36","166","341","390","158","C0002888"
"438","7353","2","3","12","41","219","339","156","568","605","C0002888"
"439","2038","2","5","7","11","142","225","142","220","116","C0002888"
"440","6335","2","5","8","63","36","166","341","390","158","C0002888"
"441","3115","2","5","7","53","184","119","156","287","116","C0002888"
"442","2120","2","3","12","19","31","193","306","148","624","C0002888"
"443","54658","2","3","2","78","205","207","67","355","138","C0002888"
"444","1200","2","3","5","80","81","178","226","297","380","C0002888"
"445","7171","2","5","8","63","45","23","103","464","187","C0002893"
"446","5308","2","3","3","19","221","321","428","541","667","C0002893"
"447","5894","2","5","7","60","54","23","34","464","187","C0002893"
"448","4088","2","3","12","19","219","339","259","423","605","C0002893"
"449","716","2","5","7","53","51","119","395","549","674","C0002893"
"450","1230","2","5","4","68","96","326","427","548","672","C0002893"
"451","2239","2","3","2","74","51","342","454","573","492","C0002895"
"452","1848","2","3","5","42","81","296","399","201","274","C0002895"
"453","10195","2","3","2","48","69","99","162","216","290","C0002895"
"454","10195","2","3","2","48","69","99","162","216","290","C0002895"
"455","26154","2","3","5","47","144","185","238","310","392","C0002895"
"456","22931","2","5","7","34","54","24","30","46","72","C0002895"
"457","2260","2","5","7","53","14","20","25","40","186","C0002895"
"458","1717","2","3","2","19","151","276","48","69","204","C0002895"
"459","1639","2","3","12","76","153","40","38","54","75","C0002896"
"460","7291","2","3","12","19","151","276","91","489","416","C0002896"
"461","7015","2","3","12","19","31","1","426","55","78","C0002896"
"462","2922","2","5","4","68","96","326","427","548","672","C0002896"
"463","64072","2","5","7","53","51","335","444","560","373","C0002896"
"464","23418","2","5","7","53","36","71","177","560","373","C0002896"
"465","4487","2","3","3","19","221","321","428","541","667","C0002896"
"466","843","2","3","12","41","219","339","156","568","697","C0002896"
"467","23363","2","3","12","41","116","268","434","468","213","C0002896"
"468","4615","2","3","12","41","219","339","156","568","697","C0002896"
"469","1954","2","5","7","53","51","342","454","573","492","C0002896"
"470","50484","2","3","5","80","109","182","235","307","506","C0002896"
"471","9518","2","5","7","53","51","342","259","423","389","C0002902"
"472","4000","2","3","12","26","105","178","226","297","156","C0002902"
"473","5111","2","3","12","19","31","261","116","1","86","C0002902"
"474","629","2","5","7","53","51","119","395","549","674","C0002902"
"475","6239","2","3","12","19","119","330","214","454","144","C0002902"
"476","28952","2","3","12","41","116","268","434","468","213","C0002902"
"477","8878","2","3","12","41","219","339","156","568","697","C0002902"
"478","9742","2","3","12","76","153","40","38","54","75","C0002938"
"479","6390","2","3","2","48","170","50","119","444","556","C0002938"
"480","34","2","3","2","19","151","276","91","433","118","C0002938"
"481","6687","2","3","2","48","170","50","119","444","593","C0002938"
"482","7518","2","3","12","19","31","261","116","1","86","C0002940"
"483","324","2","3","12","41","219","197","70","255","422","C0002940"
"484","1594","2","3","5","92","163","96","363","460","487","C0002940"
"485","1026","2","3","12","19","31","1","116","489","416","C0002940"
"486","6609","2","3","5","105","155","250","291","152","420","C0002940"
"487","9031","2","3","12","19","31","1","426","55","78","C0002940"
"488","27086","2","3","12","19","221","321","428","541","667","C0002940"
"489","3717","2","5","7","53","14","20","25","40","186","C0002949"
"490","50485","2","3","12","19","31","261","116","1","86","C0002949"
"491","9440","2","4","3","24","119","330","214","454","144","C0002949"
"492","7390","2","3","5","80","81","166","132","175","473","C0002949"
"493","351","2","5","4","68","96","326","188","145","193","C0002949"
"494","6532","2","5","8","45","94","199","240","415","666","C0002949"
"495","2261","2","5","7","53","14","20","25","40","186","C0002949"
"496","6103","2","3","12","76","153","40","38","54","75","C0002949"
"497","6326","2","5","8","63","36","166","341","390","158","C0002962"
"498","1146","2","5","8","27","70","99","162","216","290","C0002962"
"499","5354","2","5","7","27","36","150","341","223","628","C0002962"
"500","10484","2","3","7","60","153","40","38","54","203","C0002962"
"501","9509","2","5","7","53","51","342","454","573","492","C0002962"
"502","3350","2","5","4","68","96","326","427","548","672","C0002962"
"503","3123","2","5","7","53","51","119","156","287","116","C0002962"
"504","64375","2","3","3","19","119","330","214","454","144","C0002962"
"505","8425","2","5","7","53","51","342","454","573","492","C0002962"
"506","2254","2","5","7","53","14","20","25","40","186","C0002962"
"507","51741","2","3","2","22","33","323","66","101","127","C0002962"
"508","1073","2","3","8","63","45","184","103","572","658","C0002962"
"509","275","2","3","5","106","104","214","70","377","488","C0002962"
"510","2776","2","5","4","68","96","326","427","548","672","C0002962"
"511","2200","2","5","7","53","51","342","454","573","492","C0002965"
"512","1280","2","5","7","53","51","342","454","573","492","C0002965"
"513","3565","2","5","7","53","51","119","25","489","416","C0002965"
"514","4684","2","5","7","53","51","335","444","560","373","C0002982"
"515","4137","2","3","7","27","36","150","341","223","628","C0002982"
"516","27130","2","3","12","48","45","143","38","236","69","C0002982"
"517","51626","2","3","12","76","153","40","38","54","75","C0002982"
"518","29851","2","5","7","53","14","20","25","40","186","C0002982"
"519","4547","2","5","7","53","51","342","454","573","492","C0002982"
"520","51715","2","5","7","60","54","24","30","46","72","C0002982"
"521","6239","2","3","12","19","119","330","214","454","144","C0002985"
"522","2720","2","3","7","34","52","216","395","21","599","C0002985"
"523","6323","2","5","8","63","36","166","341","390","158","C0002985"
"524","4256","2","5","7","53","51","342","454","573","492","C0002985"
"525","3458","2","5","7","53","184","119","156","287","116","C0002986"
"526","121278","2","3","5","80","81","166","307","258","345","C0002986"
"527","429","2","3","3","19","221","321","428","541","667","C0002986"
"528","7124","2","3","12","41","219","339","156","568","697","C0002986"
"529","269","2","5","7","53","14","20","259","423","389","C0002994"
"530","8443","2","3","5","43","161","305","409","208","482","C0002994"
"531","5566","2","3","12","76","14","20","34","540","75","C0002994"
"532","9968","2","4","3","24","119","330","214","454","144","C0002994"
"533","8942","2","3","5","52","212","183","307","391","507","C0002994"
"534","2260","2","5","7","53","14","20","25","40","186","C0002994"
"535","7058","2","5","7","53","51","342","454","573","492","C0002994"
"536","6535","2","5","8","45","94","199","240","415","666","C0002994"
"537","1832","2","5","7","34","52","225","142","220","298","C0002994"
"538","3106","2","5","7","34","52","119","395","549","674","C0002994"
"539","7486","2","3","12","19","31","261","116","1","86","C0003028"
"540","9569","2","3","12","19","31","276","91","433","118","C0003028"
"541","23516","2","3","5","27","81","99","162","216","290","C0003028"
"542","7428","2","3","12","41","116","268","434","468","213","C0003028"
"543","367","2","3","12","19","31","276","91","433","118","C0003028"
"544","8820","2","3","3","19","221","321","428","541","667","C0003028"
"545","6812","2","5","7","27","36","150","341","223","628","C0003028"
"546","60","2","3","12","60","45","184","155","287","78","C0003028"
"547","2697","2","3","7","76","153","40","38","54","75","C0003028"
"548","4221","2","3","12","19","31","342","454","573","492","C0003028"
"549","3514","2","5","7","53","51","119","395","549","674","C0003028"
"550","355","2","3","7","41","219","339","156","568","697","C0003028"
"551","1586","2","3","5","79","98","256","335","425","540","C0003028"
"552","115019","2","5","8","35","41","199","40","415","666","C0003028"
"553","3000","2","5","4","68","96","326","427","548","672","C0003076"
"554","26278","2","3","12","41","116","268","347","271","356","C0003076"
"555","81501","2","3","12","26","35","276","91","433","156","C0003076"
"556","2261","2","5","7","53","14","20","25","40","186","C0003076"
"557","1591","2","3","5","92","163","262","136","460","566","C0003076"
"558","1293","2","5","7","53","51","342","454","573","492","C0003076"
"559","5447","2","3","5","91","214","271","372","471","586","C0003076"
"560","26229","2","3","2","74","205","191","396","408","257","C0003076"
"561","80776","2","3","12","76","153","40","38","54","75","C0003079"
"562","549","2","3","5","80","81","166","114","155","202","C0003079"
"563","688","2","3","3","19","151","276","91","433","118","C0003119"
"564","5468","2","3","3","19","151","276","91","433","118","C0003119"
"565","55651","2","3","2","110","85","237","433","547","671","C0003119"
"566","3350","2","5","4","68","96","326","427","548","672","C0003119"
"567","23426","2","5","7","42","36","71","177","223","219","C0003119"
"568","1352","2","3","2","48","170","50","119","444","556","C0003119"
"569","22930","2","5","7","60","54","24","30","46","72","C0003119"
"570","27077","2","3","12","76","153","40","38","54","75","C0003119"
"571","1293","2","5","7","53","51","342","454","573","492","C0003119"
"572","7287","2","5","7","11","142","71","341","560","219","C0003119"
"573","9536","2","3","5","91","175","119","167","224","301","C0003119"
"574","3664","2","5","7","53","184","119","156","287","116","C0003119"
"575","9742","2","3","12","76","153","40","38","54","75","C0003119"
"576","6792","2","5","7","53","14","20","34","540","68","C0003125"
"577","6331","2","5","8","63","36","166","341","223","158","C0003125"
"578","1890","2","3","5","80","81","296","62","94","150","C0003126"
"579","3586","2","5","7","53","51","119","25","489","416","C0003126"
"580","1029","2","3","12","19","31","1","116","1","664","C0003126"
"581","4088","2","3","12","19","219","339","259","423","605","C0003126"
"582","4602","2","3","12","19","31","1","155","287","116","C0003126"
"583","7461","2","3","7","60","153","40","38","93","75","C0003126"
"584","10564","2","5","7","60","54","24","30","46","72","C0003126"
"585","55325","2","5","7","34","181","23","119","544","187","C0003126"
"586","3239","2","3","3","19","221","321","428","541","667","C0003126"
"587","2239","2","3","2","74","51","342","454","573","492","C0003126"
"588","3119","2","5","7","53","153","119","156","287","116","C0003126"
"589","7048","2","5","7","53","51","342","259","423","389","C0003126"
"590","1513","2","5","7","53","51","342","454","573","492","C0003126"
"591","8504","2","3","5","47","144","185","238","310","392","C0003126"
"592","5889","2","3","12","19","31","261","116","1","86","C0003126"
"593","2592","2","3","2","68","117","196","257","326","419","C0003126"
"594","2821","2","5","7","34","52","216","395","549","577","C0003126"
"595","23418","2","5","7","53","36","71","177","560","373","C0003126"
"596","6662","2","3","3","19","221","321","428","541","667","C0003126"
"597","4313","2","5","7","53","51","342","454","573","492","C0003126"
"598","3662","2","5","7","53","184","119","156","287","116","C0003126"
"599","9533","2","3","2","19","31","1","426","55","78","C0003126"
"600","116442","2","5","7","60","54","24","30","46","72","C0003165"
"601","478","2","3","8","63","45","23","366","464","187","C0003165"
"602","286","2","5","7","60","153","40","38","54","203","C0003165"
"603","6295","2","3","4","68","45","272","427","518","621","C0003165"
"604","10293","2","3","12","41","116","268","434","468","213","C0003460"
"605","5906","2","5","7","34","52","216","30","46","72","C0003460"
"606","440","2","3","2","101","62","189","182","509","154","C0003460"
"607","1641","2","5","7","60","221","321","428","560","373","C0003460"
"608","3339","2","5","7","53","51","342","454","573","492","C0003460"
"609","9897","2","3","12","76","18","75","38","1","212","C0003460"
"610","1415","2","3","6","63","45","160","362","177","673","C0003486"
"611","10235","2","3","12","41","116","268","434","568","158","C0003486"
"612","190","2","3","3","19","151","276","91","433","118","C0003486"
"613","5925","2","3","12","19","31","1","426","55","78","C0003486"
"614","6309","2","3","5","19","151","76","48","69","204","C0003486"
"615","26160","2","3","12","76","153","40","38","54","75","C0003486"
"616","4313","2","5","7","53","51","342","454","573","492","C0003486"
"617","59272","2","3","5","80","94","199","240","415","666","C0003486"
"618","8626","2","3","3","19","221","321","428","541","667","C0003486"
"619","6535","2","5","8","45","94","199","240","415","666","C0003486"
"620","2304","2","3","12","19","221","321","428","541","667","C0003492"
"621","5604","2","5","7","53","14","20","34","540","68","C0003492"
"622","54902","2","3","2","48","182","50","119","444","556","C0003492"
"623","29123","2","3","12","19","151","276","91","433","118","C0003492"
"624","617","2","3","2","48","170","50","304","167","593","C0003492"
"625","5176","2","5","7","53","51","342","454","573","492","C0003492"
"626","5077","2","3","3","19","221","321","428","541","667","C0003492"
"627","2697","2","3","7","76","153","40","38","54","75","C0003492"
"628","5982","2","3","12","19","31","261","116","1","86","C0003492"
"629","4292","2","3","12","19","31","261","116","1","86","C0003492"
"630","2263","2","5","7","53","14","20","25","40","186","C0003492"
"631","846","2","5","4","68","96","326","427","548","672","C0003492"
"632","2896","2","5","7","34","52","216","395","549","674","C0003492"
"633","51259","2","3","2","76","153","40","38","54","75","C0003492"
"634","4514","2","3","2","48","57","110","141","359","5","C0003492"
"635","4613","2","3","12","19","31","1","426","55","78","C0003492"
"636","4313","2","5","7","53","51","342","454","573","492","C0003492"
"637","6515","2","5","7","34","52","216","395","549","674","C0003492"
"638","22999","2","5","7","60","36","71","341","223","219","C0003492"
"639","213","2","5","7","53","51","342","454","573","492","C0003492"
"640","274","2","5","7","60","14","184","341","544","669","C0003492"
"641","5339","2","5","7","53","51","342","454","573","492","C0003492"
"642","10300","2","3","12","76","153","40","38","54","75","C0003492"
"643","7297","2","5","7","53","184","119","25","40","186","C0003492"
"644","275","2","3","5","106","104","214","70","377","488","C0003492"
"645","7780","2","5","4","68","96","326","141","359","586","C0003492"
"646","2290","2","3","3","19","221","321","428","541","667","C0003492"
"647","22995","2","3","12","76","153","40","38","54","75","C0003492"
"648","9401","2","3","12","76","31","261","116","1","86","C0003492"
"649","8892","2","3","2","110","85","237","433","547","671","C0003492"
"650","6786","2","5","8","63","45","23","103","464","187","C0003493"
"651","2596","2","5","7","27","36","150","341","223","628","C0003493"
"652","6049","2","3","12","41","116","268","434","468","213","C0003493"
"653","207","2","3","7","53","14","20","34","489","416","C0003493"
"654","3339","2","5","7","53","51","342","454","573","492","C0003493"
"655","55704","2","3","12","76","153","40","38","54","75","C0003493"
"656","3321","2","5","7","53","51","119","395","549","674","C0003496"
"657","23411","2","3","12","19","31","1","91","433","118","C0003496"
"658","3265","2","5","7","60","54","24","30","46","72","C0003496"
"659","5080","2","3","3","19","221","321","428","541","667","C0003496"
"660","805","2","5","8","53","45","20","34","464","187","C0003496"
"661","5932","2","3","12","19","31","261","116","1","86","C0003499"
"662","1896","2","5","12","41","219","339","156","568","697","C0003499"
"663","6648","2","3","2","95","151","160","378","173","229","C0003499"
"664","55651","2","3","2","110","85","237","433","547","671","C0003499"
"665","55364","2","3","12","76","36","150","177","251","117","C0003499"
"666","23636","2","3","12","22","33","323","66","101","664","C0003499"
"667","50940","2","3","4","68","96","326","427","548","672","C0003499"
"668","5021","2","5","4","68","96","326","427","548","672","C0003499"
"669","4534","2","3","5","80","81","296","399","362","468","C0003499"
"670","6927","2","3","3","19","221","321","428","541","667","C0003504"
"671","2121","2","3","12","41","116","268","434","568","605","C0003504"
"672","2006","2","5","7","53","51","342","454","573","492","C0003504"
"673","25836","2","3","12","76","153","40","38","54","75","C0003504"
"674","54101","2","3","2","48","170","50","347","167","593","C0003504"
"675","4921","2","5","7","53","14","20","25","573","186","C0003504"
"676","8878","2","3","12","41","219","339","156","568","697","C0003504"
"677","1646","2","3","2","46","136","227","168","225","490","C0003504"
"678","1593","2","3","5","79","152","273","157","333","277","C0003504"
"679","8242","2","3","12","19","31","1","426","55","78","C0003504"
"680","4487","2","3","3","19","221","321","428","541","667","C0003504"
"681","2903","2","5","7","53","14","20","25","223","219","C0003504"
"682","4514","2","3","2","48","57","110","141","359","5","C0003504"
"683","10479","2","5","7","27","36","150","341","223","628","C0003504"
"684","242","2","3","5","11","142","223","142","220","298","C0003504"
"685","1292","2","5","7","53","51","342","454","573","492","C0003504"
"686","9232","2","3","12","76","153","40","38","54","75","C0003504"
"687","6309","2","3","5","19","151","76","48","69","204","C0003504"
"688","9935","2","3","12","19","31","1","426","55","78","C0003504"
"689","54820","2","3","12","76","153","40","38","54","75","C0003504"
"690","4502","2","5","7","53","184","119","156","287","116","C0003504"
"691","2690","2","5","7","53","14","20","25","40","186","C0003504"
"692","10342","2","3","7","60","219","40","202","66","203","C0003504"
"693","2239","2","3","2","74","51","342","454","573","492","C0003504"
"694","29920","2","3","2","101","62","189","182","497","617","C0003504"
"695","25836","2","3","12","76","153","40","38","54","75","C0003504"
"696","9640","2","3","12","19","31","261","116","159","211","C0003504"
"697","9722","2","5","7","60","36","71","341","223","219","C0003504"
"698","4509","2","3","2","48","170","50","119","444","556","C0003504"
"699","3026","2","5","7","68","51","119","395","549","674","C0003504"
"700","3043","2","5","7","34","52","216","395","549","116","C0003507"
"701","3766","2","5","8","63","36","166","106","110","158","C0003507"
"702","55534","2","3","12","19","31","143","428","236","667","C0003507"
"703","3265","2","5","7","60","54","24","30","46","72","C0003507"
"704","1311","2","5","7","53","51","342","454","573","492","C0003507"
"705","55005","2","3","2","68","96","326","427","429","544","C0003507"
"706","4322","2","5","7","53","51","342","454","573","492","C0003507"
"707","26277","2","3","12","19","31","1","426","1","78","C0003507"
"708","4336","2","5","7","27","36","150","341","223","628","C0003507"
"709","6532","2","5","8","45","94","199","240","415","666","C0003507"
"710","4137","2","3","7","27","36","150","341","223","628","C0003507"
"711","847","2","3","7","34","52","216","395","549","674","C0003507"
"712","54332","2","3","2","60","170","40","98","66","203","C0003507"
"713","5091","2","3","2","35","40","130","166","57","435","C0003507"
"714","2879","2","3","5","80","81","166","378","173","229","C0003507"
"715","4338","2","3","2","110","85","75","204","267","352","C0003507"
"716","5244","2","3","3","41","151","276","91","433","118","C0003507"
"717","7507","2","3","12","19","31","261","116","1","86","C0003507"
"718","2778","2","5","4","68","96","326","427","548","672","C0003507"
"719","9076","2","5","6","42","36","71","177","64","219","C0003507"
"720","26137","2","5","7","63","45","184","103","572","658","C0003537"
"721","1280","2","5","7","53","51","342","454","573","492","C0003537"
"722","2697","2","3","7","76","153","40","38","54","75","C0003537"
"723","5092","2","3","5","80","81","166","236","308","390","C0003537"
"724","1142","2","5","8","27","70","99","162","216","290","C0003537"
"725","805","2","5","8","53","45","20","34","464","187","C0003537"
"726","6948","2","5","7","48","51","105","139","186","245","C0003537"
"727","3892","2","1","6","11","142","225","142","220","298","C0003537"
"728","5048","2","3","12","76","153","40","38","54","75","C0003537"
"729","1588","2","3","5","79","159","256","350","27","44","C0003564"
"730","2932","2","3","12","19","14","197","34","540","68","C0003564"
"731","2260","2","5","7","53","14","20","25","40","186","C0003564"
"732","4998","2","3","12","76","31","261","116","1","86","C0003615"
"733","1081","2","5","4","68","96","326","427","548","672","C0003615"
"734","27249","2","3","2","48","182","50","119","186","245","C0003635"
"735","114902","2","5","7","41","219","339","156","568","697","C0003635"
"736","9131","2","3","12","41","219","339","347","271","356","C0003635"
"737","1301","2","5","7","53","51","342","454","573","492","C0003635"
"738","2354","2","3","12","19","31","1","426","55","78","C0003635"
"739","6591","2","3","12","19","31","1","426","55","78","C0003635"
"740","5429","2","3","12","19","31","261","116","1","86","C0003635"
"741","3930","2","3","2","22","33","323","66","3","464","C0003635"
"742","7518","2","3","12","19","31","261","116","1","86","C0003635"
"743","4645","2","3","4","67","92","293","55","75","311","C0003635"
"744","5771","2","5","7","53","14","296","25","40","186","C0003635"
"745","1815","2","5","4","68","96","326","427","548","672","C0003635"
"746","6575","2","3","8","45","94","199","240","415","666","C0003635"
"747","9533","2","3","2","19","31","1","426","55","78","C0003635"
"748","1490","2","5","7","53","51","342","454","573","492","C0003635"
"749","1629","2","3","2","67","92","293","55","75","311","C0003635"
"750","2200","2","5","7","53","51","342","454","573","492","C0003635"
"751","4193","2","3","12","19","31","1","116","89","605","C0003635"
"752","9820","2","3","12","41","116","268","434","468","213","C0003635"
"753","1140","2","5","8","27","70","99","162","216","290","C0003635"
"754","25885","2","3","12","19","31","1","426","55","78","C0003635"
"755","29851","2","5","7","53","14","20","25","40","186","C0003635"
"756","2730","2","3","2","83","171","97","381","478","597","C0003635"
"757","23193","2","3","2","41","116","178","423","536","342","C0003635"
"758","6390","2","3","2","48","170","50","119","444","556","C0003635"
"759","3082","2","5","7","53","51","342","25","40","186","C0003635"
"760","5468","2","3","3","19","151","276","91","433","118","C0003635"
"761","26258","2","5","7","60","18","184","341","544","669","C0003742"
"762","3257","2","5","7","60","54","24","30","46","72","C0003742"
"763","11277","2","3","12","19","31","261","116","1","86","C0003742"
"764","9791","2","3","8","45","94","199","240","415","666","C0003742"
"765","5993","2","3","12","19","31","1","426","55","78","C0003742"
"766","7046","2","3","12","41","219","339","259","423","605","C0003803"
"767","5994","2","3","12","19","31","276","91","491","118","C0003803"
"768","9581","2","3","5","27","36","150","76","223","628","C0003803"
"769","4891","2","3","2","25","44","165","101","274","358","C0003803"
"770","1027","2","3","12","19","31","1","116","1","86","C0003803"
"771","30061","2","3","5","25","44","165","101","274","358","C0003803"
"772","4591","2","3","12","41","116","268","434","468","213","C0003803"
"773","5189","2","3","5","43","161","305","409","208","482","C0003803"
"774","51259","2","3","2","76","153","40","38","54","75","C0003803"
"775","6663","2","3","3","19","221","321","428","541","667","C0003803"
"776","6997","2","5","3","53","221","321","259","423","389","C0003803"
"777","2592","2","3","2","68","117","196","257","326","419","C0003838"
"778","11322","2","5","7","34","52","216","395","549","674","C0003838"
"779","1577","2","3","5","91","214","226","400","204","264","C0003838"
"780","5422","2","3","12","19","31","261","116","1","86","C0003850"
"781","3852","2","1","6","11","142","225","142","220","298","C0003850"
"782","5015","2","3","3","19","221","321","428","541","667","C0003850"
"783","10265","2","3","3","19","221","321","428","541","667","C0003850"
"784","2243","2","5","7","53","51","342","454","573","492","C0003850"
"785","4914","2","3","2","22","18","266","202","252","252","C0003850"
"786","54880","2","3","12","19","31","1","426","55","78","C0003850"
"787","5015","2","3","3","19","221","321","428","541","667","C0003850"
"788","778","2","5","8","63","36","166","341","223","158","C0003850"
"789","6491","2","3","12","76","153","40","38","54","75","C0003850"
"790","668","2","3","12","19","221","321","428","541","664","C0003850"
"791","27232","2","3","2","19","31","105","106","14","7","C0003857"
"792","29954","2","5","2","27","206","324","430","215","290","C0003857"
"793","5265","2","5","7","34","52","216","395","573","702","C0003857"
"794","93","2","5","7","53","14","20","259","423","389","C0003857"
"795","3815","2","5","7","53","14","20","25","40","186","C0003857"
"796","7476","2","5","3","68","221","197","259","560","422","C0003857"
"797","2022","2","5","7","53","51","342","259","423","389","C0003857"
"798","477","2","3","8","63","45","23","103","464","187","C0003857"
"799","6513","2","5","7","90","216","337","448","565","562","C0003860"
"800","1161","2","3","12","41","116","268","434","468","213","C0003860"
"801","26191","2","5","7","53","14","20","25","40","186","C0003860"
"802","3860","2","1","6","11","142","225","142","220","298","C0003868"
"803","2563","2","5","8","27","70","99","162","216","290","C0003868"
"804","3075","2","5","7","53","51","119","395","549","674","C0003868"
"805","4915","2","5","7","53","14","20","25","40","186","C0003868"
"806","7531","2","3","2","48","170","110","329","251","533","C0003868"
"807","6390","2","3","2","48","170","50","119","444","556","C0003868"
"808","3033","2","3","2","67","80","145","179","239","618","C0003868"
"809","1855","2","5","12","76","153","197","259","560","422","C0003868"
"810","5885","2","3","12","76","153","40","38","54","75","C0003868"
"811","3630","2","5","7","53","14","20","25","40","186","C0003869"
"812","1146","2","5","8","27","70","99","162","216","290","C0003869"
"813","1131","2","5","4","68","96","326","427","548","672","C0003869"
"814","7042","2","5","7","53","51","342","454","573","492","C0003872"
"815","5830","2","3","5","43","161","305","409","208","482","C0003872"
"816","5880","2","5","7","60","54","24","30","46","72","C0003872"
"817","4852","2","5","4","68","96","326","427","548","672","C0003872"
"818","8626","2","3","3","19","221","321","428","541","667","C0003872"
"819","5617","2","5","12","19","31","1","426","55","78","C0003872"
"820","217","2","3","5","75","120","200","75","230","309","C0003872"
"821","3759","2","5","8","63","36","166","106","110","158","C0003872"
"822","6622","2","3","7","27","36","150","341","223","628","C0003872"
"823","54888","2","3","2","110","85","152","129","252","154","C0003872"
"824","54209","2","5","7","53","51","119","395","549","674","C0003872"
"825","213","2","5","7","53","51","342","454","573","492","C0003872"
"826","10913","2","3","12","41","219","339","156","568","697","C0003872"
"827","949","2","5","5","45","94","199","240","415","666","C0003872"
"828","23729","2","3","2","90","167","148","36","51","383","C0003892"
"829","4125","2","3","7","34","52","216","395","549","674","C0003892"
"830","867","2","5","7","53","14","184","25","40","669","C0003949"
"831","805","2","5","8","53","45","20","34","464","187","C0003949"
"832","6103","2","3","12","76","153","40","38","54","75","C0003949"
"833","84433","2","3","12","41","219","339","156","568","697","C0003949"
"834","2200","2","5","7","53","51","342","454","573","492","C0003949"
"835","2260","2","5","7","53","14","20","25","40","186","C0003949"
"836","2896","2","5","7","34","52","216","395","549","674","C0003949"
"837","2657","2","5","7","53","51","342","259","423","389","C0003949"
"838","4729","2","3","2","48","170","50","119","444","556","C0003949"
"839","26012","2","3","12","19","31","261","116","159","211","C0003949"
"840","51082","2","3","2","19","31","1","426","55","78","C0003949"
"841","4615","2","3","12","41","219","339","156","568","697","C0003949"
"842","1738","2","3","2","67","92","293","55","75","311","C0003962"
"843","58508","2","3","12","19","31","1","426","55","78","C0003962"
"844","7525","2","5","7","53","14","20","25","40","186","C0003962"
"845","51360","2","3","3","26","35","276","91","433","203","C0003962"
"846","22891","2","3","12","76","153","40","341","54","75","C0003962"
"847","7468","2","3","12","19","31","1","426","55","78","C0003962"
"848","5828","2","3","5","43","161","305","409","208","482","C0003962"
"849","4535","2","3","2","48","170","50","119","444","556","C0003962"
"850","2879","2","3","5","80","81","166","378","173","229","C0003962"
"851","3930","2","3","2","22","33","323","66","3","464","C0003962"
"852","8600","2","5","7","41","219","339","156","568","697","C0003962"
"853","2110","2","3","2","48","170","50","119","444","556","C0003962"
"854","10293","2","3","12","41","116","268","434","468","213","C0003962"
"855","3149","2","3","2","48","57","110","378","370","664","C0003962"
"856","3918","2","5","7","53","51","342","454","573","492","C0003962"
"857","51741","2","3","2","22","33","323","66","101","127","C0003962"
"858","6709","2","5","7","34","52","216","395","572","158","C0003962"
"859","1513","2","5","7","53","51","342","454","573","492","C0003962"
"860","5922","2","5","7","60","54","24","30","46","72","C0003962"
"861","55343","2","3","4","68","69","306","410","520","639","C0003962"
"862","1027","2","3","12","19","31","1","116","1","86","C0003962"
"863","3981","2","3","12","19","31","261","116","1","86","C0004045"
"864","667","2","5","7","53","51","342","454","573","492","C0004045"
"865","1286","2","5","7","53","51","342","454","573","492","C0004045"
"866","9469","2","3","2","103","189","303","29","475","467","C0004045"
"867","3560","2","5","7","53","14","20","25","40","186","C0004045"
"868","1591","2","3","5","92","163","262","136","460","566","C0004045"
"869","5194","2","3","5","43","161","305","409","208","482","C0004045"
"870","6638","2","3","2","22","33","323","66","101","136","C0004106"
"871","6785","2","3","5","67","7","5","239","311","393","C0004106"
"872","23435","2","3","2","22","33","323","66","101","136","C0004106"
"873","4593","2","5","7","53","14","20","454","573","492","C0004106"
"874","9049","2","3","3","41","151","276","378","271","356","C0004106"
"875","7473","2","5","3","68","221","197","259","560","422","C0004106"
"876","7169","2","5","8","63","45","23","103","464","187","C0004106"
"877","4763","2","5","7","60","54","24","30","46","214","C0004106"
"878","6648","2","3","2","95","151","160","378","173","229","C0004106"
"879","1376","2","3","2","19","151","276","91","433","118","C0004106"
"880","54968","2","3","2","48","170","50","119","444","556","C0004106"
"881","5580","2","5","7","34","52","216","395","287","116","C0004106"
"882","1030","2","3","12","19","31","1","426","55","78","C0004106"
"883","3663","2","3","12","53","184","119","156","287","116","C0004106"
"884","1910","2","5","4","68","96","326","427","548","672","C0004106"
"885","2138","2","3","12","19","31","1","426","55","78","C0004106"
"886","5743","2","3","5","53","175","119","167","489","416","C0004106"
"887","4853","2","3","12","19","124","143","428","236","667","C0004106"
"888","55193","2","3","12","19","31","1","426","55","78","C0004106"
"889","4615","2","3","12","41","219","339","156","568","697","C0004106"
"890","9896","2","3","5","80","81","296","399","201","274","C0004106"
"891","6863","2","5","4","68","96","326","427","548","672","C0004114"
"892","5445","2","3","5","80","147","236","328","411","229","C0004114"
"893","4613","2","3","12","19","31","1","426","55","78","C0004114"
"894","57211","2","5","7","41","52","216","444","544","669","C0004114"
"895","6329","2","5","8","63","36","166","341","390","158","C0004114"
"896","3069","2","3","2","110","85","237","433","547","671","C0004114"
"897","54888","2","3","2","110","85","152","129","252","154","C0004114"
"898","2273","2","5","8","63","45","23","103","464","187","C0004114"
"899","55130","2","3","12","76","153","76","38","54","75","C0004114"
"900","6392","2","3","2","48","170","50","119","444","556","C0004114"
"901","3690","2","5","7","53","51","342","454","573","492","C0004114"
"902","2556","2","5","8","27","70","99","162","216","290","C0004114"
"903","1586","2","3","5","79","98","256","335","425","540","C0004114"
"904","1717","2","3","2","19","151","276","48","69","204","C0004114"
"905","5728","2","3","5","80","81","339","156","568","605","C0004114"
"906","1292","2","5","7","53","51","342","454","573","492","C0004114"
"907","2034","2","3","12","41","116","268","434","468","213","C0004114"
"908","7439","2","5","8","63","45","23","34","464","187","C0004114"
"909","1029","2","3","12","19","31","1","116","1","664","C0004114"
"910","54941","2","3","12","41","116","268","434","468","213","C0004114"
"911","582","2","3","12","76","153","76","38","54","75","C0004114"
"912","5961","2","5","7","27","51","326","126","414","702","C0004114"
"913","2626","2","3","12","19","31","118","155","287","116","C0004114"
"914","55599","2","3","2","22","33","323","66","101","136","C0004114"
"915","1813","2","5","4","68","96","326","427","548","672","C0004114"
"916","1859","2","3","7","53","14","20","34","540","68","C0004114"
"917","617","2","3","2","48","170","50","304","167","593","C0004114"
"918","167691","2","3","12","76","153","40","38","54","75","C0004114"
"919","50939","2","3","12","76","153","40","38","472","435","C0004114"
"920","2110","2","3","2","48","170","50","119","444","556","C0004134"
"921","2271","2","3","5","80","81","166","170","226","305","C0004134"
"922","9333","2","1","6","11","142","225","142","220","298","C0004134"
"923","716","2","5","7","53","51","119","395","549","674","C0004134"
"924","7545","2","5","3","34","52","216","142","220","298","C0004134"
"925","735","2","5","7","53","51","119","395","549","674","C0004134"
"926","100","2","3","5","33","21","47","56","80","199","C0004134"
"927","2178","2","3","12","19","31","261","116","1","86","C0004134"
"928","22827","2","3","2","22","33","323","66","101","136","C0004134"
"929","598","2","3","12","41","219","339","402","489","416","C0004134"
"930","445","2","3","2","84","97","167","210","278","360","C0004134"
"931","9060","2","3","2","68","18","63","69","102","143","C0004134"
"932","5406","2","3","5","80","81","166","454","76","106","C0004134"
"933","1636","2","3","5","80","81","166","397","418","568","C0004134"
"934","4763","2","5","7","60","54","24","30","46","214","C0004134"
"935","421","2","5","7","42","51","335","444","560","373","C0004144"
"936","23090","2","3","12","19","151","276","91","433","118","C0004144"
"937","9990","2","5","8","45","94","199","240","415","666","C0004144"
"938","54919","2","3","2","41","96","279","304","370","257","C0004144"
"939","3664","2","5","7","53","184","119","156","287","116","C0004144"
"940","3953","2","5","7","53","14","20","25","40","186","C0004144"
"941","8419","2","3","12","48","170","50","119","198","224","C0004144"
"942","4654","2","3","12","19","31","276","91","433","118","C0004144"
"943","54453","2","5","7","60","54","24","30","46","72","C0004158"
"944","1075","2","5","7","34","52","216","395","549","674","C0004158"
"945","3972","2","5","4","68","96","326","427","548","672","C0004158"
"946","23479","2","3","2","48","170","50","119","100","556","C0004158"
"947","51339","2","3","12","41","116","268","434","568","605","C0004158"
"948","10491","2","5","7","53","51","342","454","573","492","C0004158"
"949","6899","2","5","7","53","184","335","259","560","373","C0004158"
"950","3460","2","5","7","53","184","119","156","287","116","C0004158"
"951","1440","2","5","7","53","51","119","25","489","416","C0004158"
"952","6678","2","5","7","53","51","342","454","573","492","C0004158"
"953","7072","2","3","2","22","33","323","66","101","136","C0004158"
"954","26276","2","3","7","60","81","184","341","66","203","C0004158"
"955","23322","2","3","12","76","153","40","38","54","75","C0004158"
"956","3098","2","3","2","90","167","266","367","500","577","C0004158"
"957","3643","2","5","7","53","14","20","25","40","186","C0004158"
"958","3426","2","5","7","53","51","119","395","549","674","C0004158"
"959","3339","2","5","7","53","51","342","454","573","492","C0004239"
"960","28982","2","3","5","25","44","165","101","274","358","C0004239"
"961","29954","2","5","2","27","206","324","430","215","290","C0004239"
"962","51451","2","3","12","76","153","40","116","1","435","C0004239"
"963","9966","2","5","12","41","219","339","156","568","697","C0004245"
"964","9365","2","3","7","53","14","20","25","40","186","C0004245"
"965","650","2","5","7","53","51","342","259","423","389","C0004245"
"966","4010","2","3","3","19","221","321","428","541","667","C0004245"
"967","6662","2","3","3","19","221","321","428","541","667","C0004245"
"968","3655","2","5","7","53","51","342","454","573","492","C0004245"
"969","6017","2","3","2","69","83","101","126","170","224","C0004245"
"970","7290","2","3","12","19","31","1","426","55","78","C0004245"
"971","11236","2","3","12","41","116","268","434","468","213","C0004245"
"972","4882","2","3","4","68","96","326","427","548","672","C0004245"
"973","9241","2","5","7","53","51","342","259","423","389","C0004245"
"974","23118","2","3","12","41","219","339","156","568","697","C0004310"
"975","2299","2","3","3","19","221","321","428","541","667","C0004310"
"976","7290","2","3","12","19","31","1","426","55","78","C0004509"
"977","1139","2","5","8","27","70","99","162","216","290","C0004509"
"978","10269","2","3","2","48","182","50","119","444","556","C0004509"
"979","2534","2","5","7","53","14","20","25","40","186","C0004509"
"980","9365","2","3","7","53","14","20","25","40","186","C0004509"
"981","5832","2","3","2","101","62","189","182","509","252","C0004509"
"982","3717","2","5","7","53","14","20","25","40","186","C0004509"
"983","5832","2","3","2","101","62","189","182","509","252","C0004509"
"984","5015","2","3","3","19","221","321","428","541","667","C0004509"
"985","7136","2","5","8","63","45","23","103","464","187","C0004509"
"986","8030","2","3","12","76","137","76","136","472","435","C0004509"
"987","8878","2","3","12","41","219","339","156","568","697","C0004509"
"988","9394","2","3","2","74","58","112","148","193","263","C0004509"
"989","2643","2","3","5","87","91","75","204","267","352","C0004509"
"990","6340","2","5","8","63","45","23","34","464","187","C0004509"
"991","27247","2","3","2","48","170","50","119","100","556","C0004509"
"992","2121","2","3","12","41","116","268","434","568","605","C0004509"
"993","6928","2","3","3","19","221","321","428","541","667","C0004509"
"994","9049","2","3","3","41","151","276","378","271","356","C0004509"
"995","6571","2","3","8","60","36","71","341","223","624","C0004509"
"996","3000","2","5","4","68","96","326","427","548","672","C0004509"
"997","8200","2","5","7","53","51","342","259","423","389","C0004509"
"998","4582","2","5","7","53","206","324","430","429","544","C0004509"
"999","94","2","5","7","53","51","342","259","423","389","C0004509"
"1000","26047","2","5","7","27","36","335","341","223","373","C0004509"
"1001","4852","2","5","4","68","96","326","427","548","672","C0004509"
"1002","8626","2","3","3","19","221","321","428","541","667","C0004509"
"1003","9573","2","5","7","53","51","342","259","423","389","C0004509"
"1004","25861","2","5","7","42","36","71","177","223","219","C0004509"
"1005","1436","2","5","7","53","14","20","25","40","186","C0004509"
"1006","5982","2","3","12","19","31","261","116","1","86","C0004509"
"1007","9289","2","5","4","68","96","326","427","548","672","C0004509"
"1008","6529","2","5","8","45","94","199","240","415","666","C0004604"
"1009","3815","2","5","7","53","14","20","25","40","186","C0004604"
"1010","5251","2","3","5","80","81","296","474","593","722","C0004604"
"1011","7284","2","3","2","48","182","67","76","463","153","C0004604"
"1012","3691","2","5","7","53","51","342","454","573","492","C0004604"
"1013","1497","2","5","2","63","182","50","103","297","628","C0004604"
"1014","4211","2","3","3","19","221","321","428","541","667","C0004604"
"1015","3265","2","5","7","60","54","24","30","46","72","C0004610"
"1016","2200","2","5","7","53","51","342","454","573","492","C0004610"
"1017","9049","2","3","3","41","151","276","378","271","356","C0004763"
"1018","1832","2","5","7","34","52","225","142","220","298","C0004763"
"1019","5982","2","3","12","19","31","261","116","1","86","C0004763"
"1020","161497","2","3","12","76","153","40","38","54","75","C0004763"
"1021","3373","2","3","5","80","51","342","454","573","492","C0004763"
"1022","3954","2","3","2","48","170","67","119","444","593","C0004763"
"1023","26119","2","5","7","60","14","184","341","544","669","C0004763"
"1024","9361","2","3","2","48","170","50","119","444","556","C0004763"
"1025","6888","2","3","2","90","167","266","367","500","577","C0004763"
"1026","3313","2","3","2","48","170","50","304","167","593","C0004763"
"1027","5352","2","5","7","53","51","342","454","573","492","C0004763"
"1028","6622","2","3","7","27","36","150","341","223","628","C0004763"
"1029","5605","2","5","7","53","14","20","34","540","68","C0004763"
"1030","4643","2","5","7","60","14","20","25","40","215","C0004763"
"1031","3162","2","3","5","53","51","119","402","489","416","C0004763"
"1032","6414","2","5","7","53","51","342","454","573","702","C0004775"
"1033","7276","2","5","7","34","52","216","395","549","674","C0004775"
"1034","3783","2","5","8","63","36","166","106","110","158","C0004775"
"1035","55131","2","3","2","110","85","237","433","547","671","C0004775"
"1036","1301","2","5","7","53","51","342","454","573","492","C0004779"
"1037","3972","2","5","4","68","96","326","427","548","672","C0004779"
"1038","7994","2","3","12","19","31","1","426","55","78","C0004779"
"1039","4843","2","3","5","43","161","305","409","489","416","C0004779"
"1040","2248","2","5","7","53","14","20","25","40","186","C0004782"
"1041","8516","2","5","7","53","51","342","454","573","492","C0004782"
"1042","2952","2","3","5","91","175","271","372","471","586","C0004782"
"1043","1586","2","3","5","79","98","256","335","425","540","C0004782"
"1044","1421","2","3","6","63","45","160","362","177","673","C0004782"
"1045","50939","2","3","12","76","153","40","38","472","435","C0004782"
"1046","2022","2","5","7","53","51","342","259","423","389","C0004782"
"1047","2316","2","5","7","53","51","342","454","573","702","C0004782"
"1048","843","2","3","12","41","219","339","156","568","697","C0004782"
"1049","7295","2","3","2","48","57","110","141","359","229","C0004782"
"1050","10913","2","3","12","41","219","339","156","568","697","C0004782"
"1051","10913","2","3","12","41","219","339","156","568","697","C0004782"
"1052","6678","2","5","7","53","51","342","454","573","492","C0004782"
"1053","3930","2","3","2","22","33","323","66","3","464","C0004782"
"1054","1289","2","5","7","53","51","342","454","573","492","C0004903"
"1055","9992","2","5","8","63","36","166","341","110","158","C0004903"
"1056","1910","2","5","4","68","96","326","427","548","672","C0004903"
"1057","55636","2","3","3","19","221","321","428","423","389","C0004936"
"1058","9469","2","3","2","103","189","303","29","475","467","C0004936"
"1059","23556","2","3","2","61","77","142","176","235","317","C0004936"
"1060","11005","2","1","6","11","142","225","142","220","298","C0004936"
"1061","5096","2","3","2","48","40","130","166","127","173","C0004936"
"1062","64421","2","3","12","19","31","261","116","1","86","C0004936"
"1063","6144","2","3","2","110","85","237","433","547","671","C0004936"
"1064","23169","2","3","2","78","205","112","430","429","544","C0004936"
"1065","857","2","5","7","53","45","23","57","83","422","C0004936"
"1066","4040","2","5","3","68","221","197","259","560","422","C0004936"
"1067","3126","2","5","7","53","153","119","156","287","116","C0004936"
"1068","114609","2","3","12","41","219","339","156","568","697","C0004936"
"1069","4233","2","5","7","53","14","20","25","40","186","C0004943"
"1070","7403","2","3","12","19","31","1","426","55","78","C0004943"
"1071","1030","2","3","12","19","31","1","426","55","78","C0004943"
"1072","6403","2","5","7","53","51","342","454","573","702","C0004943"
"1073","4000","2","3","12","26","105","178","226","297","156","C0004943"
"1074","10060","2","3","8","41","45","23","423","464","445","C0004943"
"1075","54332","2","3","2","60","170","40","98","66","203","C0004943"
"1076","4593","2","5","7","53","14","20","454","573","492","C0004943"
"1077","2551","2","3","3","19","151","276","91","433","118","C0004943"
"1078","55505","2","3","2","110","85","237","433","547","671","C0004943"
"1079","658","2","5","7","53","51","342","259","423","389","C0004943"
"1080","8626","2","3","3","19","221","321","428","541","667","C0004943"
"1081","5189","2","3","5","43","161","305","409","208","482","C0004943"
"1082","10216","2","3","2","48","170","50","304","167","593","C0004943"
"1083","10371","2","5","7","53","51","342","79","560","373","C0004943"
"1084","6770","2","5","7","27","36","273","341","100","589","C0004943"
"1085","55325","2","5","7","34","181","23","119","544","187","C0004943"
"1086","6708","2","5","7","60","14","20","25","40","186","C0004943"
"1087","213","2","5","7","53","51","342","454","573","492","C0004943"
"1088","6323","2","5","8","63","36","166","341","390","158","C0004943"
"1089","1629","2","3","2","67","92","293","55","75","311","C0004943"
"1090","4000","2","3","12","26","105","178","226","297","156","C0005129"
"1091","538","2","3","8","63","45","23","103","464","187","C0005129"
"1092","1031","2","3","12","19","31","1","426","55","78","C0005129"
"1093","5824","2","3","5","47","144","185","238","310","392","C0005138"
"1094","2263","2","5","7","53","14","20","25","40","186","C0005138"
"1095","10585","2","5","2","27","206","324","430","215","290","C0005138"
"1096","55612","2","5","7","60","36","71","177","560","701","C0005138"
"1097","2022","2","5","7","53","51","342","259","423","389","C0005138"
"1098","5468","2","3","3","19","151","276","91","433","118","C0005138"
"1099","1813","2","5","4","68","96","326","427","548","672","C0005138"
"1100","23545","2","3","5","29","88","132","85","222","346","C0005138"
"1101","1749","2","3","3","19","221","321","428","541","667","C0005138"
"1102","1277","2","5","7","53","51","342","454","573","492","C0005138"
"1103","728294","2","3","2","48","170","152","119","252","154","C0005283"
"1104","5447","2","3","5","91","214","271","372","471","586","C0005283"
"1105","54463","2","3","2","48","57","110","141","359","462","C0005283"
"1106","23522","2","3","12","19","31","1","426","55","78","C0005283"
"1107","1512","2","5","7","34","52","216","395","549","674","C0005283"
"1108","84947","2","3","2","45","81","217","128","172","110","C0005283"
"1109","3587","2","5","7","53","51","119","395","549","674","C0005283"
"1110","212","2","3","2","67","92","293","55","487","116","C0005283"
"1111","4087","2","3","12","19","219","339","259","423","605","C0005283"
"1112","8518","2","3","12","19","31","1","426","55","78","C0005283"
"1113","7054","2","3","5","80","81","166","34","258","345","C0005411"
"1114","55624","2","3","2","78","123","194","255","215","412","C0005411"
"1115","4621","2","5","8","63","45","23","103","464","187","C0005411"
"1116","653361","2","5","7","60","14","20","25","40","215","C0005424"
"1117","29089","2","3","12","41","116","268","434","468","213","C0005424"
"1118","3559","2","5","7","53","14","20","25","40","186","C0005424"
"1119","3145","2","3","5","80","81","166","132","175","473","C0005424"
"1120","4692","2","5","7","53","51","119","402","489","416","C0005424"
"1121","919","2","5","7","53","14","119","25","40","186","C0005424"
"1122","51715","2","5","7","60","54","24","30","46","72","C0005424"
"1123","10194","2","5","7","53","221","321","259","423","389","C0005424"
"1124","1277","2","5","7","53","51","342","454","573","492","C0005424"
"1125","2159","2","5","7","68","51","119","454","549","674","C0005424"
"1126","29078","2","3","2","48","170","50","119","444","556","C0005424"
"1127","3105","2","5","7","53","51","119","156","287","116","C0005424"
"1128","7086","2","3","2","90","167","266","367","500","577","C0005424"
"1129","54361","2","5","3","68","221","197","259","560","422","C0005424"
"1130","2879","2","3","5","80","81","166","378","173","229","C0005424"
"1131","51134","2","3","12","76","153","40","38","54","75","C0005424"
"1132","57379","2","3","5","22","137","261","104","146","194","C0005426"
"1133","5147","2","3","5","60","54","24","30","46","72","C0005426"
"1134","2796","2","5","4","68","96","326","427","548","672","C0005426"
"1135","1557","2","3","5","91","214","271","372","479","12","C0005587"
"1136","2182","2","3","2","67","92","265","284","147","235","C0005587"
"1137","2720","2","3","7","34","52","216","395","21","599","C0005587"
"1138","7439","2","5","8","63","45","23","34","464","187","C0005587"
"1139","673","2","5","7","53","14","20","34","540","68","C0005587"
"1140","5696","2","3","12","41","116","268","156","568","116","C0005587"
"1141","9895","2","3","2","48","57","110","141","359","462","C0005587"
"1142","958","2","5","7","53","51","119","156","568","697","C0005587"
"1143","4629","2","5","8","63","45","23","103","464","187","C0005587"
"1144","3880","2","1","6","11","142","225","142","220","298","C0005587"
"1145","1387","2","3","12","19","31","276","91","433","118","C0005587"
"1146","7124","2","3","12","41","219","339","156","568","697","C0005587"
"1147","51204","2","3","2","48","170","50","119","444","556","C0005612"
"1148","6786","2","5","8","63","45","23","103","464","187","C0005612"
"1149","158","2","3","4","96","177","61","373","341","142","C0005612"
"1150","2260","2","5","7","53","14","20","25","40","186","C0005612"
"1151","2879","2","3","5","80","81","166","378","173","229","C0005612"
"1152","6390","2","3","2","48","170","50","119","444","556","C0005612"
"1153","2720","2","3","7","34","52","216","395","21","599","C0005612"
"1154","7518","2","3","12","19","31","261","116","1","86","C0005612"
"1155","2006","2","5","7","53","51","342","454","573","492","C0005612"
"1156","91147","2","3","12","76","153","40","38","54","75","C0005612"
"1157","2109","2","3","2","48","170","50","119","444","556","C0005612"
"1158","5605","2","5","7","53","14","20","34","540","68","C0005612"
"1159","3576","2","5","4","68","96","326","427","548","672","C0005612"
"1160","51086","2","3","2","68","45","232","321","406","520","C0005686"
"1161","7681","2","3","12","41","116","268","434","468","213","C0005686"
"1162","2073","2","3","12","19","31","261","116","1","86","C0005686"
"1163","695","2","5","7","53","14","20","25","40","186","C0005686"
"1164","4337","2","3","2","80","91","75","204","267","352","C0005686"
"1165","8600","2","5","7","41","219","339","156","568","697","C0005689"
"1166","5741","2","5","4","68","96","326","427","548","672","C0005689"
"1167","1776","2","5","7","105","219","261","402","129","215","C0005689"
"1168","23545","2","3","5","29","88","132","85","222","346","C0005697"
"1169","7043","2","5","7","53","51","342","454","573","492","C0005697"
"1170","8837","2","3","12","41","219","339","156","568","697","C0005697"
"1171","1026","2","3","12","19","31","1","116","489","416","C0005697"
"1172","51025","2","3","2","48","170","50","304","167","593","C0005697"
"1173","7389","2","3","2","17","24","51","132","210","123","C0005697"
"1174","368","2","3","12","41","116","268","423","536","445","C0005699"
"1175","4860","2","3","7","34","52","216","395","549","150","C0005699"
"1176","1188","2","5","8","63","45","23","34","464","187","C0005741"
"1177","189","2","3","5","43","161","305","409","208","482","C0005741"
"1178","3106","2","5","7","34","52","119","395","549","674","C0005741"
"1179","10491","2","5","7","53","51","342","454","573","492","C0005741"
"1180","440","2","3","2","101","62","189","182","509","154","C0005741"
"1181","6926","2","5","7","53","51","335","259","560","373","C0005741"
"1182","9640","2","3","12","19","31","261","116","159","211","C0005741"
"1183","7403","2","3","12","19","31","1","426","55","78","C0005741"
"1184","367","2","3","12","19","31","276","91","433","118","C0005741"
"1185","286","2","5","7","60","153","40","38","54","203","C0005741"
"1186","367","2","3","12","19","31","276","91","433","118","C0005741"
"1187","2317","2","5","7","63","45","23","103","287","664","C0005741"
"1188","8878","2","3","12","41","219","339","156","568","697","C0005741"
"1189","1910","2","5","4","68","96","326","427","548","672","C0005741"
"1190","54487","2","3","2","22","33","323","66","101","136","C0005741"
"1191","4633","2","5","8","63","45","23","103","464","187","C0005741"
"1192","5443","2","5","4","68","96","326","427","548","672","C0005741"
"1193","551","2","5","4","68","96","326","427","548","672","C0005747"
"1194","2626","2","3","12","19","31","118","155","287","116","C0005747"
"1195","843","2","3","12","41","219","339","156","568","697","C0005747"
"1196","2778","2","5","4","68","96","326","427","548","672","C0005747"
"1197","203286","2","5","7","50","30","193","306","148","624","C0005747"
"1198","6390","2","3","2","48","170","50","119","444","556","C0005747"
"1199","1583","2","3","5","79","152","273","375","100","589","C0005747"
"1200","5428","2","3","2","48","170","50","119","167","593","C0005747"
"1201","4436","2","3","12","19","31","261","116","1","86","C0005747"
"1202","6611","2","3","2","58","55","25","46","329","198","C0005747"
"1203","4286","2","3","12","19","31","261","116","1","664","C0005747"
"1204","7473","2","5","3","68","221","197","259","560","422","C0005754"
"1205","2668","2","5","7","53","14","20","25","40","186","C0005754"
"1206","54345","2","5","3","19","221","321","428","541","667","C0005818"
"1207","4968","2","3","12","19","31","261","116","1","86","C0005818"
"1208","4627","2","5","7","63","45","184","103","572","658","C0005818"
"1209","4692","2","5","7","53","51","119","402","489","416","C0005859"
"1210","2318","2","5","7","53","45","23","103","464","187","C0005859"
"1211","55690","2","3","2","48","57","110","141","359","462","C0005874"
"1212","10806","2","3","12","76","153","40","38","54","75","C0005874"
"1213","7015","2","3","12","19","31","1","426","55","78","C0005874"
"1214","10806","2","3","12","76","153","40","38","54","75","C0005874"
"1215","5450","2","3","12","19","221","261","116","159","211","C0005904"
"1216","6598","2","3","12","19","31","1","426","55","78","C0005904"
"1217","5993","2","3","12","19","31","1","426","55","78","C0005904"
"1218","3977","2","5","7","53","51","119","25","40","416","C0005904"
"1219","114902","2","5","7","41","219","339","156","568","697","C0005904"
"1220","55572","2","3","2","48","170","50","119","444","556","C0005904"
"1221","51124","2","5","4","68","96","326","427","548","672","C0005904"
"1222","9990","2","5","8","45","94","199","240","415","666","C0005904"
"1223","3043","2","5","7","34","52","216","395","549","116","C0005904"
"1224","54968","2","3","2","48","170","50","119","444","556","C0005904"
"1225","5592","2","5","4","53","14","20","34","540","68","C0005910"
"1226","3845","2","5","7","60","54","24","30","46","72","C0005910"
"1227","478","2","3","8","63","45","23","366","464","187","C0005910"
"1228","5290","2","3","7","53","14","20","25","40","186","C0005910"
"1229","4292","2","3","12","19","31","261","116","1","86","C0005910"
"1230","4747","2","5","7","27","36","150","341","223","628","C0005910"
"1231","1593","2","3","5","79","152","273","157","333","277","C0005910"
"1232","103","2","3","2","110","184","119","156","287","116","C0005910"
"1233","5573","2","3","12","19","184","118","155","287","116","C0005910"
"1234","1594","2","3","5","92","163","96","363","460","487","C0005910"
"1235","2110","2","3","2","48","170","50","119","444","556","C0005910"
"1236","55151","2","3","2","26","35","85","38","54","75","C0005910"
"1237","8074","2","5","7","53","14","20","25","40","186","C0005910"
"1238","4879","2","5","4","68","96","326","427","548","672","C0005910"
"1239","30061","2","3","5","25","44","165","101","274","358","C0005937"
"1240","54","2","3","5","80","81","178","195","256","342","C0005937"
"1241","6103","2","3","12","76","153","40","38","54","75","C0005937"
"1242","6197","2","3","12","19","14","20","34","540","68","C0005937"
"1243","445","2","3","2","84","97","167","210","278","360","C0005937"
"1244","6648","2","3","2","95","151","160","378","173","229","C0005937"
"1245","6638","2","3","2","22","33","323","66","101","136","C0005937"
"1246","1376","2","3","2","19","151","276","91","433","118","C0005937"
"1247","11167","2","5","7","53","51","342","454","573","492","C0005937"
"1248","10019","2","5","7","53","14","20","25","40","116","C0005937"
"1249","3304","2","5","7","34","52","216","395","271","356","C0005937"
"1250","6473","2","3","3","19","221","321","428","541","667","C0005937"
"1251","51199","2","3","12","76","153","40","38","54","75","C0005940"
"1252","1301","2","5","7","53","51","342","454","573","492","C0005940"
"1253","54790","2","3","12","19","31","1","426","55","78","C0005940"
"1254","3248","2","3","2","69","83","133","167","224","301","C0005940"
"1255","6793","2","5","7","34","52","216","395","549","674","C0005940"
"1256","1812","2","5","4","68","96","326","427","548","672","C0005940"
"1257","2131","2","3","2","74","58","112","148","181","416","C0005940"
"1258","3852","2","1","6","11","142","225","142","220","298","C0005940"
"1259","1497","2","5","2","63","182","50","103","297","628","C0005941"
"1260","25978","2","3","2","48","57","110","141","359","462","C0005941"
"1261","9094","2","5","7","27","36","150","341","331","624","C0005941"
"1262","8929","2","3","3","19","221","321","428","541","667","C0005941"
"1263","79664","2","3","2","22","33","261","116","159","211","C0005941"
"1264","7428","2","3","12","41","116","268","434","468","213","C0005941"
"1265","6736","2","3","12","19","31","276","91","433","667","C0005941"
"1266","8546","2","5","7","60","18","184","341","544","669","C0005941"
"1267","6775","2","5","7","53","14","119","25","40","186","C0005941"
"1268","5449","2","3","3","19","221","321","428","541","667","C0005941"
"1269","54345","2","5","3","19","221","321","428","541","667","C0005941"
"1270","8890","2","3","2","110","85","237","433","547","671","C0005941"
"1271","5048","2","3","12","76","153","40","38","54","75","C0005941"
"1272","51103","2","3","2","48","170","50","119","444","556","C0005941"
"1273","9968","2","4","3","24","119","330","214","454","144","C0005941"
"1274","7474","2","5","3","68","221","184","259","544","669","C0005941"
"1275","9839","2","3","3","19","221","321","428","541","667","C0005941"
"1276","617","2","3","2","48","170","50","304","167","593","C0005941"
"1277","5205","2","3","8","63","45","23","103","464","619","C0005941"
"1278","2798","2","5","4","68","96","326","427","548","672","C0005941"
"1279","773","2","5","8","27","36","166","341","223","628","C0005941"
"1280","4598","2","3","2","19","151","276","198","259","427","C0005941"
"1281","5654","2","5","7","53","51","342","454","573","492","C0005941"
"1282","344","2","5","7","53","51","342","454","573","492","C0005941"
"1283","3507","2","5","7","53","51","119","395","549","674","C0005941"
"1284","4952","2","3","5","60","54","184","30","544","669","C0005942"
"1285","7140","2","5","8","63","45","23","103","464","187","C0005942"
"1286","3767","2","5","8","63","36","166","106","110","158","C0005944"
"1287","6392","2","3","2","48","170","50","119","444","556","C0005944"
"1288","633","2","5","7","53","51","342","454","573","492","C0005944"
"1289","6261","2","5","8","63","45","23","34","464","187","C0005944"
"1290","8878","2","3","12","41","219","339","156","568","697","C0005944"
"1291","2010","2","3","12","26","105","296","226","488","156","C0005944"
"1292","8878","2","3","12","41","219","339","156","568","697","C0005944"
"1293","3249","2","5","7","68","51","119","395","549","674","C0005944"
"1294","9409","2","3","5","43","161","305","409","208","482","C0005944"
"1295","1959","2","3","3","19","151","276","91","433","118","C0005944"
"1296","2120","2","3","12","19","31","193","306","148","624","C0005944"
"1297","7048","2","5","7","53","51","342","259","423","389","C0005956"
"1298","6689","2","3","12","19","31","276","91","433","118","C0005956"
"1299","5310","2","5","7","53","51","335","444","560","373","C0005956"
"1300","4088","2","3","12","19","219","339","259","423","605","C0005956"
"1301","1848","2","3","5","42","81","296","399","201","274","C0005956"
"1302","9719","2","5","7","53","51","342","454","573","492","C0005956"
"1303","79153","2","3","2","97","173","275","377","473","592","C0005956"
"1304","1889","2","5","4","68","96","326","427","548","672","C0005967"
"1305","5627","2","5","7","53","51","342","454","573","702","C0005967"
"1306","2778","2","5","4","68","96","326","427","548","672","C0005967"
"1307","353","2","5","7","34","52","216","395","549","674","C0005967"
"1308","10225","2","5","7","53","51","119","395","549","674","C0005967"
"1309","779","2","5","8","63","36","166","341","390","158","C0005967"
"1310","3239","2","3","3","19","221","321","428","541","667","C0005967"
"1311","4719","2","3","2","48","170","50","119","444","556","C0005967"
"1312","2064","2","5","7","53","14","20","25","40","186","C0005974"
"1313","359","2","3","5","80","81","166","397","374","486","C0005974"
"1314","55505","2","3","2","110","85","237","433","547","671","C0005974"
"1315","51741","2","3","2","22","33","323","66","101","127","C0005974"
"1316","7428","2","3","12","41","116","268","434","468","213","C0005974"
"1317","6442","2","5","8","63","45","23","103","464","187","C0005974"
"1318","6635","2","3","2","22","33","323","66","101","136","C0005974"
"1319","53834","2","5","7","53","51","342","454","573","492","C0006079"
"1320","3845","2","5","7","60","54","24","30","46","72","C0006079"
"1321","5447","2","3","5","91","214","271","372","471","586","C0006079"
"1322","10585","2","5","2","27","206","324","430","215","290","C0006105"
"1323","4041","2","5","3","68","221","197","259","560","422","C0006105"
"1324","4212","2","3","3","19","221","321","428","541","667","C0006111"
"1325","5193","2","3","5","43","161","305","409","208","482","C0006111"
"1326","1280","2","5","7","53","51","342","454","573","492","C0006111"
"1327","4512","2","3","2","48","170","110","141","359","8","C0006111"
"1328","6285","2","5","7","41","219","339","156","568","697","C0006111"
"1329","8314","2","3","12","41","31","1","426","55","78","C0006111"
"1330","2261","2","5","7","53","14","20","25","40","186","C0006111"
"1331","3423","2","3","5","74","3","342","374","294","590","C0006111"
"1332","51626","2","3","12","76","153","40","38","54","75","C0006111"
"1333","6566","2","3","2","67","37","316","422","535","660","C0006111"
"1334","3934","2","5","7","34","52","216","395","549","674","C0006111"
"1335","5745","2","5","4","68","96","326","427","548","672","C0006111"
"1336","2263","2","5","7","53","14","20","25","40","186","C0006111"
"1337","7133","2","5","7","34","52","216","395","549","697","C0006111"
"1338","1147","2","3","12","41","219","339","156","568","697","C0006111"
"1339","2492","2","5","4","68","96","326","427","548","672","C0006111"
"1340","9844","2","5","7","60","14","20","25","40","72","C0006111"
"1341","8518","2","3","12","19","31","1","426","55","78","C0006111"
"1342","4810","2","3","2","76","57","110","444","560","373","C0006111"
"1343","282808","2","5","7","60","54","24","30","46","72","C0006111"
"1344","10161","2","5","4","68","96","326","427","548","672","C0006111"
"1345","4854","2","5","7","53","51","143","428","236","667","C0006111"
"1346","5077","2","3","3","19","221","321","428","541","667","C0006111"
"1347","5002","2","5","8","45","94","199","240","415","666","C0006112"
"1348","1776","2","5","7","105","219","261","402","129","215","C0006112"
"1349","51199","2","3","12","76","153","40","38","54","75","C0006114"
"1350","2317","2","5","7","63","45","23","103","287","664","C0006114"
"1351","4990","2","3","3","19","221","321","428","541","667","C0006114"
"1352","4538","2","3","2","48","170","50","119","444","556","C0006114"
"1353","3988","2","3","5","98","174","277","379","476","42","C0006114"
"1354","335","2","5","7","53","51","342","454","573","492","C0006114"
"1355","5290","2","3","7","53","14","20","25","40","186","C0006114"
"1356","23347","2","3","12","41","116","268","434","468","213","C0006114"
"1357","8726","2","3","12","19","31","1","426","55","78","C0006114"
"1358","701","2","3","12","76","153","40","38","54","75","C0006114"
"1359","11330","2","5","7","68","51","119","395","549","674","C0006114"
"1360","9451","2","3","2","110","51","335","226","297","380","C0006114"
"1361","23512","2","3","12","19","31","1","426","55","78","C0006114"
"1362","2737","2","3","12","19","116","321","428","54","667","C0006114"
"1363","2253","2","5","7","53","14","20","25","40","186","C0006114"
"1364","5573","2","3","12","19","184","118","155","287","116","C0006114"
"1365","5193","2","3","5","43","161","305","409","208","482","C0006114"
"1366","51","2","3","5","43","151","276","91","433","482","C0006114"
"1367","54805","2","5","7","26","94","85","189","247","333","C0006114"
"1368","10913","2","3","12","41","219","339","156","568","697","C0006114"
"1369","773","2","5","8","27","36","166","341","223","628","C0006114"
"1370","2161","2","5","7","68","51","119","395","549","674","C0006114"
"1371","6925","2","3","12","19","31","225","142","220","298","C0006114"
"1372","545","2","3","12","19","31","261","116","1","86","C0006114"
"1373","5167","2","3","5","32","93","163","207","303","126","C0006114"
"1374","1740","2","5","7","60","36","71","341","223","219","C0006118"
"1375","5573","2","3","12","19","184","118","155","287","116","C0006118"
"1376","4286","2","3","12","19","31","261","116","1","664","C0006118"
"1377","6913","2","3","3","19","221","321","428","541","667","C0006118"
"1378","6926","2","5","7","53","51","335","259","560","373","C0006118"
"1379","477","2","3","8","63","45","23","103","464","187","C0006118"
"1380","1187","2","5","8","63","45","23","34","464","187","C0006118"
"1381","2694","2","5","7","48","51","105","139","186","245","C0006118"
"1382","3977","2","5","7","53","51","119","25","40","416","C0006118"
"1383","3981","2","3","12","19","31","261","116","1","86","C0006118"
"1384","8626","2","3","3","19","221","321","428","541","667","C0006118"
"1385","7507","2","3","12","19","31","261","116","1","86","C0006118"
"1386","3060","2","5","4","68","96","326","427","548","672","C0006118"
"1387","2263","2","5","7","53","14","20","25","40","186","C0006118"
"1388","6165","2","3","2","110","85","237","433","547","671","C0006118"
"1389","4068","2","5","7","53","51","119","25","549","674","C0006118"
"1390","5360","2","5","5","34","51","342","454","549","492","C0006118"
"1391","2623","2","3","12","19","31","1","155","287","116","C0006118"
"1392","429","2","3","3","19","221","321","428","541","667","C0006118"
"1393","5728","2","3","5","80","81","339","156","568","605","C0006118"
"1394","2332","2","3","2","22","33","71","373","466","609","C0006118"
"1395","6535","2","5","8","45","94","199","240","415","666","C0006118"
"1396","1293","2","5","7","53","51","342","454","573","492","C0006118"
"1397","9573","2","5","7","53","51","342","259","423","389","C0006131"
"1398","51106","2","3","3","19","151","276","91","433","118","C0006131"
"1399","9968","2","4","3","24","119","330","214","454","144","C0006131"
"1400","1947","2","5","7","53","51","20","25","560","373","C0006142"
"1401","10194","2","5","7","53","221","321","259","423","389","C0006142"
"1402","11136","2","3","5","80","94","199","240","415","666","C0006142"
"1403","4004","2","3","12","19","31","1","426","55","78","C0006142"
"1404","22858","2","3","7","53","14","20","34","540","68","C0006142"
"1405","2697","2","3","7","76","153","40","38","54","75","C0006142"
"1406","55209","2","3","12","11","142","225","142","220","298","C0006142"
"1407","3481","2","5","7","53","51","342","454","573","492","C0006142"
"1408","2263","2","5","7","53","14","20","25","40","186","C0006142"
"1409","1585","2","3","5","79","159","256","351","100","589","C0006142"
"1410","1290","2","5","7","53","51","342","454","573","492","C0006142"
"1411","843","2","3","12","41","219","339","156","568","697","C0006142"
"1412","4000","2","3","12","26","105","178","226","297","156","C0006142"
"1413","2691","2","5","4","68","96","326","427","548","672","C0006142"
"1414","1643","2","3","12","41","116","268","434","468","213","C0006157"
"1415","2632","2","3","2","28","22","48","232","82","114","C0006157"
"1416","6697","2","3","2","69","91","75","204","267","352","C0006157"
"1417","440","2","3","2","101","62","189","182","509","154","C0006157"
"1418","3954","2","3","2","48","170","67","119","444","593","C0006157"
"1419","595","2","3","12","19","31","1","426","489","416","C0006157"
"1420","1565","2","3","5","91","214","226","326","413","530","C0006157"
"1421","1298","2","5","7","53","51","342","454","573","492","C0006157"
"1422","3205","2","3","3","19","221","321","428","541","667","C0006157"
"1423","1593","2","3","5","79","152","273","157","333","277","C0006157"
"1424","3418","2","3","2","67","151","276","33","48","155","C0006261"
"1425","25974","2","3","7","48","51","105","139","186","245","C0006261"
"1426","10815","2","5","7","60","36","71","341","223","666","C0006261"
"1427","9786","2","3","12","76","153","40","38","54","75","C0006271"
"1428","4214","2","3","12","41","219","339","34","540","117","C0006271"
"1429","2629","2","3","5","80","81","250","291","152","420","C0006271"
"1430","356","2","5","7","53","219","339","25","489","697","C0006271"
"1431","3145","2","3","5","80","81","166","132","175","473","C0006271"
"1432","4292","2","3","12","19","31","261","116","1","86","C0006281"
"1433","7046","2","3","12","41","219","339","259","423","605","C0006281"
"1434","7473","2","5","3","68","221","197","259","560","422","C0006281"
"1435","472","2","3","12","19","31","261","116","1","86","C0006287"
"1436","3709","2","5","8","63","45","23","306","390","158","C0006287"
"1437","10483","2","3","7","60","54","24","30","46","72","C0006287"
"1438","4292","2","3","12","19","31","261","116","1","86","C0006325"
"1439","3440","2","3","12","19","184","118","155","287","116","C0006325"
"1440","8139","2","3","12","41","116","268","434","468","213","C0006325"
"1441","950","2","5","7","60","14","184","341","544","669","C0006384"
"1442","3636","2","3","5","80","14","20","25","40","186","C0006384"
"1443","375790","2","5","7","53","51","342","454","573","492","C0006384"
"1444","5189","2","3","5","43","161","305","409","208","482","C0006384"
"1445","23230","2","5","7","11","142","71","341","560","219","C0006384"
"1446","779","2","5","8","63","36","166","341","390","158","C0006384"
"1447","6687","2","3","2","48","170","50","119","444","593","C0006384"
"1448","57545","2","3","12","76","153","40","38","54","75","C0006384"
"1449","2444","2","5","7","34","52","216","395","549","674","C0006386"
"1450","7428","2","3","12","41","116","268","434","468","213","C0006386"
"1451","779","2","5","8","63","36","166","341","390","158","C0006386"
"1452","7480","2","5","3","68","221","197","259","560","422","C0006386"
"1453","6326","2","5","8","63","36","166","341","390","158","C0006386"
"1454","9126","2","3","12","76","153","40","38","54","75","C0006386"
"1455","7428","2","3","12","41","116","268","434","468","213","C0006386"
"1456","5626","2","3","3","19","221","321","428","541","667","C0006386"
"1457","55997","2","5","3","53","221","321","259","423","389","C0006386"
"1458","5077","2","3","3","19","221","321","428","541","667","C0006386"
"1459","547","2","3","7","76","153","40","38","54","75","C0006386"
"1460","25939","2","3","12","53","184","119","156","287","116","C0006386"
"1461","650","2","5","7","53","51","342","259","423","389","C0006386"
"1462","3077","2","5","7","53","51","119","395","549","674","C0006386"
"1463","54790","2","3","12","19","31","1","426","55","78","C0006386"
"1464","3977","2","5","7","53","51","119","25","40","416","C0006386"
"1465","57412","2","3","5","80","81","105","426","129","586","C0006386"
"1466","50939","2","3","12","76","153","40","38","472","435","C0006386"
"1467","2168","2","3","3","19","151","276","91","433","118","C0006386"
"1468","1629","2","3","2","67","92","293","55","75","311","C0006386"
"1469","2263","2","5","7","53","14","20","25","40","186","C0006386"
"1470","8139","2","3","12","41","116","268","434","468","213","C0006386"
"1471","675","2","3","12","19","31","261","116","1","86","C0006386"
"1472","5069","2","5","7","53","51","342","454","573","492","C0006386"
"1473","118429","2","5","8","53","51","197","454","540","422","C0006386"
"1474","2737","2","3","12","19","116","321","428","54","667","C0006386"
"1475","6870","2","5","4","68","96","326","427","548","672","C0006413"
"1476","1741","2","5","7","60","36","71","341","223","219","C0006413"
"1477","5520","2","3","2","110","85","237","433","547","671","C0006413"
"1478","6218","2","3","2","110","85","237","433","547","671","C0006413"
"1479","4221","2","3","12","19","31","342","454","573","492","C0006413"
"1480","889","2","5","7","60","45","23","306","64","436","C0006413"
"1481","7200","2","5","4","68","96","326","427","548","672","C0006413"
"1482","10058","2","3","5","44","50","209","68","11","141","C0006413"
"1483","10815","2","5","7","60","36","71","341","223","666","C0006413"
"1484","324","2","3","12","41","219","197","70","255","422","C0006413"
"1485","6557","2","5","8","45","94","199","240","415","666","C0006413"
"1486","5728","2","3","5","80","81","339","156","568","605","C0006413"
"1487","3767","2","5","8","63","36","166","106","110","158","C0006413"
"1488","367","2","3","12","19","31","276","91","433","118","C0006413"
"1489","5008","2","5","7","53","51","119","25","489","416","C0006413"
"1490","6638","2","3","2","22","33","323","66","101","136","C0006635"
"1491","3827","2","5","4","68","96","326","427","548","672","C0006635"
"1492","6011","2","5","7","53","14","20","34","540","68","C0006635"
"1493","2131","2","3","2","74","58","112","148","181","416","C0006845"
"1494","4308","2","5","8","63","45","193","306","390","158","C0006845"
"1495","842","2","3","12","41","219","339","156","568","697","C0006845"
"1496","5728","2","3","5","80","81","339","156","568","605","C0006845"
"1497","2990","2","3","7","34","52","216","395","549","674","C0006845"
"1498","3984","2","5","7","53","14","20","34","540","68","C0006845"
"1499","545","2","3","12","19","31","261","116","1","86","C0006845"
"1500","7170","2","5","8","63","45","23","103","464","187","C0006845"
"1501","1200","2","3","5","80","81","178","226","297","380","C0006845"
"1502","5443","2","5","4","68","96","326","427","548","672","C0006845"
"1503","64699","2","5","7","68","51","119","395","549","674","C0006845"
"1504","2645","2","3","2","90","167","266","367","101","664","C0006870"
"1505","114548","2","3","12","41","219","339","156","568","697","C0006870"
"1506","1392","2","5","4","68","96","326","427","548","672","C0006870"
"1507","2153","2","5","7","53","51","342","454","573","492","C0006870"
"1508","10555","2","3","7","34","52","216","395","549","622","C0006870"
"1509","3868","2","1","6","11","142","225","142","220","298","C0006870"
"1510","6578","2","3","5","35","41","77","40","57","80","C0006870"
"1511","265","2","5","7","53","51","342","454","573","492","C0006870"
"1512","7227","2","3","12","19","31","276","91","433","118","C0007095"
"1513","5781","2","5","7","53","14","20","25","40","186","C0007095"
"1514","5727","2","3","12","68","221","197","259","560","422","C0007102"
"1515","3998","2","3","7","60","153","40","202","66","203","C0007102"
"1516","207","2","3","7","53","14","20","34","489","416","C0007102"
"1517","27249","2","3","2","48","182","50","119","186","245","C0007102"
"1518","1959","2","3","3","19","151","276","91","433","118","C0007102"
"1519","1717","2","3","2","19","151","276","48","69","204","C0007102"
"1520","59","2","5","8","63","45","23","103","464","187","C0007102"
"1521","3500","2","5","7","53","51","119","395","549","674","C0007102"
"1522","4893","2","5","7","34","52","24","30","46","72","C0007102"
"1523","80746","2","3","12","22","33","323","66","101","664","C0007102"
"1524","207","2","3","7","53","14","20","34","489","416","C0007102"
"1525","10243","2","3","2","27","91","71","204","267","352","C0007102"
"1526","11277","2","3","12","19","31","261","116","1","86","C0007102"
"1527","4524","2","3","2","15","166","104","369","117","583","C0007102"
"1528","590","2","3","5","85","143","286","51","488","604","C0007102"
"1529","3691","2","5","7","53","51","342","454","573","492","C0007102"
"1530","1584","2","3","5","79","159","256","276","353","456","C0007114"
"1531","7374","2","3","12","19","31","261","116","1","86","C0007114"
"1532","3265","2","5","7","60","54","24","30","46","72","C0007114"
"1533","1080","2","3","12","41","219","339","156","544","669","C0007114"
"1534","4538","2","3","2","48","170","50","119","444","556","C0007114"
"1535","5159","2","5","7","53","14","20","25","40","186","C0007114"
"1536","760","2","3","5","35","41","77","40","78","178","C0007114"
"1537","5158","2","3","4","68","45","272","259","518","621","C0007114"
"1538","9652","2","3","2","110","85","237","433","547","671","C0007114"
"1539","5327","2","5","7","53","51","342","454","573","492","C0007114"
"1540","4137","2","3","7","27","36","150","341","223","628","C0007114"
"1541","4758","2","3","7","34","52","216","395","549","517","C0007114"
"1542","4593","2","5","7","53","14","20","454","573","492","C0007114"
"1543","81494","2","5","6","53","51","119","395","549","673","C0007114"
"1544","3827","2","5","4","68","96","326","427","548","672","C0007114"
"1545","26160","2","3","12","76","153","40","38","54","75","C0007120"
"1546","7040","2","5","7","53","51","342","454","573","492","C0007120"
"1547","3852","2","1","6","11","142","225","142","220","298","C0007120"
"1548","6391","2","3","2","48","170","50","119","444","556","C0007120"
"1549","3845","2","5","7","60","54","24","30","46","72","C0007120"
"1550","2812","2","5","7","53","51","342","454","573","492","C0007120"
"1551","1293","2","5","7","53","51","342","454","573","492","C0007120"
"1552","5295","2","5","7","53","14","20","25","40","186","C0007120"
"1553","3043","2","5","7","34","52","216","395","549","116","C0007120"
"1554","23141","2","3","12","76","105","40","226","489","435","C0007120"
"1555","7421","2","3","3","19","151","276","91","433","118","C0007120"
"1556","1908","2","5","4","68","96","326","427","548","672","C0007120"
"1557","1727","2","3","7","34","52","216","395","549","197","C0007120"
"1558","1594","2","3","5","92","163","96","363","460","487","C0007120"
"1559","9820","2","3","12","41","116","268","434","468","213","C0007124"
"1560","8924","2","3","12","41","116","268","434","468","213","C0007124"
"1561","10585","2","5","2","27","206","324","430","215","290","C0007124"
"1562","103","2","3","2","110","184","119","156","287","116","C0007124"
"1563","7124","2","3","12","41","219","339","156","568","697","C0007124"
"1564","5889","2","3","12","19","31","261","116","1","86","C0007138"
"1565","2512","2","3","7","34","52","216","395","544","358","C0007138"
"1566","8518","2","3","12","19","31","1","426","55","78","C0007138"
"1567","4540","2","3","2","48","170","50","119","444","556","C0007138"
"1568","54344","2","3","2","61","77","142","176","280","363","C0007138"
"1569","5191","2","3","5","43","161","305","409","208","482","C0007138"
"1570","10060","2","3","8","41","45","23","423","464","445","C0007138"
"1571","7508","2","3","12","19","31","261","116","1","664","C0007138"
"1572","114609","2","3","12","41","219","339","156","568","697","C0007138"
"1573","4540","2","3","2","48","170","50","119","444","556","C0007138"
"1574","2956","2","3","12","19","31","261","116","1","86","C0007138"
"1575","1299","2","5","7","53","51","342","454","573","492","C0007138"
"1576","23742","2","5","5","68","96","326","427","447","586","C0007138"
"1577","50939","2","3","12","76","153","40","38","472","435","C0007138"
"1578","2263","2","5","7","53","14","20","25","40","186","C0007138"
"1579","5573","2","3","12","19","184","118","155","287","116","C0007138"
"1580","2796","2","5","4","68","96","326","427","548","672","C0007138"
"1581","3952","2","5","3","53","151","276","91","433","118","C0007138"
"1582","9770","2","3","2","48","57","110","141","359","72","C0007138"
"1583","3425","2","3","5","80","81","166","454","573","492","C0007138"
"1584","857","2","5","7","53","45","23","57","83","422","C0007138"
"1585","942","2","5","7","53","51","119","25","40","186","C0007138"
"1586","1073","2","3","8","63","45","184","103","572","658","C0007138"
"1587","8625","2","3","12","19","31","276","91","236","118","C0007138"
"1588","6647","2","3","2","95","2","342","378","173","702","C0007138"
"1589","30009","2","5","7","53","51","119","25","549","674","C0007138"
"1590","5015","2","3","3","19","221","321","428","541","667","C0007138"
"1591","6337","2","5","8","63","45","23","34","464","187","C0007138"
"1592","7422","2","5","7","53","51","342","454","573","702","C0007138"
"1593","9076","2","5","6","42","36","71","177","64","219","C0007138"
"1594","221895","2","3","12","19","31","1","426","55","78","C0007138"
"1595","1848","2","3","5","42","81","296","399","201","274","C0007138"
"1596","11128","2","3","2","22","33","261","116","159","211","C0007140"
"1597","860","2","3","12","19","31","276","91","433","118","C0007140"
"1598","2592","2","3","2","68","117","196","257","326","419","C0007196"
"1599","2161","2","5","7","68","51","119","395","549","674","C0007196"
"1600","55755","2","3","12","76","153","40","38","54","75","C0007196"
"1601","3663","2","3","12","53","184","119","156","287","116","C0007196"
"1602","283","2","5","7","53","51","335","444","560","373","C0007196"
"1603","60","2","3","12","60","45","184","155","287","78","C0007273"
"1604","23096","2","5","7","60","54","24","30","46","72","C0007273"
"1605","4318","2","5","7","34","52","216","395","573","492","C0007273"
"1606","4843","2","3","5","43","161","305","409","489","416","C0007273"
"1607","1482","2","3","3","19","221","321","428","541","667","C0007273"
"1608","10516","2","5","7","53","51","342","454","573","492","C0007273"
"1609","2071","2","3","12","19","31","261","116","159","211","C0007273"
"1610","1015","2","5","7","53","51","335","444","560","373","C0007273"
"1611","6329","2","5","8","63","36","166","341","390","158","C0007273"
"1612","149998","2","3","5","116","183","295","398","552","622","C0007273"
"1613","10479","2","5","7","27","36","150","341","223","628","C0007273"
"1614","2138","2","3","12","19","31","1","426","55","78","C0007274"
"1615","10479","2","5","7","27","36","150","341","223","628","C0007274"
"1616","10269","2","3","2","48","182","50","119","444","556","C0007274"
"1617","4750","2","5","12","76","14","20","34","540","68","C0007274"
"1618","7681","2","3","12","41","116","268","434","468","213","C0007279"
"1619","7072","2","3","2","22","33","323","66","101","136","C0007279"
"1620","2175","2","3","12","19","31","261","116","1","86","C0007279"
"1621","5728","2","3","5","80","81","339","156","568","605","C0007279"
"1622","2160","2","5","7","68","51","119","395","549","674","C0007302"
"1623","54","2","3","5","80","81","178","195","256","342","C0007302"
"1624","4287","2","3","12","41","116","268","434","468","215","C0007302"
"1625","22931","2","5","7","34","54","24","30","46","72","C0007302"
"1626","5172","2","5","8","45","94","199","240","415","666","C0007302"
"1627","4853","2","3","12","19","124","143","428","236","667","C0007370"
"1628","5194","2","3","5","43","161","305","409","208","482","C0007370"
"1629","3458","2","5","7","53","184","119","156","287","116","C0007370"
"1630","23095","2","3","7","76","153","40","38","54","75","C0007370"
"1631","3892","2","1","6","11","142","225","142","220","298","C0007370"
"1632","54880","2","3","12","19","31","1","426","55","78","C0007370"
"1633","5108","2","3","12","76","153","40","38","54","75","C0007370"
"1634","2261","2","5","7","53","14","20","25","40","186","C0007370"
"1635","658","2","5","7","53","51","342","259","423","389","C0007370"
"1636","6331","2","5","8","63","36","166","341","223","158","C0007370"
"1637","8260","2","3","12","41","85","266","76","287","78","C0007370"
"1638","23483","2","3","2","28","191","306","143","452","258","C0007370"
"1639","5352","2","5","7","53","51","342","454","573","492","C0007370"
"1640","5251","2","3","5","80","81","296","474","593","722","C0007370"
"1641","10549","2","5","7","34","52","216","395","549","674","C0007370"
"1642","3284","2","3","2","69","98","169","299","183","243","C0007384"
"1643","23600","2","3","5","80","81","305","409","208","482","C0007384"
"1644","6299","2","3","12","19","221","321","428","541","667","C0007384"
"1645","2146","2","3","12","19","31","1","426","55","78","C0007384"
"1646","716","2","5","7","53","51","119","395","549","674","C0007384"
"1647","4705","2","3","2","48","170","50","119","444","556","C0007384"
"1648","2131","2","3","2","74","58","112","148","181","416","C0007384"
"1649","8517","2","3","12","41","219","339","156","568","697","C0007384"
"1650","5837","2","3","5","80","81","23","103","464","658","C0007384"
"1651","6997","2","5","3","53","221","321","259","423","389","C0007384"
"1652","4088","2","3","12","19","219","339","259","423","605","C0007384"
"1653","10342","2","3","7","60","219","40","202","66","203","C0007528"
"1654","421","2","5","7","42","51","335","444","560","373","C0007528"
"1655","10653","2","5","7","68","51","114","162","321","475","C0007528"
"1656","93","2","5","7","53","14","20","259","423","389","C0007528"
"1657","4358","2","3","5","43","161","305","409","208","482","C0007570"
"1658","100","2","3","5","33","21","47","56","80","199","C0007570"
"1659","286","2","5","7","60","153","40","38","54","203","C0007570"
"1660","1892","2","3","2","67","148","70","456","97","395","C0007570"
"1661","26503","2","3","2","89","124","204","272","347","442","C0007570"
"1662","8200","2","5","7","53","51","342","259","423","389","C0007570"
"1663","55145","2","3","2","22","33","225","142","220","140","C0007570"
"1664","23321","2","5","7","53","184","119","156","287","116","C0007570"
"1665","1001","2","5","7","53","51","335","444","560","373","C0007570"
"1666","93986","2","3","12","19","221","321","428","541","667","C0007570"
"1667","6660","2","3","3","19","221","321","428","541","667","C0007570"
"1668","6497","2","5","3","19","221","342","259","423","389","C0007570"
"1669","7428","2","3","12","41","116","268","434","468","213","C0007570"
"1670","2548","2","3","7","34","52","216","395","549","674","C0007570"
"1671","9049","2","3","3","41","151","276","378","271","356","C0007570"
"1672","2122","2","3","12","19","31","1","426","55","78","C0007570"
"1673","2073","2","3","12","19","31","261","116","1","86","C0007570"
"1674","1080","2","3","12","41","219","339","156","544","669","C0007570"
"1675","25913","2","3","12","19","31","261","116","1","78","C0007570"
"1676","7454","2","5","7","60","14","20","25","40","215","C0007570"
"1677","6926","2","5","7","53","51","335","259","560","373","C0007642"
"1678","7390","2","3","5","80","81","166","132","175","473","C0007642"
"1679","3643","2","5","7","53","14","20","25","40","186","C0007642"
"1680","10269","2","3","2","48","182","50","119","444","556","C0007642"
"1681","990","2","3","12","76","31","261","116","1","86","C0007642"
"1682","9871","2","3","7","60","153","40","38","54","203","C0007642"
"1683","6499","2","3","2","110","85","237","433","547","671","C0007642"
"1684","3952","2","5","3","53","151","276","91","433","118","C0007642"
"1685","5567","2","3","12","53","14","20","34","540","68","C0007682"
"1686","3239","2","3","3","19","221","321","428","541","667","C0007682"
"1687","729920","2","3","2","48","170","110","329","251","533","C0007682"
"1688","2243","2","5","7","53","51","342","454","573","492","C0007760"
"1689","3198","2","3","3","19","221","321","428","541","667","C0007760"
"1690","4915","2","5","7","53","14","20","25","40","186","C0007760"
"1691","801","2","5","8","63","45","23","103","464","187","C0007760"
"1692","23334","2","3","5","48","179","289","133","179","476","C0007760"
"1693","54903","2","3","12","76","153","40","38","54","75","C0007760"
"1694","2896","2","5","7","34","52","216","395","549","674","C0007781"
"1695","3074","2","3","7","34","52","216","395","549","607","C0007781"
"1696","8086","2","3","12","22","33","323","66","101","664","C0007785"
"1697","7518","2","3","12","19","31","261","116","1","86","C0007785"
"1698","1528","2","3","5","91","214","271","372","471","586","C0007785"
"1699","2697","2","3","7","76","153","40","38","54","75","C0007785"
"1700","2956","2","3","12","19","31","261","116","1","86","C0007785"
"1701","4693","2","5","7","53","51","342","454","573","492","C0007785"
"1702","3630","2","5","7","53","14","20","25","40","186","C0007785"
"1703","175","2","3","7","34","52","216","395","549","674","C0007785"
"1704","2239","2","3","2","74","51","342","454","573","492","C0007785"
"1705","2332","2","3","2","22","33","71","373","466","609","C0007785"
"1706","2108","2","3","2","48","170","50","119","444","556","C0007787"
"1707","2697","2","3","7","76","153","40","38","54","75","C0007787"
"1708","9429","2","3","5","25","44","165","71","10","16","C0007787"
"1709","51057","2","3","12","76","153","40","38","54","75","C0007787"
"1710","10599","2","3","8","35","41","77","40","57","80","C0007787"
"1711","760","2","3","5","35","41","77","40","78","178","C0007787"
"1712","2260","2","5","7","53","14","20","25","40","186","C0007787"
"1713","950","2","5","7","60","14","184","341","544","669","C0007787"
"1714","2668","2","5","7","53","14","20","25","40","186","C0007787"
"1715","10560","2","3","2","65","196","310","127","527","648","C0007787"
"1716","2245","2","5","7","60","54","24","30","46","72","C0007789"
"1717","2263","2","5","7","53","14","20","25","40","186","C0007789"
"1718","348","2","5","7","53","51","342","454","573","492","C0007789"
"1719","7157","2","3","12","19","31","261","402","489","551","C0007789"
"1720","5979","2","5","7","53","14","20","25","40","186","C0007789"
"1721","8200","2","5","7","53","51","342","259","423","389","C0007789"
"1722","9215","2","5","2","27","36","150","430","215","628","C0007789"
"1723","1233","2","5","4","68","96","326","427","548","672","C0007789"
"1724","4538","2","3","2","48","170","50","119","444","556","C0007789"
"1725","8626","2","3","3","19","221","321","428","541","667","C0007789"
"1726","3257","2","5","7","60","54","24","30","46","72","C0007789"
"1727","1585","2","3","5","79","159","256","351","100","589","C0007789"
"1728","26580","2","5","8","27","70","99","162","216","290","C0007789"
"1729","6239","2","3","12","19","119","330","214","454","144","C0007789"
"1730","6305","2","5","7","60","54","24","30","46","72","C0007789"
"1731","1030","2","3","12","19","31","1","426","55","78","C0007795"
"1732","9361","2","3","2","48","170","50","119","444","556","C0007795"
"1733","26608","2","3","2","22","170","50","119","463","153","C0007820"
"1734","51091","2","3","2","110","85","237","433","547","671","C0007820"
"1735","51314","2","3","2","76","153","178","378","54","229","C0007873"
"1736","6335","2","5","8","63","36","166","341","390","158","C0007873"
"1737","6514","2","5","7","90","216","337","448","565","562","C0007873"
"1738","6514","2","5","7","90","216","337","448","565","562","C0007873"
"1739","2316","2","5","7","53","51","342","454","573","702","C0007873"
"1740","3673","2","5","7","53","51","342","454","573","492","C0007873"
"1741","3730","2","5","7","53","14","20","25","40","186","C0007873"
"1742","5155","2","5","7","53","51","342","454","573","186","C0007873"
"1743","51314","2","3","2","76","153","178","378","54","229","C0007873"
"1744","50940","2","3","4","68","96","326","427","548","672","C0007873"
"1745","9180","2","5","7","53","51","119","25","549","416","C0007873"
"1746","23509","2","3","2","89","124","143","428","236","667","C0007873"
"1747","28962","2","5","8","63","45","23","34","464","187","C0007873"
"1748","54806","2","5","7","76","153","40","38","54","75","C0007873"
"1749","2317","2","5","7","63","45","23","103","287","664","C0007873"
"1750","3549","2","5","3","53","51","197","259","560","422","C0007873"
"1751","2780","2","5","4","68","96","326","427","548","672","C0007873"
"1752","8893","2","3","2","110","85","237","433","547","671","C0007873"
"1753","5251","2","3","5","80","81","296","474","593","722","C0007873"
"1754","8842","2","5","5","53","82","147","184","179","328","C0007873"
"1755","26277","2","3","12","19","31","1","426","1","78","C0007873"
"1756","2157","2","5","7","53","51","342","454","573","702","C0007873"
"1757","9775","2","3","2","22","33","323","66","101","136","C0007873"
"1758","538","2","3","8","63","45","23","103","464","187","C0007873"
"1759","8626","2","3","3","19","221","321","428","541","667","C0007873"
"1760","190","2","3","3","19","151","276","91","433","118","C0007959"
"1761","5982","2","3","12","19","31","261","116","1","86","C0007959"
"1762","2239","2","3","2","74","51","342","454","573","492","C0007959"
"1763","6628","2","3","2","22","33","323","66","101","136","C0007959"
"1764","1376","2","3","2","19","151","276","91","433","118","C0007959"
"1765","2068","2","3","12","19","31","261","116","159","211","C0007959"
"1766","2255","2","5","7","53","14","20","25","40","186","C0007959"
"1767","10262","2","3","2","22","33","323","66","101","136","C0007971"
"1768","55612","2","5","7","60","36","71","177","560","701","C0007971"
"1769","2538","2","3","5","90","216","333","438","561","689","C0007971"
"1770","367","2","3","12","19","31","276","91","433","118","C0007971"
"1771","3553","2","5","7","53","51","119","25","489","416","C0007971"
"1772","6833","2","5","8","45","36","166","240","415","666","C0008073"
"1773","51259","2","3","2","76","153","40","38","54","75","C0008073"
"1774","54757","2","5","7","53","51","342","454","573","492","C0008073"
"1775","185","2","5","4","68","96","326","427","548","672","C0008073"
"1776","1301","2","5","7","53","51","342","454","573","492","C0008073"
"1777","2200","2","5","7","53","51","342","454","573","492","C0008073"
"1778","1815","2","5","4","68","96","326","427","548","672","C0008073"
"1779","5728","2","3","5","80","81","339","156","568","605","C0008073"
"1780","111","2","5","4","68","96","326","427","548","672","C0008073"
"1781","6144","2","3","2","110","85","237","433","547","671","C0008073"
"1782","1482","2","3","3","19","221","321","428","541","667","C0008073"
"1783","10892","2","5","7","53","219","119","156","568","697","C0008073"
"1784","10682","2","5","4","68","96","326","48","69","204","C0008073"
"1785","26277","2","3","12","19","31","1","426","1","78","C0008073"
"1786","26277","2","3","12","19","31","1","426","1","78","C0008073"
"1787","672","2","3","12","19","31","261","116","1","86","C0008073"
"1788","1186","2","5","8","63","45","23","34","464","187","C0008073"
"1789","1137","2","5","8","27","70","99","162","216","290","C0008073"
"1790","207","2","3","7","53","14","20","34","489","416","C0008073"
"1791","9627","2","3","12","19","31","1","426","55","78","C0008073"
"1792","6598","2","3","12","19","31","1","426","55","78","C0008073"
"1793","16","2","3","2","110","85","237","433","547","154","C0008073"
"1794","51626","2","3","12","76","153","40","38","54","75","C0008074"
"1795","24","2","3","12","41","116","268","423","536","445","C0008074"
"1796","974","2","5","7","53","51","119","395","549","674","C0008074"
"1797","9401","2","3","12","76","31","261","116","1","86","C0008149"
"1798","1588","2","3","5","79","159","256","350","27","44","C0008149"
"1799","5781","2","5","7","53","14","20","25","40","186","C0008297"
"1800","2990","2","3","7","34","52","216","395","549","674","C0008297"
"1801","26277","2","3","12","19","31","1","426","1","78","C0008297"
"1802","65018","2","3","2","48","57","110","34","359","462","C0008297"
"1803","5317","2","5","7","34","52","216","142","220","298","C0008297"
"1804","6389","2","3","2","48","170","50","119","444","556","C0008297"
"1805","2261","2","5","7","53","14","20","25","40","186","C0008297"
"1806","7170","2","5","8","63","45","23","103","464","187","C0008297"
"1807","4359","2","5","7","53","51","342","454","573","492","C0008297"
"1808","1760","2","5","8","63","14","20","34","540","68","C0008297"
"1809","5354","2","5","7","27","36","150","341","223","628","C0008297"
"1810","9085","2","3","12","19","31","1","426","55","78","C0008297"
"1811","54658","2","3","2","78","205","207","67","355","138","C0008297"
"1812","5009","2","3","2","48","97","50","304","167","593","C0008297"
"1813","2316","2","5","7","53","51","342","454","573","702","C0008297"
"1814","51057","2","3","12","76","153","40","38","54","75","C0008297"
"1815","421","2","5","7","42","51","335","444","560","373","C0008297"
"1816","1134","2","5","8","27","70","99","162","216","290","C0008297"
"1817","3785","2","5","8","63","36","166","106","110","158","C0008297"
"1818","22868","2","3","2","48","182","67","76","463","153","C0008297"
"1819","242","2","3","5","11","142","223","142","220","298","C0008297"
"1820","3759","2","5","8","63","36","166","106","110","158","C0008297"
"1821","3690","2","5","7","53","51","342","454","573","492","C0008297"
"1822","7124","2","3","12","41","219","339","156","568","697","C0008297"
"1823","4137","2","3","7","27","36","150","341","223","628","C0008297"
"1824","84159","2","3","12","19","31","1","426","55","78","C0008297"
"1825","596","2","3","12","19","219","339","402","489","416","C0008297"
"1826","7957","2","3","5","42","81","296","399","201","274","C0008297"
"1827","374569","2","3","5","80","81","189","182","509","409","C0008311"
"1828","6335","2","5","8","63","36","166","341","390","158","C0008311"
"1829","9210","2","5","7","53","51","342","454","573","492","C0008311"
"1830","55532","2","3","7","25","44","165","101","274","358","C0008311"
"1831","175","2","3","7","34","52","216","395","549","674","C0008311"
"1832","2099","2","3","12","19","151","276","91","433","118","C0008311"
"1833","2178","2","3","12","19","31","261","116","1","86","C0008311"
"1834","4893","2","5","7","34","52","24","30","46","72","C0008311"
"1835","4790","2","3","7","34","52","216","166","129","697","C0008311"
"1836","3295","2","3","5","43","161","305","409","208","482","C0008311"
"1837","2138","2","3","12","19","31","1","426","55","78","C0008312"
"1838","54714","2","5","8","63","36","166","106","110","158","C0008312"
"1839","50937","2","5","7","53","51","335","444","560","373","C0008312"
"1840","4868","2","5","7","53","51","335","25","560","373","C0008312"
"1841","5179","2","5","4","68","96","326","427","548","672","C0008312"
"1842","6392","2","3","2","48","170","50","119","444","556","C0008312"
"1843","7428","2","3","12","41","116","268","434","468","213","C0008312"
"1844","546","2","3","12","19","31","261","426","1","86","C0008312"
"1845","6662","2","3","3","19","221","321","428","541","667","C0008312"
"1846","5116","2","3","12","76","153","40","38","54","75","C0008312"
"1847","2006","2","5","7","53","51","342","454","573","492","C0008312"
"1848","1497","2","5","2","63","182","50","103","297","628","C0008312"
"1849","421","2","5","7","42","51","335","444","560","373","C0008312"
"1850","270","2","3","5","33","21","47","84","261","246","C0008312"
"1851","6550","2","3","2","45","94","199","240","415","163","C0008313"
"1852","4514","2","3","2","48","57","110","141","359","5","C0008313"
"1853","5745","2","5","4","68","96","326","427","548","672","C0008313"
"1854","478","2","3","8","63","45","23","366","464","187","C0008313"
"1855","6845","2","5","7","60","14","184","341","544","669","C0008313"
"1856","5573","2","3","12","19","184","118","155","287","116","C0008325"
"1857","388015","2","3","2","110","90","266","431","545","443","C0008325"
"1858","7466","2","5","7","53","51","342","454","573","492","C0008325"
"1859","4893","2","5","7","34","52","24","30","46","72","C0008325"
"1860","9533","2","3","2","19","31","1","426","55","78","C0008325"
"1861","5450","2","3","12","19","221","261","116","159","211","C0008325"
"1862","9569","2","3","12","19","31","276","91","433","118","C0008325"
"1863","1954","2","5","7","53","51","342","454","573","492","C0008325"
"1864","2184","2","3","5","76","153","138","236","332","407","C0008325"
"1865","8516","2","5","7","53","51","342","454","573","492","C0008325"
"1866","7473","2","5","3","68","221","197","259","560","422","C0008325"
"1867","4247","2","3","2","68","67","320","98","180","279","C0008325"
"1868","2153","2","5","7","53","51","342","454","573","492","C0008340"
"1869","1583","2","3","5","79","152","273","375","100","589","C0008340"
"1870","55764","2","3","12","76","153","40","38","54","75","C0008340"
"1871","1028","2","3","12","19","31","1","116","1","86","C0008340"
"1872","3483","2","5","7","53","51","342","454","573","492","C0008340"
"1873","701","2","3","12","76","153","40","38","54","75","C0008350"
"1874","57105","2","5","4","68","96","326","427","548","672","C0008350"
"1875","22917","2","5","7","11","51","342","454","573","617","C0008350"
"1876","8924","2","3","12","41","116","268","434","468","213","C0008350"
"1877","811","2","3","2","41","116","342","423","536","342","C0008350"
"1878","3565","2","5","7","53","51","119","25","489","416","C0008350"
"1879","1294","2","5","7","53","51","342","454","573","492","C0008350"
"1880","6663","2","3","3","19","221","321","428","541","667","C0008350"
"1881","1717","2","3","2","19","151","276","48","69","204","C0008350"
"1882","3814","2","5","4","68","96","326","427","548","672","C0008350"
"1883","2108","2","3","2","48","170","50","119","444","556","C0008350"
"1884","207","2","3","7","53","14","20","34","489","416","C0008350"
"1885","6331","2","5","8","63","36","166","341","223","158","C0008350"
"1886","23418","2","5","7","53","36","71","177","560","373","C0008350"
"1887","1376","2","3","2","19","151","276","91","433","118","C0008350"
"1888","1029","2","3","12","19","31","1","116","1","664","C0008350"
"1889","9343","2","3","2","22","33","323","66","101","136","C0008350"
"1890","5830","2","3","5","43","161","305","409","208","482","C0008350"
"1891","5428","2","3","2","48","170","50","119","167","593","C0008350"
"1892","2324","2","5","7","53","14","20","25","40","186","C0008350"
"1893","3592","2","5","7","53","51","119","25","489","416","C0008372"
"1894","4914","2","3","2","22","18","266","202","252","252","C0008372"
"1895","5605","2","5","7","53","14","20","34","540","68","C0008372"
"1896","4914","2","3","2","22","18","266","202","252","252","C0008372"
"1897","7249","2","3","7","60","57","110","141","359","462","C0008372"
"1898","7415","2","3","7","34","52","216","395","536","445","C0008372"
"1899","4709","2","3","2","48","170","50","119","444","556","C0008372"
"1900","134701","2","3","12","19","219","1","426","55","78","C0008372"
"1901","5245","2","3","12","19","31","1","119","444","593","C0008372"
"1902","50964","2","5","3","68","221","197","259","423","422","C0008372"
"1903","5190","2","3","5","43","161","305","409","208","482","C0008372"
"1904","3145","2","3","5","80","81","166","132","175","473","C0008372"
"1905","3930","2","3","2","22","33","323","66","3","464","C0008372"
"1906","1244","2","3","12","41","116","268","423","536","445","C0008373"
"1907","8600","2","5","7","41","219","339","156","568","697","C0008373"
"1908","9632","2","3","7","60","153","40","38","54","203","C0008479"
"1909","272","2","3","7","34","52","216","395","549","674","C0008479"
"1910","8490","2","5","4","68","96","326","427","548","672","C0008479"
"1911","2937","2","3","2","83","171","97","381","478","597","C0008479"
"1912","4041","2","5","3","68","221","197","259","560","422","C0008479"
"1913","1410","2","3","12","63","45","23","38","54","187","C0008487"
"1914","7040","2","5","7","53","51","342","454","573","492","C0008487"
"1915","6495","2","3","3","19","221","321","428","541","667","C0008487"
"1916","2187","2","3","12","19","31","261","116","1","86","C0008489"
"1917","2263","2","5","7","53","14","20","25","40","186","C0008489"
"1918","3284","2","3","2","69","98","169","299","183","243","C0008489"
"1919","2239","2","3","2","74","51","342","454","573","492","C0008489"
"1920","55670","2","3","5","43","161","305","409","208","482","C0008489"
"1921","8291","2","5","8","63","45","23","103","464","187","C0008489"
"1922","3123","2","5","7","53","51","119","156","287","116","C0008489"
"1923","5573","2","3","12","19","184","118","155","287","116","C0008489"
"1924","2261","2","5","7","53","14","20","25","40","186","C0008489"
"1925","3694","2","5","7","53","51","342","454","573","492","C0008489"
"1926","4148","2","5","7","53","51","342","454","573","492","C0008489"
"1927","29954","2","5","2","27","206","324","430","215","290","C0008489"
"1928","10456","2","3","2","41","170","150","304","167","593","C0008489"
"1929","5594","2","5","7","34","14","20","34","540","274","C0008489"
"1930","585","2","3","12","76","153","40","38","54","75","C0008489"
"1931","8988","2","3","8","63","45","160","103","464","187","C0008489"
"1932","9031","2","3","12","19","31","1","426","55","78","C0008489"
"1933","3728","2","5","7","34","52","225","142","220","298","C0008489"
"1934","7704","2","3","12","41","116","268","434","468","213","C0008489"
"1935","3815","2","5","7","53","14","20","25","40","186","C0008489"
"1936","5604","2","5","7","53","14","20","34","540","68","C0008489"
"1937","9401","2","3","12","76","31","261","116","1","86","C0008489"
"1938","481","2","3","8","63","45","23","103","464","187","C0008489"
"1939","5818","2","5","7","53","51","335","444","560","373","C0008489"
"1940","29123","2","3","12","19","151","276","91","433","118","C0008489"
"1941","4000","2","3","12","26","105","178","226","297","156","C0008489"
"1942","1027","2","3","12","19","31","1","116","1","86","C0008489"
"1943","5290","2","3","7","53","14","20","25","40","186","C0008489"
"1944","7124","2","3","12","41","219","339","156","568","697","C0008489"
"1945","775","2","5","8","63","36","166","341","223","158","C0008519"
"1946","8815","2","3","12","22","33","323","66","444","664","C0008519"
"1947","4359","2","5","7","53","51","342","454","573","492","C0008519"
"1948","5250","2","3","2","48","170","50","119","444","593","C0008519"
"1949","2261","2","5","7","53","14","20","25","40","186","C0008519"
"1950","9719","2","5","7","53","51","342","454","573","492","C0008519"
"1951","153572","2","3","3","19","221","321","428","541","667","C0008519"
"1952","5077","2","3","3","19","221","321","428","541","667","C0008519"
"1953","2239","2","3","2","74","51","342","454","573","492","C0008519"
"1954","55670","2","3","5","43","161","305","409","208","482","C0008519"
"1955","50846","2","3","3","68","221","197","259","560","422","C0008519"
"1956","2146","2","3","12","19","31","1","426","55","78","C0008519"
"1957","51085","2","3","2","48","57","110","141","359","462","C0008519"
"1958","7494","2","3","2","110","105","178","226","297","380","C0008519"
"1959","5728","2","3","5","80","81","339","156","568","605","C0008521"
"1960","1301","2","5","7","53","51","342","454","573","492","C0008521"
"1961","4000","2","3","12","26","105","178","226","297","156","C0008521"
"1962","768","2","3","5","35","41","77","40","370","303","C0008521"
"1963","8647","2","3","5","46","158","252","352","449","563","C0008521"
"1964","10049","2","3","12","22","219","339","347","271","356","C0008521"
"1965","9791","2","3","8","45","94","199","240","415","666","C0008521"
"1966","2158","2","5","7","68","51","119","395","549","674","C0008525"
"1967","3565","2","5","7","53","51","119","25","489","416","C0008525"
"1968","51085","2","3","2","48","57","110","141","359","462","C0008525"
"1969","2821","2","5","7","34","52","216","395","549","577","C0008525"
"1970","6845","2","5","7","60","14","184","341","544","669","C0008525"
"1971","6261","2","5","8","63","45","23","34","464","187","C0008525"
"1972","8290","2","3","12","19","31","1","426","55","78","C0008625"
"1973","54790","2","3","12","19","31","1","426","55","78","C0008625"
"1974","8398","2","3","5","116","183","40","38","352","455","C0008625"
"1975","3081","2","3","2","91","51","3","267","308","429","C0008625"
"1976","207","2","3","7","53","14","20","34","489","416","C0008625"
"1977","583","2","3","12","76","153","40","38","54","75","C0008625"
"1978","771","2","3","5","35","41","77","40","241","212","C0008625"
"1979","2798","2","5","4","68","96","326","427","548","672","C0008625"
"1980","673","2","5","7","53","14","20","34","540","68","C0008625"
"1981","338","2","5","7","53","51","342","454","573","492","C0008625"
"1982","3383","2","5","7","53","51","119","454","287","116","C0008625"
"1983","1908","2","5","4","68","96","326","427","548","672","C0008625"
"1984","5167","2","3","5","32","93","163","207","303","126","C0008625"
"1985","29954","2","5","2","27","206","324","430","215","290","C0008625"
"1986","10102","2","3","2","48","182","67","76","463","153","C0008625"
"1987","595","2","3","12","19","31","1","426","489","416","C0008677"
"1988","808","2","5","8","63","45","23","103","464","187","C0008677"
"1989","1180","2","5","8","63","45","23","34","464","187","C0008677"
"1990","5290","2","3","7","53","14","20","25","40","186","C0008677"
"1991","5251","2","3","5","80","81","296","474","593","722","C0008677"
"1992","4693","2","5","7","53","51","342","454","573","492","C0008677"
"1993","25974","2","3","7","48","51","105","139","186","245","C0008677"
"1994","6662","2","3","3","19","221","321","428","541","667","C0008677"
"1995","6571","2","3","8","60","36","71","341","223","624","C0008677"
"1996","10585","2","5","2","27","206","324","430","215","290","C0008677"
"1997","2773","2","5","4","68","96","326","427","548","672","C0008677"
"1998","9927","2","3","12","19","31","118","155","287","116","C0008677"
"1999","1193","2","5","8","63","45","23","34","464","187","C0008711"
"2000","9990","2","5","8","45","94","199","240","415","666","C0008711"
"2001","5621","2","5","8","27","36","342","454","573","628","C0008711"
"2002","2560","2","5","8","27","70","99","162","216","290","C0008711"
"2003","5982","2","3","12","19","31","261","116","1","86","C0008711"
"2004","51524","2","5","7","45","94","199","240","415","666","C0008733"
"2005","2313","2","3","12","19","31","276","91","433","118","C0008733"
"2006","3800","2","5","7","27","36","150","341","223","628","C0008767"
"2007","6628","2","3","2","22","33","323","66","101","136","C0008767"
"2008","2271","2","3","5","80","81","166","170","226","305","C0008767"
"2009","27235","2","3","2","48","170","50","304","167","593","C0009024"
"2010","2517","2","3","7","34","52","216","395","549","674","C0009024"
"2011","4318","2","5","7","34","52","216","395","573","492","C0009024"
"2012","9031","2","3","12","19","31","1","426","55","78","C0009024"
"2013","716","2","5","7","53","51","119","395","549","674","C0009024"
"2014","55215","2","3","12","76","31","261","116","1","86","C0009024"
"2015","1717","2","3","2","19","151","276","48","69","204","C0009024"
"2016","4436","2","3","12","19","31","261","116","1","86","C0009024"
"2017","55109","2","5","7","42","81","184","118","543","214","C0009024"
"2018","8815","2","3","12","22","33","323","66","444","664","C0009024"
"2019","5627","2","5","7","53","51","342","454","573","702","C0009024"
"2020","732","2","5","7","53","51","119","395","549","674","C0009024"
"2021","9210","2","5","7","53","51","342","454","573","492","C0009024"
"2022","2542","2","3","5","80","81","296","399","500","577","C0009024"
"2023","3953","2","5","7","53","14","20","25","40","186","C0009024"
"2024","6607","2","3","2","22","33","323","66","101","664","C0009024"
"2025","8815","2","3","12","22","33","323","66","444","664","C0009024"
"2026","1131","2","5","4","68","96","326","427","548","672","C0009024"
"2027","9241","2","5","7","53","51","342","259","423","389","C0009080"
"2028","1287","2","5","2","53","51","342","454","573","492","C0009080"
"2029","3845","2","5","7","60","54","24","30","46","72","C0009080"
"2030","2629","2","3","5","80","81","250","291","152","420","C0009080"
"2031","3265","2","5","7","60","54","24","30","46","72","C0009171"
"2032","2252","2","5","7","53","14","20","25","40","186","C0009171"
"2033","3954","2","3","2","48","170","67","119","444","593","C0009171"
"2034","5921","2","5","7","60","14","24","25","40","215","C0009171"
"2035","3663","2","3","12","53","184","119","156","287","116","C0009171"
"2036","948","2","5","7","34","52","216","91","433","702","C0009171"
"2037","440","2","3","2","101","62","189","182","509","154","C0009171"
"2038","1584","2","3","5","79","159","256","276","353","456","C0009171"
"2039","389421","2","3","2","22","33","323","66","101","136","C0009171"
"2040","5728","2","3","5","80","81","339","156","568","605","C0009171"
"2041","22861","2","3","12","41","219","339","156","568","697","C0009171"
"2042","26608","2","3","2","22","170","50","119","463","153","C0009171"
"2043","2995","2","5","7","53","51","119","454","573","492","C0009171"
"2044","25942","2","3","12","19","31","1","426","55","78","C0009171"
"2045","3708","2","5","8","63","45","23","306","390","158","C0009171"
"2046","54714","2","5","8","63","36","166","106","110","158","C0009171"
"2047","8626","2","3","3","19","221","321","428","541","667","C0009178"
"2048","8195","2","3","12","76","153","76","38","54","75","C0009178"
"2049","5830","2","3","5","43","161","305","409","208","482","C0009197"
"2050","2895","2","5","4","68","36","71","427","223","219","C0009197"
"2051","29954","2","5","2","27","206","324","430","215","290","C0009207"
"2052","2334","2","5","7","53","14","20","25","40","186","C0009207"
"2053","149233","2","5","7","53","51","119","25","489","416","C0009241"
"2054","338","2","5","7","53","51","342","454","573","492","C0009241"
"2055","5134","2","3","12","19","219","276","91","271","356","C0009241"
"2056","5771","2","5","7","53","14","296","25","40","186","C0009241"
"2057","23503","2","3","6","11","142","225","142","220","298","C0009241"
"2058","190","2","3","3","19","151","276","91","433","118","C0009241"
"2059","2290","2","3","3","19","221","321","428","541","667","C0009241"
"2060","8973","2","5","8","27","70","99","162","216","290","C0009241"
"2061","3981","2","3","12","19","31","261","116","1","86","C0009241"
"2062","27089","2","3","2","48","170","50","119","444","542","C0009241"
"2063","10617","2","3","12","48","57","110","141","359","462","C0009241"
"2064","51750","2","3","12","19","31","261","116","1","86","C0009241"
"2065","120892","2","3","2","110","85","28","164","85","522","C0009241"
"2066","617","2","3","2","48","170","50","304","167","593","C0009241"
"2067","3861","2","1","6","11","142","225","142","220","298","C0009241"
"2068","1056","2","3","5","98","194","309","415","524","645","C0009241"
"2069","9227","2","3","2","69","51","101","126","170","224","C0009241"
"2070","3778","2","5","8","63","36","166","106","110","158","C0009241"
"2071","54982","2","3","2","48","170","50","399","167","593","C0009241"
"2072","10913","2","3","12","41","219","339","156","568","697","C0009241"
"2073","9419","2","5","7","60","36","71","341","223","219","C0009241"
"2074","215","2","3","5","47","144","185","238","310","392","C0009241"
"2075","472","2","3","12","19","31","261","116","1","86","C0009241"
"2076","6648","2","3","2","95","151","160","378","173","229","C0009241"
"2077","4703","2","5","7","60","45","23","103","464","187","C0009241"
"2078","6928","2","3","3","19","221","321","428","541","667","C0009241"
"2079","958","2","5","7","53","51","119","156","568","697","C0009241"
"2080","7547","2","3","3","19","221","321","428","541","667","C0009241"
"2081","28976","2","3","2","48","170","50","247","322","446","C0009241"
"2082","1861","2","5","7","60","14","184","341","544","669","C0009241"
"2083","920","2","5","7","53","14","184","341","544","669","C0009319"
"2084","2639","2","3","2","71","148","34","160","115","164","C0009319"
"2085","5424","2","3","12","19","31","261","116","1","86","C0009319"
"2086","9361","2","3","2","48","170","50","119","444","556","C0009319"
"2087","1408","2","3","3","19","151","276","91","433","118","C0009319"
"2088","10225","2","5","7","53","51","119","395","549","674","C0009319"
"2089","356","2","5","7","53","219","339","25","489","697","C0009319"
"2090","4722","2","3","2","48","170","50","119","444","556","C0009319"
"2091","25782","2","5","7","60","54","24","30","46","72","C0009319"
"2092","1583","2","3","5","79","152","273","375","100","589","C0009319"
"2093","3265","2","5","7","60","54","24","30","46","72","C0009319"
"2094","5095","2","3","2","48","40","130","166","127","173","C0009319"
"2095","25942","2","3","12","19","31","1","426","55","78","C0009319"
"2096","3762","2","5","8","63","36","166","106","110","158","C0009319"
"2097","4000","2","3","12","26","105","178","226","297","156","C0009319"
"2098","4893","2","5","7","34","52","24","30","46","72","C0009319"
"2099","6778","2","5","7","53","51","119","25","489","416","C0009319"
"2100","10479","2","5","7","27","36","150","341","223","628","C0009319"
"2101","1301","2","5","7","53","51","342","454","573","492","C0009319"
"2102","8878","2","3","12","41","219","339","156","568","697","C0009319"
"2103","673","2","5","7","53","14","20","34","540","68","C0009319"
"2104","5970","2","3","12","19","31","276","91","433","118","C0009319"
"2105","3159","2","3","12","19","31","276","91","433","664","C0009319"
"2106","7832","2","3","12","110","85","198","261","146","118","C0009319"
"2107","10011","2","3","12","19","31","276","91","433","118","C0009319"
"2108","26235","2","3","12","41","116","268","434","468","213","C0009319"
"2109","4750","2","5","12","76","14","20","34","540","68","C0009319"
"2110","5894","2","5","7","60","54","23","34","464","187","C0009319"
"2111","1230","2","5","4","68","96","326","427","548","672","C0009319"
"2112","4854","2","5","7","53","51","143","428","236","667","C0009319"
"2113","285489","2","5","7","60","36","71","341","223","219","C0009319"
"2114","19","2","3","3","19","151","276","91","433","118","C0009376"
"2115","8242","2","3","12","19","31","1","426","55","78","C0009376"
"2116","2073","2","3","12","19","31","261","116","1","86","C0009376"
"2117","23533","2","3","2","53","14","20","25","362","468","C0009398"
"2118","4784","2","3","2","22","33","261","116","159","211","C0009398"
"2119","3479","2","5","7","53","51","342","454","573","492","C0009398"
"2120","7468","2","3","12","19","31","1","426","55","78","C0009398"
"2121","472","2","3","12","19","31","261","116","1","86","C0009398"
"2122","4508","2","3","2","48","170","50","119","444","556","C0009398"
"2123","1785","2","5","7","60","14","184","341","544","669","C0009398"
"2124","343637","2","3","3","68","221","197","259","499","422","C0009398"
"2125","4921","2","5","7","53","14","20","25","573","186","C0009398"
"2126","2182","2","3","2","67","92","265","284","147","235","C0009398"
"2127","5744","2","5","4","68","96","326","427","548","672","C0009398"
"2128","3075","2","5","7","53","51","119","395","549","674","C0009398"
"2129","3425","2","3","5","80","81","166","454","573","492","C0009398"
"2130","1536","2","5","7","34","52","216","395","549","674","C0009398"
"2131","3561","2","5","7","53","14","20","25","40","186","C0009398"
"2132","3791","2","5","7","53","51","342","454","573","492","C0009398"
"2133","9871","2","3","7","60","153","40","38","54","203","C0009398"
"2134","885","2","5","4","68","96","326","427","548","672","C0009398"
"2135","23426","2","5","7","42","36","71","177","223","219","C0009398"
"2136","6452","2","5","7","53","14","20","25","40","186","C0009398"
"2137","6654","2","5","7","60","54","24","30","46","72","C0009398"
"2138","1142","2","5","8","27","70","99","162","216","290","C0009398"
"2139","2752","2","3","2","101","62","189","182","509","409","C0009398"
"2140","2099","2","3","12","19","151","276","91","433","118","C0009398"
"2141","5979","2","5","7","53","14","20","25","40","186","C0009398"
"2142","5972","2","5","5","34","52","216","397","418","568","C0009398"
"2143","6473","2","3","3","19","221","321","428","541","667","C0009398"
"2144","4089","2","3","12","19","219","339","259","423","605","C0009398"
"2145","50964","2","5","3","68","221","197","259","423","422","C0009398"
"2146","2736","2","3","12","41","116","321","428","54","667","C0009398"
"2147","359","2","3","5","80","81","166","397","374","486","C0009398"
"2148","9791","2","3","8","45","94","199","240","415","666","C0009398"
"2149","26154","2","3","5","47","144","185","238","310","392","C0009398"
"2150","3431","2","3","12","53","184","119","156","287","116","C0009405"
"2151","2073","2","3","12","19","31","261","116","1","86","C0009405"
"2152","8891","2","3","2","110","85","237","433","547","671","C0009405"
"2153","26610","2","3","12","19","31","1","426","55","78","C0009405"
"2154","8942","2","3","5","52","212","183","307","391","507","C0009405"
"2155","56262","2","5","2","63","182","50","103","297","628","C0009405"
"2156","9378","2","5","7","27","36","71","341","223","219","C0009405"
"2157","2263","2","5","7","53","14","20","25","40","186","C0009405"
"2158","2488","2","5","4","68","96","326","427","548","672","C0009447"
"2159","785","2","5","8","63","36","166","106","110","158","C0009447"
"2160","5966","2","3","12","41","219","339","156","568","621","C0009447"
"2161","5631","2","3","2","72","119","109","266","336","452","C0009447"
"2162","2290","2","3","3","19","221","321","428","541","667","C0009447"
"2163","5621","2","5","8","27","36","342","454","573","628","C0009447"
"2164","30009","2","5","7","53","51","119","25","549","674","C0009447"
"2165","4000","2","3","12","26","105","178","226","297","156","C0009447"
"2166","7555","2","3","2","110","85","237","433","547","671","C0009447"
"2167","51082","2","3","2","19","31","1","426","55","78","C0009447"
"2168","5621","2","5","8","27","36","342","454","573","628","C0009447"
"2169","776","2","5","8","63","36","166","341","390","158","C0009451"
"2170","185","2","5","4","68","96","326","427","548","672","C0009451"
"2171","25939","2","3","12","53","184","119","156","287","116","C0009451"
"2172","54968","2","3","2","48","170","50","119","444","556","C0009451"
"2173","1301","2","5","7","53","51","342","454","573","492","C0009451"
"2174","7512","2","5","5","27","51","335","444","560","373","C0009451"
"2175","2261","2","5","7","53","14","20","25","40","186","C0009451"
"2176","7439","2","5","8","63","45","23","34","464","187","C0009451"
"2177","58","2","5","8","63","45","23","103","464","187","C0009676"
"2178","5119","2","3","2","48","57","110","141","359","462","C0009676"
"2179","7353","2","3","12","41","219","339","156","568","605","C0009676"
"2180","7038","2","5","7","60","18","184","98","66","203","C0009676"
"2181","257","2","3","3","19","221","321","428","541","667","C0009676"
"2182","9790","2","3","2","110","85","237","433","547","671","C0009676"
"2183","8802","2","3","8","67","92","293","55","75","311","C0009676"
"2184","6197","2","3","12","19","14","20","34","540","68","C0009676"
"2185","191","2","3","5","80","81","105","426","129","690","C0009676"
"2186","1308","2","5","7","53","51","119","454","573","492","C0009676"
"2187","6521","2","5","8","35","41","199","40","415","666","C0009676"
"2188","6663","2","3","3","19","221","321","428","541","667","C0009676"
"2189","6261","2","5","8","63","45","23","34","464","187","C0009676"
"2190","2200","2","5","7","53","51","342","454","573","492","C0009676"
"2191","175","2","3","7","34","52","216","395","549","674","C0009676"
"2192","4313","2","5","7","53","51","342","454","573","492","C0009676"
"2193","657","2","5","7","53","221","342","259","423","389","C0009676"
"2194","55275","2","5","7","60","54","24","98","66","203","C0009676"
"2195","2261","2","5","7","53","14","20","25","40","186","C0009676"
"2196","3791","2","5","7","53","51","342","454","573","492","C0009676"
"2197","2697","2","3","7","76","153","40","38","54","75","C0009676"
"2198","3313","2","3","2","48","170","50","304","167","593","C0009676"
"2199","2277","2","5","7","53","51","342","454","573","702","C0009681"
"2200","3549","2","5","3","53","51","197","259","560","422","C0009681"
"2201","6891","2","3","12","41","116","119","156","568","116","C0009681"
"2202","2263","2","5","7","53","14","20","25","40","186","C0009681"
"2203","794","2","5","8","27","36","150","341","223","593","C0009714"
"2204","478","2","3","8","63","45","23","366","464","187","C0009714"
"2205","59","2","5","8","63","45","23","103","464","187","C0009714"
"2206","23363","2","3","12","41","116","268","434","468","213","C0009714"
"2207","4160","2","5","4","68","96","326","427","548","672","C0009714"
"2208","50485","2","3","12","19","31","261","116","1","86","C0009714"
"2209","1311","2","5","7","53","51","342","454","573","492","C0009714"
"2210","29893","2","3","12","19","31","1","426","55","78","C0009714"
"2211","2132","2","3","2","74","58","112","148","193","263","C0009714"
"2212","7298","2","3","12","76","153","40","38","54","75","C0009782"
"2213","4853","2","3","12","19","124","143","428","236","667","C0009782"
"2214","5959","2","3","2","69","83","101","126","170","224","C0009952"
"2215","2166","2","3","2","11","142","152","142","570","298","C0009952"
"2216","26610","2","3","12","19","31","1","426","55","78","C0009952"
"2217","3123","2","5","7","53","51","119","156","287","116","C0009952"
"2218","4312","2","5","7","53","51","342","454","573","492","C0009952"
"2219","18","2","3","8","67","94","199","182","509","666","C0009952"
"2220","5167","2","3","5","32","93","163","207","303","126","C0009952"
"2221","55145","2","3","2","22","33","225","142","220","140","C0009952"
"2222","10472","2","3","12","19","31","268","426","468","213","C0009952"
"2223","1134","2","5","8","27","70","99","162","216","290","C0009952"
"2224","3759","2","5","8","63","36","166","106","110","158","C0009952"
"2225","10733","2","3","12","76","153","40","38","54","75","C0009952"
"2226","9369","2","5","7","60","36","71","341","223","219","C0009952"
"2227","4000","2","3","12","26","105","178","226","297","156","C0009952"
"2228","51010","2","3","2","110","85","237","433","547","671","C0010034"
"2229","4508","2","3","2","48","170","50","119","444","556","C0010034"
"2230","9179","2","5","7","60","18","184","341","544","669","C0010034"
"2231","4204","2","3","12","19","31","1","426","55","78","C0010036"
"2232","1308","2","5","7","53","51","119","454","573","492","C0010036"
"2233","55572","2","3","2","48","170","50","119","444","556","C0010036"
"2234","51741","2","3","2","22","33","323","66","101","127","C0010036"
"2235","54551","2","3","12","41","219","197","156","568","422","C0010036"
"2236","92344","2","3","2","34","119","224","214","454","144","C0010036"
"2237","23247","2","3","12","76","153","71","34","540","68","C0010036"
"2238","25894","2","5","7","60","54","24","30","46","72","C0010036"
"2239","5428","2","3","2","48","170","50","119","167","593","C0010036"
"2240","3145","2","3","5","80","81","166","132","175","473","C0010036"
"2241","54757","2","5","7","53","51","342","454","573","492","C0010036"
"2242","3239","2","3","3","19","221","321","428","541","667","C0010036"
"2243","5243","2","3","12","41","116","268","423","536","445","C0010036"
"2244","2122","2","3","12","19","31","1","426","55","78","C0010043"
"2245","2176","2","3","12","19","31","261","116","1","86","C0010043"
"2246","3208","2","5","7","27","36","150","341","223","628","C0010043"
"2247","50484","2","3","5","80","109","182","235","307","506","C0010043"
"2248","29760","2","5","7","53","14","20","25","40","186","C0010043"
"2249","7169","2","5","8","63","45","23","103","464","187","C0010043"
"2250","3105","2","5","7","53","51","119","156","287","116","C0010043"
"2251","182","2","5","7","53","51","143","428","236","667","C0010043"
"2252","6689","2","3","12","19","31","276","91","433","118","C0010043"
"2253","5728","2","3","5","80","81","339","156","568","605","C0010043"
"2254","4613","2","3","12","19","31","1","426","55","78","C0010043"
"2255","6575","2","3","8","45","94","199","240","415","666","C0010043"
"2256","2077","2","3","12","76","153","40","38","54","75","C0010043"
"2257","4254","2","5","7","53","14","20","25","40","186","C0010043"
"2258","6663","2","3","3","19","221","321","428","541","667","C0010043"
"2259","55005","2","3","2","68","96","326","427","429","544","C0010051"
"2260","6683","2","3","12","76","153","40","38","54","75","C0010051"
"2261","3908","2","5","7","53","51","342","454","573","492","C0010051"
"2262","5888","2","3","12","19","31","261","116","1","86","C0010054"
"2263","2778","2","5","4","68","96","326","427","548","672","C0010054"
"2264","5591","2","3","12","19","31","261","116","1","86","C0010054"
"2265","3035","2","3","2","110","85","237","433","547","154","C0010054"
"2266","29110","2","3","12","41","219","339","156","568","697","C0010054"
"2267","3931","2","3","5","116","183","295","454","243","327","C0010054"
"2268","7432","2","5","4","68","96","326","427","548","672","C0010068"
"2269","148014","2","3","12","41","219","339","347","271","356","C0010068"
"2270","3868","2","1","6","11","142","225","142","220","298","C0010068"
"2271","55612","2","5","7","60","36","71","177","560","701","C0010068"
"2272","4683","2","3","12","19","31","261","116","1","86","C0010068"
"2273","25953","2","3","2","67","92","293","137","75","664","C0010068"
"2274","4683","2","3","12","19","31","261","116","1","86","C0010068"
"2275","26154","2","3","5","47","144","185","238","310","392","C0010068"
"2276","6567","2","5","8","35","41","77","40","57","80","C0010068"
"2277","2189","2","3","12","19","31","261","116","1","86","C0010068"
"2278","2022","2","5","7","53","51","342","259","423","389","C0010068"
"2279","6154","2","3","2","110","85","237","433","547","671","C0010068"
"2280","7140","2","5","8","63","45","23","103","464","187","C0010068"
"2281","55612","2","5","7","60","36","71","177","560","701","C0010068"
"2282","94","2","5","7","53","51","342","259","423","389","C0010068"
"2283","1593","2","3","5","79","152","273","157","333","277","C0010068"
"2284","6774","2","3","12","53","14","276","25","489","416","C0010072"
"2285","7401","2","5","7","60","83","101","126","170","224","C0010072"
"2286","1281","2","5","7","53","51","342","454","573","492","C0010073"
"2287","5340","2","5","7","53","51","342","454","573","492","C0010073"
"2288","25836","2","3","12","76","153","40","38","54","75","C0010073"
"2289","5468","2","3","3","19","151","276","91","433","118","C0010200"
"2290","6392","2","3","2","48","170","50","119","444","556","C0010200"
"2291","51082","2","3","2","19","31","1","426","55","78","C0010200"
"2292","3756","2","5","8","63","36","166","106","110","158","C0010200"
"2293","54790","2","3","12","19","31","1","426","55","78","C0010200"
"2294","5290","2","3","7","53","14","20","25","40","186","C0010200"
"2295","89780","2","5","3","68","221","197","259","560","422","C0010200"
"2296","7248","2","3","2","48","57","110","141","359","462","C0010200"
"2297","3481","2","5","7","53","51","342","454","573","492","C0010200"
"2298","3284","2","3","2","69","98","169","299","183","243","C0010200"
"2299","2200","2","5","7","53","51","342","454","573","492","C0010200"
"2300","10228","2","5","7","60","54","24","98","66","203","C0010200"
"2301","3845","2","5","7","60","54","24","30","46","72","C0010200"
"2302","546","2","3","12","19","31","261","426","1","86","C0010200"
"2303","2109","2","3","2","48","170","50","119","444","556","C0010200"
"2304","23461","2","3","5","47","144","185","238","310","392","C0010200"
"2305","8517","2","3","12","41","219","339","156","568","697","C0010200"
"2306","4254","2","5","7","53","14","20","25","40","186","C0010200"
"2307","6229","2","3","2","110","85","237","433","547","671","C0010200"
"2308","4792","2","3","12","41","219","339","156","568","605","C0010200"
"2309","2956","2","3","12","19","31","261","116","1","86","C0010200"
"2310","3383","2","5","7","53","51","119","454","287","116","C0010200"
"2311","2697","2","3","7","76","153","40","38","54","75","C0010200"
"2312","3553","2","5","7","53","51","119","25","489","416","C0010200"
"2313","5449","2","3","3","19","221","321","428","541","667","C0010200"
"2314","1758","2","5","7","53","51","342","454","573","492","C0010246"
"2315","6674","2","3","12","48","57","50","38","54","462","C0010246"
"2316","1355","2","3","2","48","170","50","119","444","556","C0010246"
"2317","2896","2","5","7","34","52","216","395","549","674","C0010246"
"2318","9790","2","3","2","110","85","237","433","547","671","C0010276"
"2319","84197","2","5","2","53","14","20","25","215","186","C0010276"
"2320","5468","2","3","3","19","151","276","91","433","118","C0010276"
"2321","3208","2","5","7","27","36","150","341","223","628","C0010308"
"2322","2263","2","5","7","53","14","20","25","40","186","C0010308"
"2323","843","2","3","12","41","219","339","156","568","697","C0010308"
"2324","4204","2","3","12","19","31","1","426","55","78","C0010308"
"2325","2812","2","5","7","53","51","342","454","573","492","C0010308"
"2326","9076","2","5","6","42","36","71","177","64","219","C0010308"
"2327","2316","2","5","7","53","51","342","454","573","702","C0010308"
"2328","4141","2","3","2","110","85","237","433","547","154","C0010308"
"2329","5538","2","3","2","115","18","340","269","342","444","C0010308"
"2330","5994","2","3","12","19","31","276","91","491","118","C0010308"
"2331","3683","2","5","7","53","51","119","395","549","674","C0010308"
"2332","3718","2","5","7","53","14","20","25","40","186","C0010308"
"2333","3952","2","5","3","53","151","276","91","433","118","C0010308"
"2334","2316","2","5","7","53","51","342","454","573","702","C0010308"
"2335","6125","2","3","2","110","85","237","433","547","671","C0010314"
"2336","3949","2","5","7","60","14","184","341","544","669","C0010314"
"2337","50964","2","5","3","68","221","197","259","423","422","C0010314"
"2338","8450","2","3","12","41","116","268","434","468","213","C0010324"
"2339","846","2","5","4","68","96","326","427","548","672","C0010324"
"2340","2122","2","3","12","19","31","1","426","55","78","C0010481"
"2341","1896","2","5","12","41","219","339","156","568","697","C0010481"
"2342","2146","2","3","12","19","31","1","426","55","78","C0010481"
"2343","4705","2","3","2","48","170","50","119","444","556","C0010495"
"2344","9401","2","3","12","76","31","261","116","1","86","C0010495"
"2345","11020","2","5","7","60","54","24","30","46","72","C0010495"
"2346","23090","2","3","12","19","151","276","91","433","118","C0010495"
"2347","547","2","3","7","76","153","40","38","54","75","C0010495"
"2348","5594","2","5","7","34","14","20","34","540","274","C0010495"
"2349","2720","2","3","7","34","52","216","395","21","599","C0010495"
"2350","7248","2","3","2","48","57","110","141","359","462","C0010495"
"2351","70","2","5","8","63","45","23","103","464","187","C0010495"
"2352","9719","2","5","7","53","51","342","454","573","492","C0010495"
"2353","6532","2","5","8","45","94","199","240","415","666","C0010495"
"2354","2316","2","5","7","53","51","342","454","573","702","C0010495"
"2355","5888","2","3","12","19","31","261","116","1","86","C0010495"
"2356","1203","2","3","2","41","170","342","423","536","342","C0010495"
"2357","7399","2","5","7","53","51","342","454","573","492","C0010495"
"2358","7157","2","3","12","19","31","261","402","489","551","C0010495"
"2359","2213","2","5","7","53","51","119","395","549","674","C0010495"
"2360","8481","2","3","12","76","153","40","38","54","75","C0010495"
"2361","4000","2","3","12","26","105","178","226","297","156","C0010495"
"2362","9215","2","5","2","27","36","150","430","215","628","C0010495"
"2363","6945","2","3","12","19","31","110","141","488","102","C0010495"
"2364","23483","2","3","2","28","191","306","143","452","258","C0010495"
"2365","8626","2","3","3","19","221","321","428","541","667","C0010495"
"2366","5743","2","3","5","53","175","119","167","489","416","C0010495"
"2367","2074","2","3","12","19","31","1","426","55","78","C0010520"
"2368","857","2","5","7","53","45","23","57","83","422","C0010520"
"2369","2301","2","5","6","11","142","225","142","220","673","C0010520"
"2370","10269","2","3","2","48","182","50","119","444","556","C0010520"
"2371","3553","2","5","7","53","51","119","25","489","416","C0010520"
"2372","7450","2","5","7","53","51","342","454","573","492","C0010520"
"2373","25886","2","3","12","76","153","76","136","472","435","C0010520"
"2374","1292","2","5","7","53","51","342","454","573","492","C0010520"
"2375","3481","2","5","7","53","51","342","454","573","492","C0010520"
"2376","213","2","5","7","53","51","342","454","573","492","C0010520"
"2377","5077","2","3","3","19","221","321","428","541","667","C0010520"
"2378","8878","2","3","12","41","219","339","156","568","697","C0010520"
"2379","538","2","3","8","63","45","23","103","464","187","C0010520"
"2380","3115","2","5","7","53","184","119","156","287","116","C0010520"
"2381","8878","2","3","12","41","219","339","156","568","697","C0010520"
"2382","81037","2","3","2","48","170","50","119","444","556","C0010520"
"2383","10479","2","5","7","27","36","150","341","223","628","C0010520"
"2384","8091","2","3","12","110","109","22","262","129","638","C0010674"
"2385","1758","2","5","7","53","51","342","454","573","492","C0010674"
"2386","58","2","5","8","63","45","23","103","464","187","C0010674"
"2387","3630","2","5","7","53","14","20","25","40","186","C0010674"
"2388","3339","2","5","7","53","51","342","454","573","492","C0010674"
"2389","4313","2","5","7","53","51","342","454","573","492","C0010674"
"2390","8626","2","3","3","19","221","321","428","541","667","C0010674"
"2391","338","2","5","7","53","51","342","454","573","492","C0010674"
"2392","1836","2","3","2","35","41","94","260","330","375","C0010674"
"2393","7353","2","3","12","41","219","339","156","568","605","C0010691"
"2394","3440","2","3","12","19","184","118","155","287","116","C0010691"
"2395","6663","2","3","3","19","221","321","428","541","667","C0010691"
"2396","6571","2","3","8","60","36","71","341","223","624","C0010691"
"2397","9632","2","3","7","60","153","40","38","54","203","C0010692"
"2398","5830","2","3","5","43","161","305","409","208","482","C0010692"
"2399","5896","2","3","12","41","116","268","434","568","605","C0010692"
"2400","1280","2","5","7","53","51","342","454","573","492","C0010692"
"2401","9896","2","3","5","80","81","296","399","201","274","C0010701"
"2402","1026","2","3","12","19","31","1","116","489","416","C0010701"
"2403","7138","2","5","8","63","45","23","103","464","187","C0010701"
"2404","30813","2","3","3","19","221","321","428","541","667","C0010701"
"2405","57038","2","3","2","110","85","67","76","252","154","C0010701"
"2406","5897","2","3","12","41","116","268","141","568","605","C0010930"
"2407","6913","2","3","3","19","221","321","428","541","667","C0010930"
"2408","4683","2","3","12","19","31","261","116","1","86","C0010930"
"2409","2626","2","3","12","19","31","118","155","287","116","C0010930"
"2410","5167","2","3","5","32","93","163","207","303","126","C0010964"
"2411","1297","2","5","7","53","51","342","454","573","492","C0010964"
"2412","1277","2","5","7","53","51","342","454","573","492","C0010964"
"2413","8625","2","3","12","19","31","276","91","236","118","C0010964"
"2414","51259","2","3","2","76","153","40","38","54","75","C0010964"
"2415","5728","2","3","5","80","81","339","156","568","605","C0010964"
"2416","4359","2","5","7","53","51","342","454","573","492","C0010964"
"2417","9569","2","3","12","19","31","276","91","433","118","C0010964"
"2418","1629","2","3","2","67","92","293","55","75","311","C0010964"
"2419","885","2","5","4","68","96","326","427","548","672","C0010964"
"2420","2733","2","3","2","22","33","323","66","101","664","C0010964"
"2421","1312","2","3","2","87","79","105","426","129","25","C0010964"
"2422","7473","2","5","3","68","221","197","259","560","422","C0010964"
"2423","720","2","5","7","53","51","342","454","573","492","C0010964"
"2424","8517","2","3","12","41","219","339","156","568","697","C0010964"
"2425","540","2","5","8","63","45","23","103","464","187","C0010964"
"2426","8557","2","5","8","63","45","23","103","464","187","C0010964"
"2427","2706","2","3","12","76","153","40","38","54","75","C0010964"
"2428","5105","2","3","3","67","151","276","91","433","118","C0010964"
"2429","2110","2","3","2","48","170","50","119","444","556","C0010964"
"2430","4318","2","5","7","34","52","216","395","573","492","C0010964"
"2431","1906","2","5","4","68","96","326","427","548","672","C0010964"
"2432","55014","2","3","7","60","153","40","202","66","203","C0010964"
"2433","2263","2","5","7","53","14","20","25","40","186","C0010964"
"2434","7443","2","3","12","19","31","261","34","540","68","C0010964"
"2435","3798","2","3","7","76","153","40","38","54","75","C0010964"
"2436","240","2","3","7","34","52","216","395","489","416","C0010964"
"2437","8600","2","5","7","41","219","339","156","568","697","C0010964"
"2438","72","2","5","8","63","45","23","103","464","187","C0010964"
"2439","7045","2","5","12","19","51","1","426","55","78","C0010964"
"2440","4709","2","3","2","48","170","50","119","444","556","C0011071"
"2441","1187","2","5","8","63","45","23","34","464","187","C0011071"
"2442","6683","2","3","12","76","153","40","38","54","75","C0011071"
"2443","8260","2","3","12","41","85","266","76","287","78","C0011071"
"2444","200879","2","3","5","116","183","295","398","552","622","C0011071"
"2445","27286","2","5","7","53","51","342","444","560","492","C0011071"
"2446","22891","2","3","12","76","153","40","341","54","75","C0011071"
"2447","8766","2","5","7","60","54","24","30","46","72","C0011071"
"2448","4791","2","3","12","41","219","339","156","568","697","C0011071"
"2449","5190","2","3","5","43","161","305","409","208","482","C0011071"
"2450","546","2","3","12","19","31","261","426","1","86","C0011071"
"2451","2629","2","3","5","80","81","250","291","152","420","C0011071"
"2452","5428","2","3","2","48","170","50","119","167","593","C0011071"
"2453","10815","2","5","7","60","36","71","341","223","666","C0011071"
"2454","27429","2","3","12","41","219","339","156","568","697","C0011071"
"2455","6663","2","3","3","19","221","321","428","541","667","C0011071"
"2456","55651","2","3","2","110","85","237","433","547","671","C0011071"
"2457","3423","2","3","5","74","3","342","374","294","590","C0011195"
"2458","10585","2","5","2","27","206","324","430","215","290","C0011195"
"2459","4512","2","3","2","48","170","110","141","359","8","C0011195"
"2460","4988","2","5","4","68","96","326","427","548","672","C0011195"
"2461","396","2","5","7","60","54","24","30","46","72","C0011195"
"2462","9533","2","3","2","19","31","1","426","55","78","C0011206"
"2463","4638","2","5","7","53","45","23","103","464","187","C0011206"
"2464","1186","2","5","8","63","45","23","34","464","187","C0011206"
"2465","867","2","5","7","53","14","184","25","40","669","C0011206"
"2466","1503","2","3","2","76","109","182","235","307","411","C0011206"
"2467","1769","2","3","12","76","153","40","38","54","75","C0011206"
"2468","1387","2","3","12","19","31","276","91","433","118","C0011206"
"2469","54968","2","3","2","48","170","50","119","444","556","C0011206"
"2470","5156","2","5","7","53","14","20","25","40","186","C0011206"
"2471","1487","2","3","12","19","31","1","426","55","340","C0011206"
"2472","4879","2","5","4","68","96","326","427","548","672","C0011253"
"2473","1889","2","5","4","68","96","326","427","548","672","C0011253"
"2474","8626","2","3","3","19","221","321","428","541","667","C0011253"
"2475","5896","2","3","12","41","116","268","434","568","605","C0011253"
"2476","2936","2","3","2","48","57","110","141","359","229","C0011253"
"2477","54903","2","3","12","76","153","40","38","54","75","C0011253"
"2478","55670","2","3","5","43","161","305","409","208","482","C0011253"
"2479","8842","2","5","5","53","82","147","184","179","328","C0011253"
"2480","50964","2","5","3","68","221","197","259","423","422","C0011253"
"2481","9247","2","5","7","53","221","197","259","423","389","C0011253"
"2482","3172","2","3","3","19","151","276","91","433","118","C0011253"
"2483","3081","2","3","2","91","51","3","267","308","429","C0011303"
"2484","7422","2","5","7","53","51","342","454","573","702","C0011303"
"2485","585","2","3","12","76","153","40","38","54","75","C0011303"
"2486","54977","2","3","2","110","85","118","155","287","116","C0011303"
"2487","4952","2","3","5","60","54","184","30","544","669","C0011303"
"2488","6899","2","5","7","53","184","335","259","560","373","C0011303"
"2489","9993","2","5","7","53","51","342","454","573","492","C0011303"
"2490","7040","2","5","7","53","51","342","454","573","492","C0011436"
"2491","652","2","5","7","53","51","342","454","573","492","C0011436"
"2492","4292","2","3","12","19","31","261","116","1","86","C0011436"
"2493","7337","2","3","12","41","116","268","434","468","213","C0011436"
"2494","6786","2","5","8","63","45","23","103","464","187","C0011436"
"2495","8085","2","3","12","19","31","1","426","55","78","C0011573"
"2496","9394","2","3","2","74","58","112","148","193","263","C0011573"
"2497","4621","2","5","8","63","45","23","103","464","187","C0011573"
"2498","10939","2","3","2","48","170","50","119","444","593","C0011573"
"2499","3955","2","5","8","89","124","143","428","236","667","C0011573"
"2500","545","2","3","12","19","31","261","116","1","86","C0011603"
"2501","2908","2","3","12","19","151","276","91","433","118","C0011603"
"2502","2175","2","3","12","19","31","261","116","1","86","C0011603"
"2503","10225","2","5","7","53","51","119","395","549","674","C0011603"
"2504","6446","2","5","8","63","45","23","34","464","187","C0011603"
"2505","3857","2","1","6","11","142","225","142","220","298","C0011603"
"2506","4519","2","3","2","48","170","50","119","508","312","C0011603"
"2507","6657","2","3","12","19","221","321","428","541","667","C0011603"
"2508","1910","2","5","4","68","96","326","427","548","672","C0011606"
"2509","6777","2","5","7","53","14","20","25","40","186","C0011606"
"2510","3110","2","3","3","19","221","321","428","541","667","C0011606"
"2511","7421","2","3","3","19","151","276","91","433","118","C0011606"
"2512","3717","2","5","7","53","14","20","25","40","186","C0011606"
"2513","5297","2","3","2","11","54","225","181","441","555","C0011606"
"2514","10801","2","3","12","76","108","293","141","305","387","C0011606"
"2515","22845","2","3","2","48","68","125","161","214","288","C0011606"
"2516","1184","2","5","8","63","45","23","34","464","187","C0011606"
"2517","8260","2","3","12","41","85","266","76","287","78","C0011606"
"2518","6234","2","3","2","110","85","237","433","547","671","C0011606"
"2519","2697","2","3","7","76","153","40","38","54","75","C0011606"
"2520","3265","2","5","7","60","54","24","30","46","72","C0011606"
"2521","9064","2","5","7","53","14","20","34","540","68","C0011606"
"2522","1136","2","5","8","27","70","99","162","216","290","C0011606"
"2523","54101","2","3","2","48","170","50","347","167","593","C0011606"
"2524","2903","2","5","7","53","14","20","25","223","219","C0011606"
"2525","1277","2","5","7","53","51","342","454","573","492","C0011606"
"2526","9179","2","5","7","60","18","184","341","544","669","C0011606"
"2527","2946","2","3","5","91","175","271","372","471","586","C0011606"
"2528","3425","2","3","5","80","81","166","454","573","492","C0011606"
"2529","894","2","3","12","19","31","1","34","540","68","C0011606"
"2530","1832","2","5","7","34","52","225","142","220","298","C0011606"
"2531","4322","2","5","7","53","51","342","454","573","492","C0011606"
"2532","9997","2","3","2","48","170","50","119","444","556","C0011609"
"2533","1106","2","3","12","19","31","1","426","55","78","C0011609"
"2534","5054","2","5","7","53","51","342","454","573","492","C0011609"
"2535","6492","2","3","3","19","151","276","91","433","118","C0011609"
"2536","55670","2","3","5","43","161","305","409","208","482","C0011609"
"2537","8546","2","5","7","60","18","184","341","544","669","C0011609"
"2538","4908","2","5","7","53","51","342","259","423","389","C0011609"
"2539","2670","2","5","7","27","36","150","341","223","628","C0011609"
"2540","9949","2","3","2","22","33","225","142","220","298","C0011609"
"2541","1947","2","5","7","53","51","20","25","560","373","C0011609"
"2542","1280","2","5","7","53","51","342","454","573","492","C0011609"
"2543","10484","2","3","7","60","153","40","38","54","203","C0011609"
"2544","3553","2","5","7","53","51","119","25","489","416","C0011609"
"2545","9662","2","3","12","76","153","40","38","54","75","C0011609"
"2546","1235","2","5","4","68","96","326","427","548","672","C0011609"
"2547","50939","2","3","12","76","153","40","38","472","435","C0011609"
"2548","8074","2","5","7","53","14","20","25","40","186","C0011609"
"2549","25836","2","3","12","76","153","40","38","54","75","C0011609"
"2550","2516","2","3","3","19","151","276","91","433","118","C0011633"
"2551","1298","2","5","7","53","51","342","454","573","492","C0011633"
"2552","3796","2","3","12","76","153","40","38","54","75","C0011633"
"2553","776","2","5","8","63","36","166","341","390","158","C0011633"
"2554","2314","2","3","12","63","45","184","103","572","658","C0011633"
"2555","3630","2","5","7","53","14","20","25","40","186","C0011633"
"2556","8517","2","3","12","41","219","339","156","568","697","C0011644"
"2557","2475","2","3","2","48","57","110","141","359","462","C0011644"
"2558","6495","2","3","3","19","221","321","428","541","667","C0011644"
"2559","9793","2","3","12","76","153","40","38","54","75","C0011644"
"2560","3930","2","3","2","22","33","323","66","3","464","C0011644"
"2561","100","2","3","5","33","21","47","56","80","199","C0011644"
"2562","6899","2","5","7","53","184","335","259","560","373","C0011644"
"2563","4597","2","3","3","72","151","276","91","433","118","C0011813"
"2564","7040","2","5","7","53","51","342","454","573","492","C0011813"
"2565","4854","2","5","7","53","51","143","428","236","667","C0011813"
"2566","27032","2","5","8","63","45","23","103","464","187","C0011818"
"2567","1278","2","5","7","53","51","342","454","573","492","C0011818"
"2568","9968","2","4","3","24","119","330","214","454","144","C0011818"
"2569","567","2","5","7","34","52","119","395","549","674","C0011848"
"2570","55135","2","3","12","76","137","76","136","472","435","C0011848"
"2571","3845","2","5","7","60","54","24","30","46","72","C0011848"
"2572","4952","2","3","5","60","54","184","30","544","669","C0011848"
"2573","9469","2","3","2","103","189","303","29","475","467","C0011848"
"2574","6469","2","5","3","53","221","197","259","560","422","C0011848"
"2575","4512","2","3","2","48","170","110","141","359","8","C0011848"
"2576","7507","2","3","12","19","31","261","116","1","86","C0011848"
"2577","16","2","3","2","110","85","237","433","547","154","C0011848"
"2578","4758","2","3","7","34","52","216","395","549","517","C0011848"
"2579","1499","2","3","12","19","221","197","259","560","422","C0011859"
"2580","7390","2","3","5","80","81","166","132","175","473","C0011859"
"2581","57096","2","3","12","76","153","40","38","54","75","C0011859"
"2582","3835","2","3","12","76","153","40","38","54","75","C0011859"
"2583","2263","2","5","7","53","14","20","25","40","186","C0011859"
"2584","1123","2","5","7","60","54","24","30","46","72","C0011875"
"2585","6911","2","5","6","19","142","335","259","560","373","C0011875"
"2586","7317","2","3","12","41","116","268","434","468","213","C0011875"
"2587","9370","2","5","3","41","151","276","91","433","118","C0011875"
"2588","9409","2","3","5","43","161","305","409","208","482","C0011875"
"2589","4615","2","3","12","41","219","339","156","568","697","C0011875"
"2590","7461","2","3","7","60","153","40","38","93","75","C0011875"
"2591","2697","2","3","7","76","153","40","38","54","75","C0011875"
"2592","150094","2","3","3","53","14","20","34","540","68","C0011875"
"2593","5591","2","3","12","19","31","261","116","1","86","C0011875"
"2594","3718","2","5","7","53","14","20","25","40","186","C0011875"
"2595","6908","2","3","12","19","31","1","116","159","211","C0011875"
"2596","5290","2","3","7","53","14","20","25","40","186","C0011875"
"2597","5579","2","5","7","53","14","20","34","540","68","C0011875"
"2598","5573","2","3","12","19","184","118","155","287","116","C0011875"
"2599","8200","2","5","7","53","51","342","259","423","389","C0011875"
"2600","9031","2","3","12","19","31","1","426","55","78","C0011880"
"2601","2737","2","3","12","19","116","321","428","54","667","C0011880"
"2602","10161","2","5","4","68","96","326","427","548","672","C0011882"
"2603","3207","2","3","3","19","221","321","428","541","667","C0011882"
"2604","3594","2","5","7","53","51","119","25","560","373","C0011882"
"2605","613","2","5","7","60","54","24","30","46","72","C0011882"
"2606","2110","2","3","2","48","170","50","119","444","556","C0011882"
"2607","1277","2","5","7","53","51","342","454","573","492","C0011882"
"2608","7248","2","3","2","48","57","110","141","359","462","C0011882"
"2609","5328","2","5","7","34","52","216","395","549","674","C0011882"
"2610","8260","2","3","12","41","85","266","76","287","78","C0011882"
"2611","25793","2","3","12","41","116","268","434","468","213","C0011882"
"2612","5332","2","3","4","68","96","326","427","548","672","C0011882"
"2613","1487","2","3","12","19","31","1","426","55","340","C0011882"
"2614","8803","2","3","8","67","92","293","55","75","311","C0011882"
"2615","7345","2","3","12","41","116","268","341","223","628","C0011882"
"2616","3373","2","3","5","80","51","342","454","573","492","C0011884"
"2617","26278","2","3","12","41","116","268","347","271","356","C0011884"
"2618","4313","2","5","7","53","51","342","454","573","492","C0011884"
"2619","1832","2","5","7","34","52","225","142","220","298","C0011884"
"2620","5295","2","5","7","53","14","20","25","40","186","C0011884"
"2621","8481","2","3","12","76","153","40","38","54","75","C0011884"
"2622","60","2","3","12","60","45","184","155","287","78","C0011884"
"2623","10908","2","3","2","97","173","275","377","473","592","C0011884"
"2624","25974","2","3","7","48","51","105","139","186","245","C0011884"
"2625","6833","2","5","8","45","36","166","240","415","666","C0011884"
"2626","1356","2","3","7","53","51","342","454","573","492","C0011884"
"2627","2969","2","3","12","19","31","276","91","433","118","C0011981"
"2628","4247","2","3","2","68","67","320","98","180","279","C0011981"
"2629","1026","2","3","12","19","31","1","116","489","416","C0011981"
"2630","3299","2","3","12","42","81","296","399","201","274","C0011981"
"2631","9927","2","3","12","19","31","118","155","287","116","C0011989"
"2632","4893","2","5","7","34","52","24","30","46","72","C0011989"
"2633","5743","2","3","5","53","175","119","167","489","416","C0011989"
"2634","5727","2","3","12","68","221","197","259","560","422","C0011989"
"2635","58","2","5","8","63","45","23","103","464","187","C0011989"
"2636","1106","2","3","12","19","31","1","426","55","78","C0011993"
"2637","6499","2","3","2","110","85","237","433","547","671","C0011993"
"2638","5915","2","3","3","19","151","276","91","433","118","C0011993"
"2639","4053","2","5","7","53","51","342","454","573","492","C0011998"
"2640","5149","2","3","5","68","38","16","477","596","725","C0011998"
"2641","3549","2","5","3","53","51","197","259","560","422","C0011998"
"2642","23600","2","3","5","80","81","305","409","208","482","C0011998"
"2643","7042","2","5","7","53","51","342","454","573","492","C0012236"
"2644","3930","2","3","2","22","33","323","66","3","464","C0012236"
"2645","4514","2","3","2","48","57","110","141","359","5","C0012236"
"2646","8869","2","3","2","89","124","204","272","347","451","C0012236"
"2647","1962","2","3","5","43","161","305","409","208","482","C0012236"
"2648","3845","2","5","7","60","54","24","30","46","72","C0012236"
"2649","7169","2","5","8","63","45","23","103","464","187","C0012236"
"2650","4204","2","3","12","19","31","1","426","55","78","C0012236"
"2651","6891","2","3","12","41","116","119","156","568","116","C0012236"
"2652","50640","2","3","5","116","183","295","398","243","327","C0012236"
"2653","3559","2","5","7","53","14","20","25","40","186","C0012236"
"2654","4763","2","5","7","60","54","24","30","46","214","C0012243"
"2655","10686","2","5","6","42","36","71","177","64","219","C0012243"
"2656","5885","2","3","12","76","153","40","38","54","75","C0012569"
"2657","5787","2","5","7","34","52","216","395","549","674","C0012569"
"2658","6197","2","3","12","19","14","20","34","540","68","C0012569"
"2659","9499","2","5","7","53","51","23","103","464","187","C0012569"
"2660","6845","2","5","7","60","14","184","341","544","669","C0012569"
"2661","6578","2","3","5","35","41","77","40","57","80","C0012569"
"2662","2260","2","5","7","53","14","20","25","40","186","C0012569"
"2663","1161","2","3","12","41","116","268","434","468","213","C0012569"
"2664","2178","2","3","12","19","31","261","116","1","86","C0012715"
"2665","54209","2","5","7","53","51","119","395","549","674","C0012715"
"2666","7468","2","3","12","19","31","1","426","55","78","C0012715"
"2667","7372","2","3","2","68","119","109","266","182","182","C0012715"
"2668","5745","2","5","4","68","96","326","427","548","672","C0012715"
"2669","1471","2","5","7","34","52","216","395","549","492","C0012739"
"2670","7054","2","3","5","80","81","166","34","258","345","C0012739"
"2671","2243","2","5","7","53","51","342","454","573","492","C0012739"
"2672","5428","2","3","2","48","170","50","119","167","593","C0012739"
"2673","1376","2","3","2","19","151","276","91","433","118","C0012739"
"2674","857","2","5","7","53","45","23","57","83","422","C0012739"
"2675","9049","2","3","3","41","151","276","378","271","356","C0012739"
"2676","2923","2","3","2","41","116","178","378","536","229","C0012739"
"2677","1277","2","5","7","53","51","342","454","573","492","C0012739"
"2678","6709","2","5","7","34","52","216","395","572","158","C0012811"
"2679","790","2","3","12","41","219","339","347","206","627","C0012811"
"2680","7148","2","5","7","53","51","342","454","573","492","C0012811"
"2681","10939","2","3","2","48","170","50","119","444","593","C0012811"
"2682","6657","2","3","12","19","221","321","428","541","667","C0012811"
"2683","4015","2","5","7","53","51","342","454","573","492","C0012811"
"2684","90","2","5","7","53","51","342","259","423","389","C0012811"
"2685","2944","2","3","5","91","175","271","372","471","586","C0012811"
"2686","9217","2","3","2","50","47","39","100","321","255","C0012811"
"2687","7291","2","3","12","19","151","276","91","489","416","C0012811"
"2688","55997","2","5","3","53","221","321","259","423","389","C0012811"
"2689","7369","2","5","7","53","51","119","395","549","674","C0012811"
"2690","4880","2","3","4","19","96","326","427","548","672","C0012811"
"2691","23594","2","3","12","76","153","261","116","1","86","C0012811"
"2692","9622","2","5","7","68","51","119","395","549","674","C0012811"
"2693","987","2","3","6","48","94","279","347","330","304","C0012819"
"2694","54361","2","5","3","68","221","197","259","560","422","C0012819"
"2695","4125","2","3","7","34","52","216","395","549","674","C0012819"
"2696","3984","2","5","7","53","14","20","34","540","68","C0012819"
"2697","2774","2","2","1","9","15","21","28","42","62","C0012819"
"2698","23363","2","3","12","41","116","268","434","468","213","C0012819"
"2699","7473","2","5","3","68","221","197","259","560","422","C0012819"
"2700","6121","2","3","2","69","83","101","126","170","224","C0012819"
"2701","10558","2","3","2","50","47","39","100","321","209","C0012819"
"2702","10907","2","3","2","22","33","323","66","101","136","C0012819"
"2703","51259","2","3","2","76","153","40","38","54","75","C0012819"
"2704","3458","2","5","7","53","184","119","156","287","116","C0012819"
"2705","2200","2","5","7","53","51","342","454","573","492","C0012819"
"2706","58495","2","5","3","19","221","321","259","560","422","C0012819"
"2707","5077","2","3","3","19","221","321","428","541","667","C0012819"
"2708","3280","2","3","12","19","31","143","428","236","667","C0012833"
"2709","3630","2","5","7","53","14","20","25","40","186","C0012833"
"2710","23171","2","3","5","116","183","295","398","552","622","C0012833"
"2711","2556","2","5","8","27","70","99","162","216","290","C0012833"
"2712","2200","2","5","7","53","51","342","454","573","492","C0012833"
"2713","3560","2","5","7","53","14","20","25","40","186","C0012833"
"2714","477","2","3","8","63","45","23","103","464","187","C0012833"
"2715","54840","2","3","12","19","31","261","116","1","86","C0012833"
"2716","5605","2","5","7","53","14","20","34","540","68","C0012833"
"2717","8575","2","3","2","22","33","323","66","101","194","C0012833"
"2718","445","2","3","2","84","97","167","210","278","360","C0012833"
"2719","2239","2","3","2","74","51","342","454","573","492","C0012833"
"2720","547","2","3","7","76","153","40","38","54","75","C0012833"
"2721","3636","2","3","5","80","14","20","25","40","186","C0012833"
"2722","6638","2","3","2","22","33","323","66","101","136","C0012833"
"2723","1302","2","5","7","53","51","342","454","573","492","C0012833"
"2724","81622","2","3","2","48","219","50","156","444","697","C0012833"
"2725","5906","2","5","7","34","52","216","30","46","72","C0012833"
"2726","1191","2","5","7","53","51","342","454","573","702","C0012833"
"2727","6338","2","5","8","63","45","23","34","464","187","C0012833"
"2728","2483","2","3","2","22","33","323","66","101","136","C0012833"
"2729","5889","2","3","12","19","31","261","116","1","86","C0012833"
"2730","1268","2","5","4","68","96","326","427","548","672","C0012833"
"2731","26154","2","3","5","47","144","185","238","310","392","C0012833"
"2732","183","2","5","4","68","96","326","427","548","672","C0012833"
"2733","2737","2","3","12","19","116","321","428","54","667","C0012833"
"2734","2316","2","5","7","53","51","342","454","573","702","C0012833"
"2735","8815","2","3","12","22","33","323","66","444","664","C0012833"
"2736","25836","2","3","12","76","153","40","38","54","75","C0013069"
"2737","5741","2","5","4","68","96","326","427","548","672","C0013069"
"2738","406","2","3","3","19","151","276","91","433","118","C0013069"
"2739","2316","2","5","7","53","51","342","454","573","702","C0013069"
"2740","3643","2","5","7","53","14","20","25","40","186","C0013069"
"2741","4792","2","3","12","41","219","339","156","568","605","C0013069"
"2742","6866","2","5","4","68","96","326","427","548","672","C0013069"
"2743","2018","2","3","3","19","221","321","428","541","667","C0013069"
"2744","55612","2","5","7","60","36","71","177","560","701","C0013069"
"2745","4088","2","3","12","19","219","339","259","423","605","C0013080"
"2746","1145","2","5","8","27","70","99","162","216","290","C0013080"
"2747","5727","2","3","12","68","221","197","259","560","422","C0013080"
"2748","9518","2","5","7","53","51","342","259","423","389","C0013080"
"2749","3425","2","3","5","80","81","166","454","573","492","C0013080"
"2750","10082","2","3","2","74","51","342","454","573","492","C0013080"
"2751","5053","2","3","5","80","81","166","236","308","390","C0013080"
"2752","55280","2","3","2","22","33","323","66","101","136","C0013080"
"2753","1583","2","3","5","79","152","273","375","100","589","C0013080"
"2754","51715","2","5","7","60","54","24","30","46","72","C0013080"
"2755","4068","2","5","7","53","51","119","25","549","674","C0013080"
"2756","3456","2","3","12","19","31","118","155","287","116","C0013080"
"2757","5230","2","3","12","72","167","266","367","500","577","C0013080"
"2758","1294","2","5","7","53","51","342","454","573","492","C0013080"
"2759","1356","2","3","7","53","51","342","454","573","492","C0013132"
"2760","4204","2","3","12","19","31","1","426","55","78","C0013132"
"2761","9663","2","3","5","80","81","296","51","488","102","C0013132"
"2762","3284","2","3","2","69","98","169","299","183","243","C0013132"
"2763","6134","2","3","2","110","85","237","433","547","671","C0013132"
"2764","23094","2","5","7","42","36","71","177","223","219","C0013132"
"2765","7476","2","5","3","68","221","197","259","560","422","C0013132"
"2766","26154","2","3","5","47","144","185","238","310","392","C0013132"
"2767","4915","2","5","7","53","14","20","25","40","186","C0013132"
"2768","2879","2","3","5","80","81","166","378","173","229","C0013132"
"2769","240","2","3","7","34","52","216","395","489","416","C0013132"
"2770","10577","2","5","7","34","52","216","395","549","674","C0013132"
"2771","1130","2","5","7","60","54","326","141","359","462","C0013132"
"2772","367","2","3","12","19","31","276","91","433","118","C0013132"
"2773","4001","2","3","12","76","31","40","38","54","75","C0013132"
"2774","2138","2","3","12","19","31","1","426","55","78","C0013132"
"2775","3291","2","3","2","69","83","101","94","133","318","C0013132"
"2776","9129","2","3","2","22","33","323","66","101","136","C0013132"
"2777","4313","2","5","7","53","51","342","454","573","492","C0013132"
"2778","355","2","3","7","41","219","339","156","568","697","C0013132"
"2779","10269","2","3","2","48","182","50","119","444","556","C0013132"
"2780","51010","2","3","2","110","85","237","433","547","671","C0013132"
"2781","7067","2","3","3","19","151","276","91","433","118","C0013132"
"2782","3418","2","3","2","67","151","276","33","48","155","C0013132"
"2783","2108","2","3","2","48","170","50","119","444","556","C0013132"
"2784","846","2","5","4","68","96","326","427","548","672","C0013132"
"2785","1832","2","5","7","34","52","225","142","220","298","C0013132"
"2786","8328","2","3","12","19","31","1","426","55","78","C0013144"
"2787","4704","2","3","2","48","170","50","119","444","556","C0013144"
"2788","10008","2","5","8","63","36","166","341","223","158","C0013144"
"2789","10269","2","3","2","48","182","50","119","444","556","C0013144"
"2790","1737","2","3","2","67","92","293","55","75","311","C0013144"
"2791","6794","2","3","12","53","14","20","34","540","68","C0013144"
"2792","23384","2","3","12","63","45","184","103","572","658","C0013144"
"2793","84466","2","5","7","60","175","184","341","544","669","C0013238"
"2794","5506","2","3","12","76","137","76","136","82","658","C0013238"
"2795","2068","2","3","12","19","31","261","116","159","211","C0013238"
"2796","5376","2","5","7","53","51","342","454","573","492","C0013238"
"2797","4137","2","3","7","27","36","150","341","223","628","C0013238"
"2798","5894","2","5","7","60","54","23","34","464","187","C0013238"
"2799","2022","2","5","7","53","51","342","259","423","389","C0013238"
"2800","2707","2","3","12","76","153","40","38","54","75","C0013238"
"2801","51025","2","3","2","48","170","50","304","167","593","C0013261"
"2802","10269","2","3","2","48","182","50","119","444","556","C0013261"
"2803","6310","2","3","12","22","142","225","366","362","468","C0013261"
"2804","775","2","5","8","63","36","166","341","223","158","C0013261"
"2805","26277","2","3","12","19","31","1","426","1","78","C0013261"
"2806","7174","2","3","12","41","116","268","434","468","213","C0013261"
"2807","23384","2","3","12","63","45","184","103","572","658","C0013264"
"2808","55240","2","3","5","29","88","132","402","489","551","C0013264"
"2809","7020","2","3","12","19","31","276","91","433","664","C0013264"
"2810","51062","2","5","7","27","36","150","402","489","373","C0013264"
"2811","8302","2","5","7","53","51","119","395","549","674","C0013264"
"2812","3351","2","5","4","68","96","326","427","548","672","C0013264"
"2813","7827","2","5","7","53","170","335","25","560","373","C0013264"
"2814","5194","2","3","5","43","161","305","409","208","482","C0013295"
"2815","4976","2","3","2","48","170","50","119","444","556","C0013295"
"2816","25792","2","3","12","22","31","261","195","256","340","C0013295"
"2817","7431","2","3","12","41","45","23","103","489","416","C0013295"
"2818","9791","2","3","8","45","94","199","240","415","666","C0013295"
"2819","488","2","5","8","63","45","23","103","464","187","C0013295"
"2820","229","2","3","2","90","167","266","367","500","577","C0013295"
"2821","23090","2","3","12","19","151","276","91","433","118","C0013338"
"2822","8200","2","5","7","53","51","342","259","423","389","C0013338"
"2823","4210","2","3","12","41","219","339","156","568","697","C0013338"
"2824","53834","2","5","7","53","51","342","454","573","492","C0013338"
"2825","55135","2","3","12","76","137","76","136","472","435","C0013363"
"2826","2263","2","5","7","53","14","20","25","40","186","C0013363"
"2827","10644","2","3","2","22","33","323","66","101","136","C0013363"
"2828","2581","2","3","5","80","81","250","291","152","420","C0013363"
"2829","2702","2","3","12","76","153","40","38","54","75","C0013363"
"2830","5915","2","3","3","19","151","276","91","433","118","C0013363"
"2831","8200","2","5","7","53","51","342","259","423","389","C0013363"
"2832","79048","2","3","2","110","85","237","433","547","671","C0013363"
"2833","23592","2","3","12","26","105","342","259","423","389","C0013363"
"2834","5621","2","5","8","27","36","342","454","573","628","C0013363"
"2835","5190","2","3","5","43","161","305","409","208","482","C0013363"
"2836","2188","2","3","12","19","31","261","116","1","86","C0013363"
"2837","2316","2","5","7","53","51","342","454","573","702","C0013363"
"2838","5631","2","3","2","72","119","109","266","336","452","C0013363"
"2839","10743","2","3","3","19","151","276","91","433","118","C0013363"
"2840","3431","2","3","12","53","184","119","156","287","116","C0013363"
"2841","4998","2","3","12","76","31","261","116","1","86","C0013363"
"2842","6336","2","5","8","63","36","166","341","390","158","C0013363"
"2843","3769","2","5","8","63","36","166","106","110","158","C0013363"
"2844","1080","2","3","12","41","219","339","156","544","669","C0013363"
"2845","5145","2","3","4","68","45","272","259","518","621","C0013374"
"2846","404672","2","3","12","19","31","1","116","159","211","C0013374"
"2847","23729","2","3","2","90","167","148","36","51","383","C0013374"
"2848","2121","2","3","12","41","116","268","434","568","605","C0013374"
"2849","196","2","3","3","19","151","276","91","433","118","C0013377"
"2850","1482","2","3","3","19","221","321","428","541","667","C0013377"
"2851","3600","2","5","7","53","51","119","25","40","186","C0013377"
"2852","5999","2","5","4","68","96","326","427","548","672","C0013377"
"2853","4141","2","3","2","110","85","237","433","547","154","C0013377"
"2854","715","2","5","7","53","51","119","395","549","674","C0013377"
"2855","2153","2","5","7","53","51","342","454","573","492","C0013377"
"2856","26229","2","3","2","74","205","191","396","408","257","C0013384"
"2857","5626","2","3","3","19","221","321","428","541","667","C0013384"
"2858","284","2","5","7","53","14","20","25","40","186","C0013384"
"2859","22856","2","3","2","78","189","303","251","320","403","C0013384"
"2860","2261","2","5","7","53","14","20","25","40","186","C0013384"
"2861","10806","2","3","12","76","153","40","38","54","75","C0013384"
"2862","1280","2","5","7","53","51","342","454","573","492","C0013384"
"2863","257","2","3","3","19","221","321","428","541","667","C0013384"
"2864","2495","2","3","7","34","52","216","395","274","358","C0013384"
"2865","5048","2","3","12","76","153","40","38","54","75","C0013384"
"2866","11285","2","3","2","74","205","191","396","408","620","C0013384"
"2867","1019","2","3","12","19","31","1","116","1","86","C0013384"
"2868","51308","2","2","1","9","15","21","28","42","62","C0013384"
"2869","27077","2","3","12","76","153","40","38","54","75","C0013384"
"2870","51085","2","3","2","48","57","110","141","359","462","C0013384"
"2871","9426","2","3","12","19","31","1","426","55","78","C0013384"
"2872","2299","2","3","3","19","221","321","428","541","667","C0013386"
"2873","10269","2","3","2","48","182","50","119","444","556","C0013386"
"2874","4982","2","5","12","41","219","339","156","568","697","C0013386"
"2875","23400","2","5","8","63","45","23","103","464","187","C0013386"
"2876","3887","2","1","6","11","142","225","142","220","298","C0013386"
"2877","27031","2","3","6","11","142","225","38","331","506","C0013386"
"2878","10243","2","3","2","27","91","71","204","267","352","C0013386"
"2879","1758","2","5","7","53","51","342","454","573","492","C0013386"
"2880","7169","2","5","8","63","45","23","103","464","187","C0013386"
"2881","785","2","5","8","63","36","166","106","110","158","C0013386"
"2882","1356","2","3","7","53","51","342","454","573","492","C0013386"
"2883","7140","2","5","8","63","45","23","103","464","187","C0013386"
"2884","3835","2","3","12","76","153","40","38","54","75","C0013386"
"2885","113878","2","3","7","41","124","143","428","236","667","C0013386"
"2886","1893","2","5","7","53","51","342","454","573","702","C0013386"
"2887","7421","2","3","3","19","151","276","91","433","118","C0013390"
"2888","3663","2","3","12","53","184","119","156","287","116","C0013390"
"2889","4524","2","3","2","15","166","104","369","117","583","C0013390"
"2890","10907","2","3","2","22","33","323","66","101","136","C0013390"
"2891","3098","2","3","2","90","167","266","367","500","577","C0013390"
"2892","1440","2","5","7","53","51","119","25","489","416","C0013405"
"2893","4054","2","5","7","53","51","342","454","573","492","C0013405"
"2894","3558","2","5","7","53","14","20","25","40","186","C0013405"
"2895","11277","2","3","12","19","31","261","116","1","86","C0013405"
"2896","207","2","3","7","53","14","20","34","489","416","C0013405"
"2897","7048","2","5","7","53","51","342","259","423","389","C0013405"
"2898","4338","2","3","2","110","85","75","204","267","352","C0013405"
"2899","9445","2","3","12","19","31","1","426","55","78","C0013405"
"2900","9915","2","3","3","27","151","276","91","433","118","C0013405"
"2901","93","2","5","7","53","14","20","259","423","389","C0013405"
"2902","94","2","5","7","53","51","342","259","423","389","C0013405"
"2903","1978","2","3","2","48","57","110","141","359","462","C0013405"
"2904","2006","2","5","7","53","51","342","454","573","492","C0013405"
"2905","25885","2","3","12","19","31","1","426","55","78","C0013415"
"2906","4763","2","5","7","60","54","24","30","46","214","C0013415"
"2907","55630","2","3","5","27","81","99","162","216","290","C0013415"
"2908","5077","2","3","3","19","221","321","428","541","667","C0013415"
"2909","1761","2","3","3","19","221","321","428","541","667","C0013415"
"2910","23229","2","5","7","60","54","24","30","46","72","C0013415"
"2911","22948","2","3","12","76","137","76","136","472","435","C0013423"
"2912","54551","2","3","12","41","219","197","156","568","422","C0013423"
"2913","3295","2","3","5","43","161","305","409","208","482","C0013423"
"2914","2626","2","3","12","19","31","118","155","287","116","C0013423"
"2915","348","2","5","7","53","51","342","454","573","492","C0013423"
"2916","4893","2","5","7","34","52","24","30","46","72","C0013428"
"2917","1272","2","5","7","53","51","335","444","236","373","C0013428"
"2918","11253","2","3","2","41","116","268","423","536","445","C0013502"
"2919","6392","2","3","2","48","170","50","119","444","556","C0013502"
"2920","5327","2","5","7","53","51","342","454","573","492","C0013502"
"2921","6638","2","3","2","22","33","323","66","101","136","C0013528"
"2922","8139","2","3","12","41","116","268","434","468","213","C0013528"
"2923","26580","2","5","8","27","70","99","162","216","290","C0013528"
"2924","965","2","5","7","34","52","216","395","549","674","C0013528"
"2925","10342","2","3","7","60","219","40","202","66","203","C0013528"
"2926","10743","2","3","3","19","151","276","91","433","118","C0013528"
"2927","6319","2","3","5","19","151","340","45","22","698","C0013528"
"2928","3845","2","5","7","60","54","24","30","46","72","C0013528"
"2929","6473","2","3","3","19","221","321","428","541","667","C0013528"
"2930","6514","2","5","7","90","216","337","448","565","562","C0013575"
"2931","10535","2","3","12","76","153","40","38","54","75","C0013575"
"2932","79058","2","3","7","60","54","110","141","359","215","C0013575"
"2933","6342","2","3","5","80","161","305","409","208","482","C0013575"
"2934","6866","2","5","4","68","96","326","427","548","672","C0013575"
"2935","5293","2","3","7","53","14","20","25","40","186","C0013575"
"2936","3854","2","1","6","11","142","225","142","220","298","C0013575"
"2937","668","2","3","12","19","221","321","428","541","664","C0013575"
"2938","10939","2","3","2","48","170","50","119","444","593","C0013575"
"2939","6390","2","3","2","48","170","50","119","444","556","C0013575"
"2940","2201","2","5","7","53","51","342","454","573","492","C0013575"
"2941","11277","2","3","12","19","31","261","116","1","86","C0013575"
"2942","1280","2","5","7","53","51","342","454","573","492","C0013575"
"2943","6638","2","3","2","22","33","323","66","101","136","C0013581"
"2944","6611","2","3","2","58","55","25","46","329","198","C0013581"
"2945","9990","2","5","8","45","94","199","240","415","666","C0013581"
"2946","6606","2","3","2","22","33","323","66","101","136","C0013581"
"2947","3043","2","5","7","34","52","216","395","549","116","C0013581"
"2948","7994","2","3","12","19","31","1","426","55","78","C0013581"
"2949","54476","2","3","12","41","219","339","156","568","697","C0013581"
"2950","138050","2","5","7","34","52","216","395","549","674","C0013581"
"2951","7422","2","5","7","53","51","342","454","573","702","C0013581"
"2952","10269","2","3","2","48","182","50","119","444","556","C0013581"
"2953","2812","2","5","7","53","51","342","454","573","492","C0013581"
"2954","2177","2","3","2","110","90","261","431","545","443","C0013581"
"2955","2255","2","5","7","53","14","20","25","40","186","C0013581"
"2956","4830","2","3","2","72","109","182","235","307","506","C0013581"
"2957","1493","2","5","7","53","51","119","25","40","186","C0013581"
"2958","1374","2","3","2","19","151","276","91","433","118","C0013581"
"2959","8481","2","3","12","76","153","40","38","54","75","C0013581"
"2960","1290","2","5","7","53","51","342","454","573","492","C0013592"
"2961","6336","2","5","8","63","36","166","341","390","158","C0013592"
"2962","10815","2","5","7","60","36","71","341","223","666","C0013592"
"2963","7468","2","3","12","19","31","1","426","55","78","C0013592"
"2964","5167","2","3","5","32","93","163","207","303","126","C0013592"
"2965","4214","2","3","12","41","219","339","34","540","117","C0013592"
"2966","627","2","5","7","53","51","335","444","423","373","C0013592"
"2967","1277","2","5","7","53","51","342","454","573","492","C0013592"
"2968","23534","2","3","2","22","33","323","66","101","136","C0013592"
"2969","1293","2","5","7","53","51","342","454","573","492","C0013592"
"2970","10008","2","5","8","63","36","166","341","223","158","C0013592"
"2971","6662","2","3","3","19","221","321","428","541","667","C0013592"
"2972","8220","2","3","2","22","33","323","66","101","136","C0013592"
"2973","2317","2","5","7","63","45","23","103","287","664","C0013592"
"2974","5922","2","5","7","60","54","24","30","46","72","C0013592"
"2975","3569","2","5","7","53","51","342","454","573","416","C0013592"
"2976","4261","2","3","12","53","184","119","156","287","116","C0013592"
"2977","213","2","5","7","53","51","342","454","573","492","C0013592"
"2978","1187","2","5","8","63","45","23","34","464","187","C0013592"
"2979","2308","2","3","12","19","151","276","91","489","416","C0013592"
"2980","658","2","5","7","53","51","342","259","423","389","C0013592"
"2981","2516","2","3","3","19","151","276","91","433","118","C0013608"
"2982","6499","2","3","2","110","85","237","433","547","671","C0013608"
"2983","7737","2","3","12","22","33","268","434","468","213","C0013720"
"2984","3954","2","3","2","48","170","67","119","444","593","C0013720"
"2985","5580","2","5","7","34","52","216","395","287","116","C0013902"
"2986","286","2","5","7","60","153","40","38","54","203","C0013902"
"2987","53834","2","5","7","53","51","342","454","573","492","C0013902"
"2988","64764","2","3","5","26","35","276","91","433","156","C0013902"
"2989","2516","2","3","3","19","151","276","91","433","118","C0013902"
"2990","7515","2","3","12","19","31","261","116","1","86","C0013902"
"2991","10020","2","3","2","89","124","204","42","452","258","C0013902"
"2992","2990","2","3","7","34","52","216","395","549","674","C0013902"
"2993","5290","2","3","7","53","14","20","25","40","186","C0013902"
"2994","4846","2","3","5","41","219","75","243","44","64","C0013903"
"2995","3035","2","3","2","110","85","237","433","547","154","C0013903"
"2996","2177","2","3","2","110","90","261","431","545","443","C0013903"
"2997","2200","2","5","7","53","51","342","454","573","492","C0013990"
"2998","3977","2","5","7","53","51","119","25","40","416","C0013990"
"2999","26191","2","5","7","53","14","20","25","40","186","C0013990"
"3000","1896","2","5","12","41","219","339","156","568","697","C0013990"
"3001","50940","2","3","4","68","96","326","427","548","672","C0013990"
"3002","6399","2","5","7","60","54","24","30","46","72","C0013990"
"3003","54332","2","3","2","60","170","40","98","66","203","C0013990"
"3004","1236","2","5","4","68","96","326","427","548","672","C0013990"
"3005","1760","2","5","8","63","14","20","34","540","68","C0013990"
"3006","9786","2","3","12","76","153","40","38","54","75","C0013990"
"3007","1109","2","3","2","46","51","227","168","225","490","C0014038"
"3008","1355","2","3","2","48","170","50","119","444","556","C0014038"
"3009","633","2","5","7","53","51","342","454","573","492","C0014038"
"3010","2072","2","3","12","19","31","261","116","1","86","C0014038"
"3011","3784","2","5","8","63","36","166","106","110","158","C0014038"
"3012","1441","2","5","7","53","51","119","25","40","186","C0014038"
"3013","1778","2","3","7","76","153","40","38","54","75","C0014038"
"3014","538","2","3","8","63","45","23","103","464","187","C0014038"
"3015","27229","2","3","12","76","153","40","38","54","75","C0014038"
"3016","1756","2","5","8","63","45","23","103","464","187","C0014038"
"3017","55636","2","3","3","19","221","321","428","423","389","C0014038"
"3018","1717","2","3","2","19","151","276","48","69","204","C0014065"
"3019","3670","2","3","2","110","85","237","433","547","671","C0014065"
"3020","4843","2","3","5","43","161","305","409","489","416","C0014065"
"3021","5159","2","5","7","53","14","20","25","40","186","C0014065"
"3022","7428","2","3","12","41","116","268","434","468","213","C0014065"
"3023","4726","2","3","2","48","170","50","119","444","556","C0014065"
"3024","943","2","3","12","41","219","339","156","568","697","C0014065"
"3025","5805","2","3","2","43","91","75","204","267","352","C0014065"
"3026","6323","2","5","8","63","36","166","341","390","158","C0014065"
"3027","8647","2","3","5","46","158","252","352","449","563","C0014065"
"3028","9820","2","3","12","41","116","268","434","468","213","C0014065"
"3029","3758","2","5","8","63","36","166","106","110","158","C0014065"
"3030","3166","2","3","3","19","221","321","428","541","667","C0014065"
"3031","23426","2","5","7","42","36","71","177","223","219","C0014065"
"3032","8139","2","3","12","41","116","268","434","468","213","C0014065"
"3033","5130","2","3","2","85","143","286","51","488","102","C0014065"
"3034","1545","2","3","5","91","175","271","372","443","558","C0014065"
"3035","9445","2","3","12","19","31","1","426","55","78","C0014065"
"3036","7227","2","3","12","19","31","276","91","433","118","C0014065"
"3037","1281","2","5","7","53","51","342","454","573","492","C0014065"
"3038","585","2","3","12","76","153","40","38","54","75","C0014065"
"3039","8726","2","3","12","19","31","1","426","55","78","C0014067"
"3040","9031","2","3","12","19","31","1","426","55","78","C0014067"
"3041","5913","2","5","7","27","36","71","341","223","219","C0014067"
"3042","5313","2","3","2","90","167","321","428","541","115","C0014067"
"3043","25836","2","3","12","76","153","40","38","54","75","C0014067"
"3044","8504","2","3","5","47","144","185","238","310","392","C0014067"
"3045","7056","2","5","7","53","51","119","454","573","492","C0014067"
"3046","5327","2","5","7","53","51","342","454","573","492","C0014067"
"3047","4306","2","3","3","19","151","276","91","433","118","C0014067"
"3048","4852","2","5","4","68","96","326","427","548","672","C0014067"
"3049","5295","2","5","7","53","14","20","25","40","186","C0014072"
"3050","7436","2","5","7","53","51","342","341","544","669","C0014072"
"3051","50485","2","3","12","19","31","261","116","1","86","C0014072"
"3052","3569","2","5","7","53","51","342","454","573","416","C0014072"
"3053","4985","2","5","4","68","96","326","427","548","672","C0014072"
"3054","5308","2","3","3","19","221","321","428","541","667","C0014072"
"3055","3039","2","3","5","35","41","118","155","287","116","C0014072"
"3056","5244","2","3","3","41","151","276","91","433","118","C0014084"
"3057","4982","2","5","12","41","219","339","156","568","697","C0014084"
"3058","6910","2","3","12","19","51","335","444","560","373","C0014084"
"3059","2260","2","5","7","53","14","20","25","40","186","C0014084"
"3060","5982","2","3","12","19","31","261","116","1","86","C0014084"
"3061","5339","2","5","7","53","51","342","454","573","492","C0014116"
"3062","7436","2","5","7","53","51","342","341","544","669","C0014116"
"3063","1798","2","3","2","48","69","99","162","216","290","C0014116"
"3064","2629","2","3","5","80","81","250","291","152","420","C0014116"
"3065","351","2","5","4","68","96","326","188","145","193","C0014116"
"3066","1828","2","5","7","34","52","216","142","220","298","C0014116"
"3067","30008","2","5","7","53","51","342","454","573","492","C0014116"
"3068","1540","2","3","12","41","219","339","156","568","605","C0014116"
"3069","27077","2","3","12","76","153","40","38","54","75","C0014116"
"3070","4548","2","3","2","15","85","105","139","186","245","C0014116"
"3071","5076","2","3","3","19","221","321","428","541","667","C0014116"
"3072","7020","2","3","12","19","31","276","91","433","664","C0014116"
"3073","4204","2","3","12","19","31","1","426","55","78","C0014116"
"3074","1289","2","5","7","53","51","342","454","573","492","C0014116"
"3075","4322","2","5","7","53","51","342","454","573","492","C0014116"
"3076","538","2","3","8","63","45","23","103","464","187","C0014116"
"3077","5573","2","3","12","19","184","118","155","287","116","C0014116"
"3078","5922","2","5","7","60","54","24","30","46","72","C0014117"
"3079","5205","2","3","8","63","45","23","103","464","619","C0014117"
"3080","3930","2","3","2","22","33","323","66","3","464","C0014117"
"3081","4351","2","3","2","90","167","266","367","500","577","C0014117"
"3082","5604","2","5","7","53","14","20","34","540","68","C0014117"
"3083","4854","2","5","7","53","51","143","428","236","667","C0014130"
"3084","7476","2","5","3","68","221","197","259","560","422","C0014130"
"3085","1639","2","3","12","76","153","40","38","54","75","C0014130"
"3086","3265","2","5","7","60","54","24","30","46","72","C0014130"
"3087","3190","2","3","2","22","33","323","66","101","136","C0014130"
"3088","7132","2","3","12","41","219","339","156","568","697","C0014130"
"3089","23522","2","3","12","19","31","1","426","55","78","C0014130"
"3090","5744","2","5","4","68","96","326","427","548","672","C0014130"
"3091","5468","2","3","3","19","151","276","91","433","118","C0014130"
"3092","29954","2","5","2","27","206","324","430","215","290","C0014130"
"3093","282617","2","5","7","53","51","119","25","40","186","C0014130"
"3094","10002","2","3","3","19","151","276","91","433","118","C0014173"
"3095","4868","2","5","7","53","51","335","25","560","373","C0014173"
"3096","558","2","5","7","53","14","20","25","40","186","C0014173"
"3097","8820","2","3","3","19","221","321","428","541","667","C0014173"
"3098","5728","2","3","5","80","81","339","156","568","605","C0014173"
"3099","23090","2","3","12","19","151","276","91","433","118","C0014324"
"3100","25942","2","3","12","19","31","1","426","55","78","C0014324"
"3101","27130","2","3","12","48","45","143","38","236","69","C0014324"
"3102","10847","2","3","12","19","31","1","426","55","78","C0014324"
"3103","7337","2","3","12","41","116","268","434","468","213","C0014324"
"3104","6331","2","5","8","63","36","166","341","223","158","C0014324"
"3105","4338","2","3","2","110","85","75","204","267","352","C0014356"
"3106","3759","2","5","8","63","36","166","106","110","158","C0014356"
"3107","7249","2","3","7","60","57","110","141","359","462","C0014356"
"3108","6347","2","5","7","53","51","119","427","489","416","C0014356"
"3109","2677","2","5","7","53","51","342","454","573","492","C0014356"
"3110","3123","2","5","7","53","51","119","156","287","116","C0014356"
"3111","2006","2","5","7","53","51","342","454","573","492","C0014390"
"3112","1277","2","5","7","53","51","342","454","573","492","C0014390"
"3113","6235","2","3","2","110","85","237","433","547","671","C0014390"
"3114","25782","2","5","7","60","54","24","30","46","72","C0014390"
"3115","5004","2","5","7","34","52","216","395","549","674","C0014390"
"3116","3784","2","5","8","63","36","166","106","110","158","C0014390"
"3117","2778","2","5","4","68","96","326","427","548","672","C0014390"
"3118","7737","2","3","12","22","33","268","434","468","213","C0014390"
"3119","2294","2","3","3","19","221","321","428","541","667","C0014394"
"3120","5443","2","5","4","68","96","326","427","548","672","C0014394"
"3121","845","2","5","8","63","45","23","34","464","187","C0014394"
"3122","23095","2","3","7","76","153","40","38","54","75","C0014394"
"3123","2736","2","3","12","41","116","321","428","54","667","C0014394"
"3124","6535","2","5","8","45","94","199","240","415","666","C0014394"
"3125","554","2","5","4","68","96","326","427","548","672","C0014394"
"3126","23141","2","3","12","76","105","40","226","489","435","C0014457"
"3127","1301","2","5","7","53","51","342","454","573","492","C0014457"
"3128","4000","2","3","12","26","105","178","226","297","156","C0014457"
"3129","6329","2","5","8","63","36","166","341","390","158","C0014457"
"3130","26229","2","3","2","74","205","191","396","408","257","C0014457"
"3131","182","2","5","7","53","51","143","428","236","667","C0014457"
"3132","64220","2","3","2","69","83","101","126","170","224","C0014457"
"3133","1280","2","5","7","53","51","342","454","573","492","C0014457"
"3134","6261","2","5","8","63","45","23","34","464","187","C0014457"
"3135","4000","2","3","12","26","105","178","226","297","156","C0014457"
"3136","25836","2","3","12","76","153","40","38","54","75","C0014457"
"3137","4351","2","3","2","90","167","266","367","500","577","C0014457"
"3138","2006","2","5","7","53","51","342","454","573","492","C0014457"
"3139","6648","2","3","2","95","151","160","378","173","229","C0014457"
"3140","5781","2","5","7","53","14","20","25","40","186","C0014457"
"3141","10733","2","3","12","76","153","40","38","54","75","C0014457"
"3142","889","2","5","7","60","45","23","306","64","436","C0014457"
"3143","10804","2","3","12","76","153","40","38","54","75","C0014457"
"3144","65062","2","3","2","48","170","50","119","444","556","C0014457"
"3145","538","2","3","8","63","45","23","103","464","187","C0014457"
"3146","8216","2","3","12","41","119","330","214","454","144","C0014457"
"3147","1811","2","5","8","35","41","199","40","415","666","C0014457"
"3148","7157","2","3","12","19","31","261","402","489","551","C0014457"
"3149","26281","2","5","7","53","14","20","25","40","186","C0014457"
"3150","30813","2","3","3","19","221","321","428","541","667","C0014457"
"3151","4297","2","3","12","19","31","1","426","55","78","C0014457"
"3152","26191","2","5","7","53","14","20","25","40","186","C0014457"
"3153","2033","2","3","12","19","31","1","91","433","118","C0014474"
"3154","5155","2","5","7","53","51","342","454","573","186","C0014474"
"3155","3480","2","5","7","53","14","20","25","40","186","C0014474"
"3156","54101","2","3","2","48","170","50","347","167","593","C0014474"
"3157","1962","2","3","5","43","161","305","409","208","482","C0014474"
"3158","8139","2","3","12","41","116","268","434","468","213","C0014474"
"3159","8547","2","5","7","53","51","342","454","573","492","C0014474"
"3160","6663","2","3","3","19","221","321","428","541","667","C0014474"
"3161","857","2","5","7","53","45","23","57","83","422","C0014474"
"3162","9791","2","3","8","45","94","199","240","415","666","C0014474"
"3163","54187","2","3","5","80","81","296","272","452","148","C0014474"
"3164","5179","2","5","4","68","96","326","427","548","672","C0014474"
"3165","54386","2","3","12","19","31","261","116","1","78","C0014474"
"3166","9342","2","5","7","34","52","216","395","549","674","C0014474"
"3167","26277","2","3","12","19","31","1","426","1","78","C0014511"
"3168","2260","2","5","7","53","14","20","25","40","186","C0014511"
"3169","5592","2","5","4","53","14","20","34","540","68","C0014511"
"3170","29920","2","3","2","101","62","189","182","497","617","C0014522"
"3171","673","2","5","7","53","14","20","34","540","68","C0014522"
"3172","9343","2","3","2","22","33","323","66","101","136","C0014534"
"3173","8050","2","3","2","67","92","293","55","75","311","C0014534"
"3174","6340","2","5","8","63","45","23","34","464","187","C0014548"
"3175","8195","2","3","12","76","153","76","38","54","75","C0014548"
"3176","3691","2","5","7","53","51","342","454","573","492","C0014548"
"3177","4088","2","3","12","19","219","339","259","423","605","C0014548"
"3178","2557","2","5","8","27","70","99","162","216","290","C0014549"
"3179","54476","2","3","12","41","219","339","156","568","697","C0014549"
"3180","6314","2","3","12","19","31","1","426","568","78","C0014549"
"3181","8260","2","3","12","41","85","266","76","287","78","C0014549"
"3182","658","2","5","7","53","51","342","259","423","389","C0014549"
"3183","5149","2","3","5","68","38","16","477","596","725","C0014549"
"3184","2950","2","5","7","34","52","216","395","549","674","C0014549"
"3185","6927","2","3","3","19","221","321","428","541","667","C0014549"
"3186","199713","2","3","12","41","219","339","156","568","697","C0014549"
"3187","4709","2","3","2","48","170","50","119","444","556","C0014549"
"3188","658","2","5","7","53","51","342","259","423","389","C0014553"
"3189","4436","2","3","12","19","31","261","116","1","86","C0014553"
"3190","1280","2","5","7","53","51","342","454","573","492","C0014553"
"3191","2623","2","3","12","19","31","1","155","287","116","C0014553"
"3192","5621","2","5","8","27","36","342","454","573","628","C0014553"
"3193","5172","2","5","8","45","94","199","240","415","666","C0014553"
"3194","6011","2","5","7","53","14","20","34","540","68","C0014553"
"3195","7466","2","5","7","53","51","342","454","573","492","C0014553"
"3196","1497","2","5","2","63","182","50","103","297","628","C0014553"
"3197","23317","2","5","7","34","52","216","395","549","674","C0014553"
"3198","1834","2","5","7","53","51","342","454","573","492","C0014553"
"3199","6591","2","3","12","19","31","1","426","55","78","C0014553"
"3200","55651","2","3","2","110","85","237","433","547","671","C0014553"
"3201","4763","2","5","7","60","54","24","30","46","214","C0014553"
"3202","7468","2","3","12","19","31","1","426","55","78","C0014553"
"3203","326","2","3","12","19","31","261","377","370","269","C0014553"
"3204","7124","2","3","12","41","219","339","156","568","697","C0014553"
"3205","51426","2","3","12","19","31","261","116","1","86","C0014553"
"3206","5428","2","3","2","48","170","50","119","167","593","C0014553"
"3207","238","2","5","7","53","14","20","25","40","186","C0014553"
"3208","4540","2","3","2","48","170","50","119","444","556","C0014553"
"3209","478","2","3","8","63","45","23","366","464","187","C0014553"
"3210","1536","2","5","7","34","52","216","395","549","674","C0014556"
"3211","3758","2","5","8","63","36","166","106","110","158","C0014556"
"3212","1282","2","5","7","53","51","342","454","573","492","C0014556"
"3213","2072","2","3","12","19","31","261","116","1","86","C0014556"
"3214","9987","2","3","2","22","33","323","66","101","136","C0014556"
"3215","2318","2","5","7","53","45","23","103","464","187","C0014556"
"3216","5396","2","3","3","19","221","321","428","541","667","C0014556"
"3217","4791","2","3","12","41","219","339","156","568","697","C0014556"
"3218","6535","2","5","8","45","94","199","240","415","666","C0014556"
"3219","5396","2","3","3","19","221","321","428","541","667","C0014556"
"3220","4158","2","5","4","68","96","326","427","548","672","C0014556"
"3221","2688","2","5","7","53","51","119","25","40","186","C0014556"
"3222","4869","2","3","12","110","85","237","433","547","664","C0014556"
"3223","54209","2","5","7","53","51","119","395","549","674","C0014556"
"3224","4914","2","3","2","22","18","266","202","252","252","C0014556"
"3225","4724","2","3","2","48","170","50","119","444","556","C0014556"
"3226","6017","2","3","2","69","83","101","126","170","224","C0014556"
"3227","999","2","5","7","53","51","342","444","560","373","C0014556"
"3228","2255","2","5","7","53","14","20","25","40","186","C0014556"
"3229","2332","2","3","2","22","33","71","373","466","609","C0014556"
"3230","256297","2","3","3","19","221","321","428","541","667","C0014556"
"3231","1524","2","5","4","68","96","326","427","548","672","C0014556"
"3232","55612","2","5","7","60","36","71","177","560","701","C0014556"
"3233","5602","2","3","12","19","14","150","34","540","68","C0014583"
"3234","3852","2","1","6","11","142","225","142","220","298","C0014583"
"3235","4621","2","5","8","63","45","23","103","464","187","C0014583"
"3236","29072","2","3","12","19","31","1","426","55","78","C0014714"
"3237","2626","2","3","12","19","31","118","155","287","116","C0014714"
"3238","203228","2","3","2","48","57","110","141","359","462","C0014733"
"3239","54386","2","3","12","19","31","261","116","1","78","C0014733"
"3240","5745","2","5","4","68","96","326","427","548","672","C0014743"
"3241","50484","2","3","5","80","109","182","235","307","506","C0014743"
"3242","5447","2","3","5","91","214","271","372","471","586","C0014743"
"3243","2897","2","5","8","63","36","166","106","110","158","C0014805"
"3244","1615","2","3","2","110","85","237","433","547","154","C0014805"
"3245","2332","2","3","2","22","33","71","373","466","609","C0014805"
"3246","3239","2","3","3","19","221","321","428","541","667","C0014836"
"3247","2688","2","5","7","53","51","119","25","40","186","C0014836"
"3248","2316","2","5","7","53","51","342","454","573","702","C0014836"
"3249","51085","2","3","2","48","57","110","141","359","462","C0014836"
"3250","6913","2","3","3","19","221","321","428","541","667","C0014848"
"3251","3767","2","5","8","63","36","166","106","110","158","C0014848"
"3252","8924","2","3","12","41","116","268","434","468","213","C0014848"
"3253","8289","2","3","12","19","31","1","426","55","78","C0014848"
"3254","26580","2","5","8","27","70","99","162","216","290","C0014848"
"3255","54187","2","3","5","80","81","296","272","452","148","C0014848"
"3256","2253","2","5","7","53","14","20","25","40","186","C0014848"
"3257","2645","2","3","2","90","167","266","367","101","664","C0014848"
"3258","2146","2","3","12","19","31","1","426","55","78","C0014848"
"3259","2184","2","3","5","76","153","138","236","332","407","C0014850"
"3260","7056","2","5","7","53","51","119","454","573","492","C0014850"
"3261","4692","2","5","7","53","51","119","402","489","416","C0014850"
"3262","3315","2","3","12","41","181","160","362","402","215","C0014850"
"3263","10165","2","3","2","48","170","50","304","167","593","C0014850"
"3264","7476","2","5","3","68","221","197","259","560","422","C0014850"
"3265","1146","2","5","8","27","70","99","162","216","290","C0014850"
"3266","25923","2","3","2","48","184","50","119","444","116","C0014850"
"3267","7468","2","3","12","19","31","1","426","55","78","C0014850"
"3268","4001","2","3","12","76","31","40","38","54","75","C0014850"
"3269","1535","2","5","7","34","52","216","395","549","674","C0014850"
"3270","1528","2","3","5","91","214","271","372","471","586","C0014850"
"3271","3172","2","3","3","19","151","276","91","433","118","C0014850"
"3272","53947","2","3","2","78","114","192","254","319","408","C0014850"
"3273","23545","2","3","5","29","88","132","85","222","346","C0014850"
"3274","2584","2","3","2","72","117","196","257","326","46","C0014850"
"3275","4982","2","5","12","41","219","339","156","568","697","C0014850"
"3276","8892","2","3","2","110","85","237","433","547","671","C0014850"
"3277","3674","2","5","7","53","51","342","454","573","492","C0014850"
"3278","22796","2","5","7","60","153","40","38","66","203","C0014850"
"3279","4647","2","5","7","60","83","101","126","170","224","C0014850"
"3280","3553","2","5","7","53","51","119","25","489","416","C0014850"
"3281","2517","2","3","7","34","52","216","395","549","674","C0014850"
"3282","1583","2","3","5","79","152","273","375","100","589","C0014850"
"3283","29925","2","3","2","68","66","123","158","207","278","C0014866"
"3284","26277","2","3","12","19","31","1","426","1","78","C0014866"
"3285","6866","2","5","4","68","96","326","427","548","672","C0014866"
"3286","4041","2","5","3","68","221","197","259","560","422","C0014866"
"3287","5191","2","3","5","43","161","305","409","208","482","C0014866"
"3288","5395","2","3","12","19","31","261","116","1","86","C0014866"
"3289","2200","2","5","7","53","51","342","454","573","492","C0014866"
"3290","196527","2","5","7","34","52","216","395","549","674","C0014866"
"3291","5290","2","3","7","53","14","20","25","40","186","C0014866"
"3292","1302","2","5","7","53","51","342","454","573","492","C0014866"
"3293","57562","2","3","12","76","57","160","136","106","140","C0014866"
"3294","5479","2","3","2","53","51","342","454","573","492","C0014866"
"3295","617","2","3","2","48","170","50","304","167","593","C0014866"
"3296","7124","2","3","12","41","219","339","156","568","697","C0014866"
"3297","8481","2","3","12","76","153","40","38","54","75","C0014866"
"3298","2798","2","5","4","68","96","326","427","548","672","C0014867"
"3299","3064","2","3","12","48","170","50","444","91","439","C0014867"
"3300","9896","2","3","5","80","81","296","399","201","274","C0014867"
"3301","4053","2","5","7","53","51","342","454","573","492","C0014867"
"3302","51204","2","3","2","48","170","50","119","444","556","C0014867"
"3303","6648","2","3","2","95","151","160","378","173","229","C0014867"
"3304","1280","2","5","7","53","51","342","454","573","492","C0014868"
"3305","1301","2","5","7","53","51","342","454","573","492","C0014868"
"3306","2263","2","5","7","53","14","20","25","40","186","C0014868"
"3307","2263","2","5","7","53","14","20","25","40","186","C0014868"
"3308","1513","2","5","7","53","51","342","454","573","492","C0014868"
"3309","9401","2","3","12","76","31","261","116","1","86","C0014868"
"3310","4867","2","5","7","76","153","40","38","54","75","C0014868"
"3311","3605","2","5","7","53","51","119","25","489","416","C0014868"
"3312","8856","2","3","3","19","151","276","91","433","118","C0014868"
"3313","50","2","3","5","80","81","50","304","167","593","C0014877"
"3314","5993","2","3","12","19","31","1","426","55","78","C0014877"
"3315","9361","2","3","2","48","170","50","119","444","556","C0014877"
"3316","2177","2","3","2","110","90","261","431","545","443","C0014877"
"3317","3855","2","1","6","11","142","225","142","220","298","C0014877"
"3318","23363","2","3","12","41","116","268","434","468","213","C0014877"
"3319","6323","2","5","8","63","36","166","341","390","158","C0014877"
"3320","29887","2","3","7","60","18","110","141","198","270","C0014877"
"3321","23093","2","3","12","76","153","40","38","54","75","C0014877"
"3322","3848","2","5","7","34","52","225","142","220","298","C0014877"
"3323","5521","2","3","12","76","137","76","136","472","435","C0014877"
"3324","26276","2","3","7","60","81","184","341","66","203","C0014877"
"3325","6299","2","3","12","19","221","321","428","541","667","C0014877"
"3326","3284","2","3","2","69","98","169","299","183","243","C0014877"
"3327","10269","2","3","2","48","182","50","119","444","556","C0014877"
"3328","6016","2","5","7","60","54","24","30","46","72","C0014877"
"3329","3117","2","5","7","53","153","119","156","287","116","C0014877"
"3330","1356","2","3","7","53","51","342","454","573","492","C0014877"
"3331","4125","2","3","7","34","52","216","395","549","674","C0014877"
"3332","27306","2","3","5","91","175","271","372","471","586","C0015306"
"3333","54790","2","3","12","19","31","1","426","55","78","C0015306"
"3334","79742","2","3","5","91","175","271","372","471","586","C0015306"
"3335","1690","2","5","7","27","51","342","454","573","492","C0015310"
"3336","25792","2","3","12","22","31","261","195","256","340","C0015310"
"3337","4854","2","5","7","53","51","143","428","236","667","C0015310"
"3338","9469","2","3","2","103","189","303","29","475","467","C0015310"
"3339","1758","2","5","7","53","51","342","454","573","492","C0015310"
"3340","54658","2","3","2","78","205","207","67","355","138","C0015310"
"3341","1303","2","5","7","53","51","342","454","573","492","C0015310"
"3342","3643","2","5","7","53","14","20","25","40","186","C0015310"
"3343","5308","2","3","3","19","221","321","428","541","667","C0015310"
"3344","6559","2","5","8","45","94","199","240","415","666","C0015310"
"3345","7518","2","3","12","19","31","261","116","1","86","C0015310"
"3346","2629","2","3","5","80","81","250","291","152","420","C0015310"
"3347","4552","2","3","7","48","81","105","139","186","245","C0015310"
"3348","5660","2","5","7","34","52","326","427","548","702","C0015310"
"3349","55005","2","3","2","68","96","326","427","429","544","C0015310"
"3350","5194","2","3","5","43","161","305","409","208","482","C0015310"
"3351","915","2","5","7","53","51","119","341","544","669","C0015310"
"3352","83932","2","3","12","19","31","261","116","1","86","C0015310"
"3353","673","2","5","7","53","14","20","34","540","68","C0015310"
"3354","3458","2","5","7","53","184","119","156","287","116","C0015310"
"3355","5277","2","3","2","61","77","142","176","235","317","C0015310"
"3356","7040","2","5","7","53","51","342","454","573","492","C0015310"
"3357","3423","2","3","5","74","3","342","374","294","590","C0015310"
"3358","8091","2","3","12","110","109","22","262","129","638","C0015310"
"3359","4552","2","3","7","48","81","105","139","186","245","C0015310"
"3360","7855","2","5","3","68","221","197","259","560","422","C0015371"
"3361","5728","2","3","5","80","81","339","156","568","605","C0015371"
"3362","5828","2","3","5","43","161","305","409","208","482","C0015371"
"3363","9896","2","3","5","80","81","296","399","201","274","C0015371"
"3364","538","2","3","8","63","45","23","103","464","187","C0015371"
"3365","6303","2","3","2","67","118","160","261","188","423","C0015371"
"3366","5190","2","3","5","43","161","305","409","208","482","C0015371"
"3367","2122","2","3","12","19","31","1","426","55","78","C0015371"
"3368","8314","2","3","12","41","31","1","426","55","78","C0015371"
"3369","58","2","5","8","63","45","23","103","464","187","C0015371"
"3370","5618","2","5","7","53","51","119","25","40","186","C0015371"
"3371","5444","2","3","5","80","147","236","328","411","229","C0015371"
"3372","3984","2","5","7","53","14","20","34","540","68","C0015371"
"3373","5663","2","5","7","34","52","216","395","549","667","C0015371"
"3374","2072","2","3","12","19","31","261","116","1","86","C0015371"
"3375","3026","2","5","7","68","51","119","395","549","674","C0015371"
"3376","55172","2","5","7","27","36","150","341","223","628","C0015371"
"3377","29851","2","5","7","53","14","20","25","40","186","C0015371"
"3378","10654","2","3","3","72","151","276","91","433","118","C0015371"
"3379","1837","2","5","8","63","45","23","103","464","187","C0015371"
"3380","2245","2","5","7","60","54","24","30","46","72","C0015371"
"3381","51021","2","3","2","48","182","67","76","463","153","C0015371"
"3382","7099","2","5","7","41","219","339","156","568","697","C0015371"
"3383","3984","2","5","7","53","14","20","34","540","68","C0015371"
"3384","9420","2","3","5","79","159","256","215","282","366","C0015371"
"3385","843","2","3","12","41","219","339","156","568","697","C0015371"
"3386","2253","2","5","7","53","14","20","25","40","186","C0015371"
"3387","55636","2","3","3","19","221","321","428","423","389","C0015371"
"3388","212","2","3","2","67","92","293","55","487","116","C0015371"
"3389","8214","2","3","6","11","142","225","142","220","298","C0015379"
"3390","65057","2","3","12","19","31","1","426","55","78","C0015379"
"3391","3145","2","3","5","80","81","166","132","175","473","C0015379"
"3392","4162","2","5","7","53","51","342","454","573","492","C0015379"
"3393","6557","2","5","8","45","94","199","240","415","666","C0015379"
"3394","1305","2","5","7","53","51","342","454","573","492","C0015379"
"3395","1147","2","3","12","41","219","339","156","568","697","C0015397"
"3396","54714","2","5","8","63","36","166","106","110","158","C0015397"
"3397","55112","2","3","12","76","153","40","38","54","75","C0015397"
"3398","55505","2","3","2","110","85","237","433","547","671","C0015397"
"3399","9966","2","5","12","41","219","339","156","568","697","C0015397"
"3400","5660","2","5","7","34","52","326","427","548","702","C0015397"
"3401","9210","2","5","7","53","51","342","454","573","492","C0015397"
"3402","5625","2","3","2","101","103","177","225","271","356","C0015397"
"3403","2261","2","5","7","53","14","20","25","40","186","C0015397"
"3404","22845","2","3","2","48","68","125","161","214","288","C0015397"
"3405","6905","2","3","12","76","153","40","38","54","75","C0015397"
"3406","2760","2","3","7","34","52","216","395","549","674","C0015397"
"3407","23334","2","3","5","48","179","289","133","179","476","C0015397"
"3408","2563","2","5","8","27","70","99","162","216","290","C0015397"
"3409","1293","2","5","7","53","51","342","454","573","492","C0015397"
"3410","4043","2","5","7","60","51","342","454","544","669","C0015397"
"3411","7545","2","5","3","34","52","216","142","220","298","C0015397"
"3412","695","2","5","7","53","14","20","25","40","186","C0015397"
"3413","51103","2","3","2","48","170","50","119","444","556","C0015397"
"3414","3921","2","3","2","110","85","237","433","547","671","C0015397"
"3415","4593","2","5","7","53","14","20","454","573","492","C0015397"
"3416","50964","2","5","3","68","221","197","259","423","422","C0015397"
"3417","23347","2","3","12","41","116","268","434","468","213","C0015398"
"3418","5184","2","3","5","80","81","166","52","105","349","C0015398"
"3419","2632","2","3","2","28","22","48","232","82","114","C0015398"
"3420","4539","2","3","2","53","184","86","107","560","195","C0015398"
"3421","8787","2","5","4","68","96","326","427","548","672","C0015398"
"3422","190","2","3","3","19","151","276","91","433","118","C0015398"
"3423","3077","2","5","7","53","51","119","395","549","674","C0015404"
"3424","50814","2","3","2","69","221","73","360","86","119","C0015404"
"3425","6908","2","3","12","19","31","1","116","159","211","C0015423"
"3426","2077","2","3","12","76","153","40","38","54","75","C0015423"
"3427","4990","2","3","3","19","221","321","428","541","667","C0015469"
"3428","1908","2","5","4","68","96","326","427","548","672","C0015469"
"3429","54903","2","3","12","76","153","40","38","54","75","C0015469"
"3430","2492","2","5","4","68","96","326","427","548","672","C0015469"
"3431","1302","2","5","7","53","51","342","454","573","492","C0015499"
"3432","6223","2","3","2","110","85","237","433","547","671","C0015499"
"3433","54453","2","5","7","60","54","24","30","46","72","C0015503"
"3434","5573","2","3","12","19","184","118","155","287","116","C0015503"
"3435","26137","2","5","7","63","45","184","103","572","658","C0015519"
"3436","5617","2","5","12","19","31","1","426","55","78","C0015519"
"3437","5447","2","3","5","91","214","271","372","471","586","C0015523"
"3438","26005","2","3","12","76","153","40","38","54","75","C0015523"
"3439","3440","2","3","12","19","184","118","155","287","116","C0015523"
"3440","55532","2","3","7","25","44","165","101","274","358","C0015523"
"3441","23322","2","3","12","76","153","40","38","54","75","C0015523"
"3442","843","2","3","12","41","219","339","156","568","697","C0015526"
"3443","4998","2","3","12","76","31","261","116","1","86","C0015526"
"3444","4023","2","3","5","24","51","342","91","20","27","C0015526"
"3445","4939","2","5","7","53","184","119","156","287","116","C0015526"
"3446","6010","2","5","4","68","96","326","427","548","672","C0015526"
"3447","8517","2","3","12","41","219","339","156","568","697","C0015530"
"3448","7092","2","5","7","53","51","342","454","573","492","C0015530"
"3449","7026","2","3","3","19","151","276","91","433","118","C0015624"
"3450","5428","2","3","2","48","170","50","119","167","593","C0015624"
"3451","4000","2","3","12","26","105","178","226","297","156","C0015624"
"3452","3784","2","5","8","63","36","166","106","110","158","C0015625"
"3453","55209","2","3","12","11","142","225","142","220","298","C0015625"
"3454","1471","2","5","7","34","52","216","395","549","492","C0015625"
"3455","8086","2","3","12","22","33","323","66","101","664","C0015625"
"3456","5447","2","3","5","91","214","271","372","471","586","C0015625"
"3457","2892","2","5","8","63","36","166","106","110","158","C0015625"
"3458","5422","2","3","12","19","31","261","116","1","86","C0015625"
"3459","8241","2","3","2","22","33","323","66","101","136","C0015625"
"3460","6597","2","3","12","19","31","1","426","55","78","C0015625"
"3461","3630","2","5","7","53","14","20","25","40","186","C0015625"
"3462","2719","2","5","7","53","51","342","454","573","492","C0015625"
"3463","2796","2","5","4","68","96","326","427","548","672","C0015625"
"3464","65125","2","5","8","63","45","23","34","464","187","C0015625"
"3465","5346","2","3","3","19","151","276","91","433","118","C0015625"
"3466","4014","2","1","6","11","142","225","142","220","298","C0015625"
"3467","3914","2","5","7","53","51","342","454","573","492","C0015625"
"3468","2692","2","5","4","68","96","326","427","548","672","C0015625"
"3469","3588","2","5","7","53","51","119","25","40","186","C0015625"
"3470","7531","2","3","2","48","170","110","329","251","533","C0015625"
"3471","3930","2","3","2","22","33","323","66","3","464","C0015625"
"3472","5550","2","3","2","68","96","326","427","548","672","C0015625"
"3473","6834","2","3","2","48","170","50","119","444","556","C0015625"
"3474","1716","2","3","2","27","36","150","221","138","188","C0015644"
"3475","2260","2","5","7","53","14","20","25","40","186","C0015644"
"3476","6521","2","5","8","35","41","199","40","415","666","C0015644"
"3477","4053","2","5","7","53","51","342","454","573","492","C0015644"
"3478","4540","2","3","2","48","170","50","119","444","556","C0015644"
"3479","8214","2","3","6","11","142","225","142","220","298","C0015644"
"3480","1956","2","5","7","53","14","184","45","544","669","C0015644"
"3481","860","2","3","12","19","31","276","91","433","118","C0015644"
"3482","2261","2","5","7","53","14","20","25","40","186","C0015644"
"3483","9627","2","3","12","19","31","1","426","55","78","C0015644"
"3484","5781","2","5","7","53","14","20","25","40","186","C0015644"
"3485","11020","2","5","7","60","54","24","30","46","72","C0015644"
"3486","2652","2","5","4","68","96","326","427","548","672","C0015644"
"3487","2033","2","3","12","19","31","1","91","433","118","C0015644"
"3488","3872","2","1","6","11","142","225","142","220","298","C0015644"
"3489","2812","2","5","7","53","51","342","454","573","492","C0015644"
"3490","1813","2","5","4","68","96","326","427","548","672","C0015644"
"3491","6566","2","3","2","67","37","316","422","535","660","C0015644"
"3492","29887","2","3","7","60","18","110","141","198","270","C0015644"
"3493","51733","2","3","5","80","23","257","357","455","508","C0015644"
"3494","50964","2","5","3","68","221","197","259","423","422","C0015644"
"3495","4128","2","3","5","80","81","119","402","489","416","C0015644"
"3496","2879","2","3","5","80","81","166","378","173","229","C0015696"
"3497","4914","2","3","2","22","18","266","202","252","252","C0015696"
"3498","695","2","5","7","53","14","20","25","40","186","C0015696"
"3499","2121","2","3","12","41","116","268","434","568","605","C0015732"
"3500","25782","2","5","7","60","54","24","30","46","72","C0015732"
"3501","5290","2","3","7","53","14","20","25","40","186","C0015732"
"3502","29110","2","3","12","41","219","339","156","568","697","C0015732"
"3503","4148","2","5","7","53","51","342","454","573","492","C0015732"
"3504","10060","2","3","8","41","45","23","423","464","445","C0015732"
"3505","9210","2","5","7","53","51","342","454","573","492","C0015732"
"3506","5336","2","3","7","53","14","20","25","40","215","C0015814"
"3507","8822","2","5","7","53","14","20","25","40","186","C0015814"
"3508","6608","2","3","3","68","221","321","428","560","667","C0015923"
"3509","5277","2","3","2","61","77","142","176","235","317","C0015923"
"3510","7442","2","5","8","63","45","193","306","390","158","C0015923"
"3511","5073","2","3","2","110","85","323","433","146","194","C0015923"
"3512","3758","2","5","8","63","36","166","106","110","158","C0015923"
"3513","7157","2","3","12","19","31","261","402","489","551","C0015923"
"3514","5048","2","3","12","76","153","40","38","54","75","C0015923"
"3515","9968","2","4","3","24","119","330","214","454","144","C0015923"
"3516","2290","2","3","3","19","221","321","428","541","667","C0015923"
"3517","4851","2","3","12","19","221","143","428","236","667","C0015923"
"3518","7450","2","5","7","53","51","342","454","573","492","C0015923"
"3519","55130","2","3","12","76","153","76","38","54","75","C0015923"
"3520","673","2","5","7","53","14","20","34","540","68","C0015923"
"3521","9031","2","3","12","19","31","1","426","55","78","C0015923"
"3522","8050","2","3","2","67","92","293","55","75","311","C0015923"
"3523","1032","2","3","12","19","31","1","426","55","78","C0015929"
"3524","2239","2","3","2","74","51","342","454","573","492","C0015929"
"3525","6663","2","3","3","19","221","321","428","541","667","C0015944"
"3526","3073","2","3","5","105","155","250","291","152","420","C0015944"
"3527","4318","2","5","7","34","52","216","395","573","492","C0015944"
"3528","331","2","3","12","41","219","339","156","568","697","C0015944"
"3529","7994","2","3","12","19","31","1","426","55","78","C0015944"
"3530","8398","2","3","5","116","183","40","38","352","455","C0015951"
"3531","51604","2","3","2","61","77","142","176","235","317","C0015951"
"3532","1290","2","5","7","53","51","342","454","573","492","C0016045"
"3533","1029","2","3","12","19","31","1","116","1","664","C0016045"
"3534","207","2","3","7","53","14","20","34","489","416","C0016045"
"3535","7157","2","3","12","19","31","261","402","489","551","C0016045"
"3536","10479","2","5","7","27","36","150","341","223","628","C0016049"
"3537","135","2","5","4","68","96","326","427","548","672","C0016049"
"3538","6335","2","5","8","63","36","166","341","390","158","C0016049"
"3539","5073","2","3","2","110","85","323","433","146","194","C0016049"
"3540","6581","2","3","8","45","94","199","240","415","666","C0016049"
"3541","9517","2","3","2","50","47","39","100","321","638","C0016049"
"3542","1292","2","5","7","53","51","342","454","573","492","C0016049"
"3543","22868","2","3","2","48","182","67","76","463","153","C0016049"
"3544","2335","2","5","7","53","51","342","454","573","492","C0016052"
"3545","9469","2","3","2","103","189","303","29","475","467","C0016052"
"3546","2077","2","3","12","76","153","40","38","54","75","C0016057"
"3547","590","2","3","5","85","143","286","51","488","604","C0016057"
"3548","10019","2","5","7","53","14","20","25","40","116","C0016057"
"3549","7518","2","3","12","19","31","261","116","1","86","C0016057"
"3550","356","2","5","7","53","219","339","25","489","697","C0016057"
"3551","10585","2","5","2","27","206","324","430","215","290","C0016063"
"3552","57045","2","5","7","53","51","342","259","573","492","C0016063"
"3553","26227","2","3","2","41","137","44","208","81","108","C0016470"
"3554","51259","2","3","2","76","153","40","38","54","75","C0016470"
"3555","4653","2","5","7","34","51","342","454","573","492","C0016470"
"3556","3561","2","5","7","53","14","20","25","40","186","C0016506"
"3557","4683","2","3","12","19","31","261","116","1","86","C0016506"
"3558","6495","2","3","3","19","221","321","428","541","667","C0016506"
"3559","4179","2","5","7","53","51","119","395","549","674","C0016506"
"3560","2316","2","5","7","53","51","342","454","573","702","C0016506"
"3561","10535","2","3","12","76","153","40","38","54","75","C0016506"
"3562","355","2","3","7","41","219","339","156","568","697","C0016506"
"3563","1723","2","3","2","48","170","50","119","444","556","C0016506"
"3564","51182","2","3","12","22","33","323","347","271","356","C0016506"
"3565","5573","2","3","12","19","184","118","155","287","116","C0016506"
"3566","50814","2","3","2","69","221","73","360","86","119","C0016506"
"3567","7518","2","3","12","19","31","261","116","1","86","C0016506"
"3568","3784","2","5","8","63","36","166","106","110","158","C0016506"
"3569","4692","2","5","7","53","51","119","402","489","416","C0016506"
"3570","6392","2","3","2","48","170","50","119","444","556","C0016506"
"3571","652","2","5","7","53","51","342","454","573","492","C0016506"
"3572","5745","2","5","4","68","96","326","427","548","672","C0016506"
"3573","7314","2","3","12","41","219","261","409","208","482","C0016506"
"3574","4538","2","3","2","48","170","50","119","444","556","C0016506"
"3575","2239","2","3","2","74","51","342","454","573","492","C0016506"
"3576","3115","2","5","7","53","184","119","156","287","116","C0016506"
"3577","1401","2","5","7","53","51","119","395","573","492","C0016506"
"3578","6125","2","3","2","110","85","237","433","547","671","C0016506"
"3579","4843","2","3","5","43","161","305","409","489","416","C0016506"
"3580","7167","2","3","2","90","167","266","367","500","577","C0016506"
"3581","2719","2","5","7","53","51","342","454","573","492","C0016506"
"3582","5728","2","3","5","80","81","339","156","568","605","C0016506"
"3583","4669","2","3","5","80","81","166","454","453","492","C0016506"
"3584","9939","2","3","2","22","33","323","66","101","136","C0016506"
"3585","8642","2","5","7","53","51","335","444","560","373","C0016506"
"3586","3617","2","5","7","86","221","321","454","311","518","C0016508"
"3587","6608","2","3","3","68","221","321","428","560","667","C0016508"
"3588","7852","2","5","4","68","96","326","427","548","672","C0016508"
"3589","26277","2","3","12","19","31","1","426","1","78","C0016508"
"3590","2155","2","5","7","53","51","119","454","549","674","C0016522"
"3591","5601","2","3","12","19","14","20","34","540","68","C0016522"
"3592","2316","2","5","7","53","51","342","454","573","702","C0016522"
"3593","2218","2","5","2","53","123","194","255","560","373","C0016522"
"3594","10743","2","3","3","19","151","276","91","433","118","C0016522"
"3595","2812","2","5","7","53","51","342","454","573","492","C0016522"
"3596","1291","2","5","7","53","51","342","454","573","492","C0016522"
"3597","10631","2","5","7","53","51","342","454","573","492","C0016522"
"3598","54977","2","3","2","110","85","118","155","287","116","C0016522"
"3599","1181","2","5","8","63","45","23","34","464","187","C0016522"
"3600","4723","2","3","2","48","170","50","119","444","556","C0016663"
"3601","55315","2","3","5","80","81","296","62","94","150","C0016663"
"3602","8289","2","3","12","19","31","1","426","55","78","C0016663"
"3603","5657","2","5","7","34","52","216","395","549","674","C0016663"
"3604","3239","2","3","3","19","221","321","428","541","667","C0016663"
"3605","3636","2","3","5","80","14","20","25","40","186","C0016663"
"3606","788","2","3","2","45","151","199","240","415","666","C0016663"
"3607","5657","2","5","7","34","52","216","395","549","674","C0016663"
"3608","641","2","3","12","19","31","261","116","1","86","C0016663"
"3609","6607","2","3","2","22","33","323","66","101","664","C0016663"
"3610","4137","2","3","7","27","36","150","341","223","628","C0016663"
"3611","10907","2","3","2","22","33","323","66","101","136","C0016663"
"3612","9401","2","3","12","76","31","261","116","1","86","C0016663"
"3613","29078","2","3","2","48","170","50","119","444","556","C0016663"
"3614","29893","2","3","12","19","31","1","426","55","78","C0016663"
"3615","55636","2","3","3","19","221","321","428","423","389","C0016663"
"3616","1281","2","5","7","53","51","342","454","573","492","C0016663"
"3617","6531","2","5","8","45","94","199","240","415","666","C0016663"
"3618","3848","2","5","7","34","52","225","142","220","298","C0016663"
"3619","4204","2","3","12","19","31","1","426","55","78","C0016663"
"3620","51715","2","5","7","60","54","24","30","46","72","C0016667"
"3621","8450","2","3","12","41","116","268","434","468","213","C0016667"
"3622","5116","2","3","12","76","153","40","38","54","75","C0016667"
"3623","1499","2","3","12","19","221","197","259","560","422","C0016689"
"3624","84343","2","5","7","60","18","184","341","544","669","C0016689"
"3625","3977","2","5","7","53","51","119","25","40","416","C0016689"
"3626","2317","2","5","7","63","45","23","103","287","664","C0016689"
"3627","3815","2","5","7","53","14","20","25","40","186","C0016689"
"3628","9820","2","3","12","41","116","268","434","468","213","C0016689"
"3629","4843","2","3","5","43","161","305","409","489","416","C0016689"
"3630","7439","2","5","8","63","45","23","34","464","187","C0016689"
"3631","1280","2","5","7","53","51","342","454","573","492","C0016689"
"3632","4000","2","3","12","26","105","178","226","297","156","C0016689"
"3633","54209","2","5","7","53","51","119","395","549","674","C0016689"
"3634","79600","2","3","12","76","153","40","38","54","75","C0016689"
"3635","5422","2","3","12","19","31","261","116","1","86","C0016689"
"3636","843","2","3","12","41","219","339","156","568","697","C0016689"
"3637","1639","2","3","12","76","153","40","38","54","75","C0016689"
"3638","2261","2","5","7","53","14","20","25","40","186","C0016689"
"3639","50939","2","3","12","76","153","40","38","472","435","C0016689"
"3640","5972","2","5","5","34","52","216","397","418","568","C0016689"
"3641","8675","2","5","7","60","54","24","98","66","203","C0016689"
"3642","1991","2","5","7","34","52","216","395","549","674","C0016689"
"3643","4170","2","3","12","41","219","339","402","489","416","C0016689"
"3644","1027","2","3","12","19","31","1","116","1","86","C0016689"
"3645","11041","2","3","2","27","36","150","341","223","628","C0016689"
"3646","3141","2","3","2","68","40","130","166","127","173","C0016689"
"3647","2627","2","3","12","19","31","118","155","287","116","C0016689"
"3648","3454","2","5","7","53","184","119","156","287","116","C0016689"
"3649","6657","2","3","12","19","221","321","428","541","667","C0016689"
"3650","2255","2","5","7","53","14","20","25","40","186","C0016689"
"3651","89884","2","3","3","110","221","321","428","541","667","C0016689"
"3652","999","2","5","7","53","51","342","444","560","373","C0016689"
"3653","132","2","3","2","110","85","237","433","80","394","C0016689"
"3654","5277","2","3","2","61","77","142","176","235","317","C0016689"
"3655","3674","2","5","7","53","51","342","454","573","492","C0016689"
"3656","10262","2","3","2","22","33","323","66","101","136","C0016781"
"3657","4621","2","5","8","63","45","23","103","464","187","C0016781"
"3658","10084","2","3","2","22","33","323","66","101","136","C0016781"
"3659","9180","2","5","7","53","51","119","25","549","416","C0016781"
"3660","3000","2","5","4","68","96","326","427","548","672","C0016781"
"3661","25970","2","5","7","53","14","20","25","40","116","C0016952"
"3662","3868","2","1","6","11","142","225","142","220","298","C0016952"
"3663","79571","2","5","7","60","54","24","98","66","203","C0016952"
"3664","687","2","3","3","19","221","321","428","541","667","C0016978"
"3665","9759","2","3","12","19","31","276","91","433","118","C0016978"
"3666","4952","2","3","5","60","54","184","30","544","669","C0016978"
"3667","1278","2","5","7","53","51","342","454","573","492","C0016978"
"3668","59","2","5","8","63","45","23","103","464","187","C0016978"
"3669","368","2","3","12","41","116","268","423","536","445","C0016978"
"3670","324","2","3","12","41","219","197","70","255","422","C0016978"
"3671","8200","2","5","7","53","51","342","259","423","389","C0016978"
"3672","2697","2","3","7","76","153","40","38","54","75","C0016978"
"3673","1027","2","3","12","19","31","1","116","1","86","C0016978"
"3674","53834","2","5","7","53","51","342","454","573","492","C0017075"
"3675","9180","2","5","7","53","51","119","25","549","416","C0017075"
"3676","10060","2","3","8","41","45","23","423","464","445","C0017075"
"3677","10087","2","3","7","50","47","39","100","321","255","C0017075"
"3678","23236","2","3","4","68","96","326","427","548","672","C0017075"
"3679","7305","2","5","7","34","52","216","395","549","674","C0017075"
"3680","6608","2","3","3","68","221","321","428","560","667","C0017075"
"3681","1482","2","3","3","19","221","321","428","541","667","C0017086"
"3682","1717","2","3","2","19","151","276","48","69","204","C0017086"
"3683","10312","2","3","7","34","52","216","395","549","674","C0017086"
"3684","2316","2","5","7","53","51","342","454","573","702","C0017086"
"3685","9499","2","5","7","53","51","23","103","464","187","C0017154"
"3686","7169","2","5","8","63","45","23","103","464","187","C0017154"
"3687","2010","2","3","12","26","105","296","226","488","156","C0017154"
"3688","2705","2","3","12","76","153","40","38","54","75","C0017154"
"3689","7148","2","5","7","53","51","342","454","573","492","C0017178"
"3690","3930","2","3","2","22","33","323","66","3","464","C0017178"
"3691","3549","2","5","3","53","51","197","259","560","422","C0017178"
"3692","1281","2","5","7","53","51","342","454","573","492","C0017178"
"3693","7461","2","3","7","60","153","40","38","93","75","C0017178"
"3694","1001","2","5","7","53","51","335","444","560","373","C0017178"
"3695","2064","2","5","7","53","14","20","25","40","186","C0017178"
"3696","3039","2","3","5","35","41","118","155","287","116","C0017178"
"3697","1281","2","5","7","53","51","342","454","573","492","C0017178"
"3698","2512","2","3","7","34","52","216","395","544","358","C0017178"
"3699","1736","2","3","2","110","85","237","433","547","671","C0017178"
"3700","9662","2","3","12","76","153","40","38","54","75","C0017178"
"3701","3835","2","3","12","76","153","40","38","54","75","C0017185"
"3702","3274","2","5","4","68","96","326","427","548","672","C0017185"
"3703","25942","2","3","12","19","31","1","426","55","78","C0017185"
"3704","25836","2","3","12","76","153","40","38","54","75","C0017185"
"3705","9409","2","3","5","43","161","305","409","208","482","C0017185"
"3706","6448","2","3","5","74","160","294","376","453","567","C0017185"
"3707","5979","2","5","7","53","14","20","25","40","186","C0017185"
"3708","7248","2","3","2","48","57","110","141","359","462","C0017205"
"3709","4864","2","3","5","48","152","184","341","544","669","C0017205"
"3710","9927","2","3","12","19","31","118","155","287","116","C0017205"
"3711","136647","2","3","2","22","33","323","66","463","153","C0017205"
"3712","3930","2","3","2","22","33","323","66","3","464","C0017551"
"3713","6197","2","3","12","19","14","20","34","540","68","C0017563"
"3714","4625","2","3","8","63","45","23","103","464","187","C0017563"
"3715","8481","2","3","12","76","153","40","38","54","75","C0017563"
"3716","9829","2","5","7","60","14","184","341","544","669","C0017563"
"3717","25782","2","5","7","60","54","24","30","46","72","C0017563"
"3718","6899","2","5","7","53","184","335","259","560","373","C0017563"
"3719","2512","2","3","7","34","52","216","395","544","358","C0017563"
"3720","538","2","3","8","63","45","23","103","464","187","C0017563"
"3721","9031","2","3","12","19","31","1","426","55","78","C0017563"
"3722","5429","2","3","12","19","31","261","116","1","86","C0017563"
"3723","3897","2","5","7","53","51","335","444","560","373","C0017563"
"3724","2006","2","5","7","53","51","342","454","573","492","C0017563"
"3725","1030","2","3","12","19","31","1","426","55","78","C0017563"
"3726","5831","2","3","2","101","62","189","182","566","409","C0017563"
"3727","1832","2","5","7","34","52","225","142","220","298","C0017563"
"3728","5073","2","3","2","110","85","323","433","146","194","C0017563"
"3729","59067","2","5","7","53","51","119","25","40","186","C0017563"
"3730","8291","2","5","8","63","45","23","103","464","187","C0017563"
"3731","2099","2","3","12","19","151","276","91","433","118","C0017563"
"3732","261734","2","3","12","76","153","40","38","54","75","C0017565"
"3733","6347","2","5","7","53","51","119","427","489","416","C0017565"
"3734","6775","2","5","7","53","14","119","25","40","186","C0017565"
"3735","9935","2","3","12","19","31","1","426","55","78","C0017565"
"3736","3440","2","3","12","19","184","118","155","287","116","C0017565"
"3737","84894","2","5","7","27","51","335","444","560","373","C0017565"
"3738","7132","2","3","12","41","219","339","156","568","697","C0017565"
"3739","51422","2","3","2","48","57","110","141","359","462","C0017565"
"3740","7273","2","5","7","53","51","342","103","464","702","C0017565"
"3741","8076","2","5","7","53","51","342","454","573","492","C0017565"
"3742","3730","2","5","7","53","14","20","25","40","186","C0017565"
"3743","5194","2","3","5","43","161","305","409","208","482","C0017565"
"3744","1824","2","1","6","11","142","225","142","220","298","C0017565"
"3745","1311","2","5","7","53","51","342","454","573","492","C0017565"
"3746","64175","2","5","7","53","51","342","454","573","492","C0017565"
"3747","716","2","5","7","53","51","119","395","549","674","C0017565"
"3748","2316","2","5","7","53","51","342","454","573","702","C0017565"
"3749","355","2","3","7","41","219","339","156","568","697","C0017565"
"3750","6208","2","3","2","110","85","237","433","547","671","C0017574"
"3751","567","2","5","7","34","52","119","395","549","674","C0017574"
"3752","7097","2","5","7","34","52","216","395","549","674","C0017574"
"3753","11322","2","5","7","34","52","216","395","549","674","C0017574"
"3754","7840","2","3","12","76","153","40","38","54","75","C0017574"
"3755","4000","2","3","12","26","105","178","226","297","156","C0017574"
"3756","919","2","5","7","53","14","119","25","40","186","C0017574"
"3757","675","2","3","12","19","31","261","116","1","86","C0017574"
"3758","3586","2","5","7","53","51","119","25","489","416","C0017574"
"3759","857","2","5","7","53","45","23","57","83","422","C0017574"
"3760","3557","2","3","12","41","219","339","156","568","697","C0017574"
"3761","3035","2","3","2","110","85","237","433","547","154","C0017605"
"3762","5913","2","5","7","27","36","71","341","223","219","C0017605"
"3763","7486","2","3","12","19","31","261","116","1","86","C0017605"
"3764","2138","2","3","12","19","31","1","426","55","78","C0017605"
"3765","6310","2","3","12","22","142","225","366","362","468","C0017605"
"3766","1482","2","3","3","19","221","321","428","541","667","C0017605"
"3767","4763","2","5","7","60","54","24","30","46","214","C0017605"
"3768","9","2","3","2","22","214","261","76","1","86","C0017612"
"3769","51364","2","3","6","11","142","225","142","220","298","C0017612"
"3770","7879","2","5","7","34","54","24","30","46","72","C0017612"
"3771","9076","2","5","6","42","36","71","177","64","219","C0017612"
"3772","11231","2","3","2","110","105","178","226","297","380","C0017662"
"3773","355","2","3","7","41","219","339","156","568","697","C0017662"
"3774","5914","2","3","3","19","151","276","91","433","118","C0017662"
"3775","4041","2","5","3","68","221","197","259","560","422","C0017662"
"3776","23405","2","3","2","22","33","323","66","146","194","C0017662"
"3777","4854","2","5","7","53","51","143","428","236","667","C0017662"
"3778","7051","2","1","6","11","142","225","142","220","298","C0017665"
"3779","5771","2","5","7","53","14","296","25","40","186","C0017665"
"3780","3399","2","3","12","19","31","276","91","433","118","C0017665"
"3781","4099","2","5","7","27","51","150","444","223","628","C0017665"
"3782","4843","2","3","5","43","161","305","409","489","416","C0017665"
"3783","9896","2","3","5","80","81","296","399","201","274","C0017665"
"3784","7353","2","3","12","41","219","339","156","568","605","C0017665"
"3785","9095","2","5","7","53","51","335","444","560","373","C0017671"
"3786","54332","2","3","2","60","170","40","98","66","203","C0017671"
"3787","2314","2","3","12","63","45","184","103","572","658","C0017671"
"3788","3914","2","5","7","53","51","342","454","573","492","C0017671"
"3789","6529","2","5","8","45","94","199","240","415","666","C0017919"
"3790","9568","2","5","4","68","96","326","427","548","672","C0017919"
"3791","5745","2","5","4","68","96","326","427","548","672","C0017922"
"3792","1234","2","5","4","68","96","326","427","548","672","C0017922"
"3793","3553","2","5","7","53","51","119","25","489","416","C0017924"
"3794","51135","2","3","12","53","219","20","156","568","697","C0017924"
"3795","5728","2","3","5","80","81","339","156","568","605","C0017979"
"3796","6899","2","5","7","53","184","335","259","560","373","C0017979"
"3797","3759","2","5","8","63","36","166","106","110","158","C0017979"
"3798","55624","2","3","2","78","123","194","255","215","412","C0017979"
"3799","2588","2","3","7","34","52","216","395","549","674","C0017979"
"3800","186","2","5","4","68","96","326","427","548","672","C0017979"
"3801","3123","2","5","7","53","51","119","156","287","116","C0017979"
"3802","57082","2","3","12","76","153","40","38","54","75","C0017979"
"3803","152816","2","3","2","11","142","342","454","573","593","C0017979"
"3804","4540","2","3","2","48","170","50","119","444","556","C0017979"
"3805","8200","2","5","7","53","51","342","259","423","389","C0017979"
"3806","673","2","5","7","53","14","20","34","540","68","C0017979"
"3807","6390","2","3","2","48","170","50","119","444","556","C0017979"
"3808","11311","2","3","12","19","31","118","155","287","116","C0017979"
"3809","2290","2","3","3","19","221","321","428","541","667","C0017979"
"3810","58","2","5","8","63","45","23","103","464","187","C0017979"
"3811","7019","2","3","3","19","151","276","91","433","118","C0017979"
"3812","1161","2","3","12","41","116","268","434","468","213","C0017979"
"3813","54756","2","5","7","41","219","238","118","543","214","C0017979"
"3814","1646","2","3","2","46","136","227","168","225","490","C0017979"
"3815","2903","2","5","7","53","14","20","25","223","219","C0017979"
"3816","2668","2","5","7","53","14","20","25","40","186","C0017979"
"3817","26353","2","3","12","76","45","160","347","271","356","C0017979"
"3818","5034","2","5","7","53","51","342","454","573","492","C0017979"
"3819","4830","2","3","2","72","109","182","235","307","506","C0017979"
"3820","546","2","3","12","19","31","261","426","1","86","C0017979"
"3821","7042","2","5","7","53","51","342","454","573","492","C0017979"
"3822","8818","2","3","2","61","77","142","176","280","363","C0017979"
"3823","7403","2","3","12","19","31","1","426","55","78","C0017979"
"3824","9049","2","3","3","41","151","276","378","271","356","C0017980"
"3825","3988","2","3","5","98","174","277","379","476","42","C0018021"
"3826","22926","2","3","12","19","31","276","91","433","118","C0018021"
"3827","2263","2","5","7","53","14","20","25","40","186","C0018021"
"3828","1855","2","5","12","76","153","197","259","560","422","C0018021"
"3829","26047","2","5","7","27","36","335","341","223","373","C0018021"
"3830","23522","2","3","12","19","31","1","426","55","78","C0018021"
"3831","9652","2","3","2","110","85","237","433","547","671","C0018021"
"3832","59","2","5","8","63","45","23","103","464","187","C0018021"
"3833","1911","2","3","12","19","31","1","426","55","78","C0018021"
"3834","23479","2","3","2","48","170","50","119","100","556","C0018021"
"3835","5396","2","3","3","19","221","321","428","541","667","C0018021"
"3836","6935","2","3","3","19","221","321","428","541","667","C0018021"
"3837","3557","2","3","12","41","219","339","156","568","697","C0018021"
"3838","23414","2","3","12","19","31","118","155","287","116","C0018021"
"3839","5828","2","3","5","43","161","305","409","208","482","C0018021"
"3840","3543","2","5","7","53","51","119","395","549","674","C0018021"
"3841","1536","2","5","7","34","52","216","395","549","674","C0018021"
"3842","7080","2","3","3","19","221","321","428","541","667","C0018021"
"3843","1616","2","3","12","19","31","1","426","55","316","C0018023"
"3844","7498","2","3","5","80","157","187","159","209","282","C0018023"
"3845","9719","2","5","7","53","51","342","454","573","492","C0018023"
"3846","57560","2","3","12","76","153","40","38","54","75","C0018051"
"3847","6775","2","5","7","53","14","119","25","40","186","C0018051"
"3848","5605","2","5","7","53","14","20","34","540","68","C0018051"
"3849","1062","2","3","12","76","153","40","38","54","75","C0018051"
"3850","23414","2","3","12","19","31","118","155","287","116","C0018051"
"3851","9215","2","5","2","27","36","150","430","215","628","C0018051"
"3852","4512","2","3","2","48","170","110","141","359","8","C0018051"
"3853","5332","2","3","4","68","96","326","427","548","672","C0018051"
"3854","1896","2","5","12","41","219","339","156","568","697","C0018051"
"3855","5743","2","3","5","53","175","119","167","489","416","C0018051"
"3856","2677","2","5","7","53","51","342","454","573","492","C0018051"
"3857","4534","2","3","5","80","81","296","399","362","468","C0018051"
"3858","26503","2","3","2","89","124","204","272","347","442","C0018051"
"3859","4318","2","5","7","34","52","216","395","573","492","C0018051"
"3860","37","2","3","2","110","105","178","226","297","380","C0018051"
"3861","55636","2","3","3","19","221","321","428","423","389","C0018051"
"3862","2033","2","3","12","19","31","1","91","433","118","C0018051"
"3863","3954","2","3","2","48","170","67","119","444","593","C0018051"
"3864","23408","2","3","3","19","151","276","91","433","118","C0018051"
"3865","5582","2","5","7","53","14","20","34","540","68","C0018051"
"3866","2273","2","5","8","63","45","23","103","464","187","C0018054"
"3867","90993","2","3","12","26","35","276","91","433","156","C0018054"
"3868","5624","2","5","7","53","51","342","454","573","492","C0018054"
"3869","1187","2","5","8","63","45","23","34","464","187","C0018055"
"3870","10312","2","3","7","34","52","216","395","549","674","C0018055"
"3871","4261","2","3","12","53","184","119","156","287","116","C0018055"
"3872","3691","2","5","7","53","51","342","454","573","492","C0018055"
"3873","4893","2","5","7","34","52","24","30","46","72","C0018055"
"3874","2645","2","3","2","90","167","266","367","101","664","C0018055"
"3875","2730","2","3","2","83","171","97","381","478","597","C0018055"
"3876","8626","2","3","3","19","221","321","428","541","667","C0018055"
"3877","7297","2","5","7","53","184","119","25","40","186","C0018055"
"3878","1584","2","3","5","79","159","256","276","353","456","C0018055"
"3879","729238","2","5","7","53","51","119","238","310","272","C0018055"
"3880","6452","2","5","7","53","14","20","25","40","186","C0018055"
"3881","2879","2","3","5","80","81","166","378","173","229","C0018055"
"3882","6862","2","5","3","53","51","335","259","560","373","C0018055"
"3883","673","2","5","7","53","14","20","34","540","68","C0018055"
"3884","617","2","3","2","48","170","50","304","167","593","C0018055"
"3885","5290","2","3","7","53","14","20","25","40","186","C0018055"
"3886","4522","2","3","5","15","166","104","262","121","167","C0018055"
"3887","55636","2","3","3","19","221","321","428","423","389","C0018055"
"3888","1134","2","5","8","27","70","99","162","216","290","C0018099"
"3889","22954","2","3","12","41","116","268","434","468","213","C0018099"
"3890","6531","2","5","8","45","94","199","240","415","666","C0018099"
"3891","23509","2","3","2","89","124","143","428","236","667","C0018099"
"3892","4747","2","5","7","27","36","150","341","223","628","C0018099"
"3893","1080","2","3","12","41","219","339","156","544","669","C0018099"
"3894","8842","2","5","5","53","82","147","184","179","328","C0018099"
"3895","1513","2","5","7","53","51","342","454","573","492","C0018099"
"3896","1289","2","5","7","53","51","342","454","573","492","C0018099"
"3897","1103","2","3","2","67","92","293","55","75","311","C0018099"
"3898","10342","2","3","7","60","219","40","202","66","203","C0018099"
"3899","2972","2","3","2","19","33","261","116","159","211","C0018099"
"3900","7468","2","3","12","19","31","1","426","55","78","C0018099"
"3901","5015","2","3","3","19","221","321","428","541","667","C0018099"
"3902","6335","2","5","8","63","36","166","341","390","158","C0018133"
"3903","51196","2","3","7","60","54","24","30","46","72","C0018133"
"3904","5781","2","5","7","53","14","20","25","40","186","C0018133"
"3905","658","2","5","7","53","51","342","259","423","389","C0018133"
"3906","4437","2","3","12","19","31","261","116","1","86","C0018133"
"3907","1409","2","3","12","76","153","40","38","54","75","C0018199"
"3908","9321","2","3","12","76","153","40","38","54","203","C0018199"
"3909","5745","2","5","4","68","96","326","427","548","672","C0018200"
"3910","4313","2","5","7","53","51","342","454","573","492","C0018200"
"3911","5076","2","3","3","19","221","321","428","541","667","C0018203"
"3912","2108","2","3","2","48","170","50","119","444","556","C0018203"
"3913","9516","2","3","2","48","116","110","141","152","462","C0018203"
"3914","9241","2","5","7","53","51","342","259","423","389","C0018203"
"3915","5332","2","3","4","68","96","326","427","548","672","C0018203"
"3916","51083","2","5","4","68","96","326","427","548","672","C0018203"
"3917","9723","2","5","7","53","51","342","79","560","373","C0018213"
"3918","4313","2","5","7","53","51","342","454","573","492","C0018213"
"3919","23394","2","3","12","19","31","335","444","236","373","C0018213"
"3920","5077","2","3","3","19","221","321","428","541","667","C0018213"
"3921","7248","2","3","2","48","57","110","141","359","462","C0018213"
"3922","5158","2","3","4","68","45","272","259","518","621","C0018213"
"3923","4810","2","3","2","76","57","110","444","560","373","C0018213"
"3924","6888","2","3","2","90","167","266","367","500","577","C0018213"
"3925","7227","2","3","12","19","31","276","91","433","118","C0018213"
"3926","4722","2","3","2","48","170","50","119","444","556","C0018213"
"3927","175","2","3","7","34","52","216","395","549","674","C0018213"
"3928","8200","2","5","7","53","51","342","259","423","389","C0018273"
"3929","54476","2","3","12","41","219","339","156","568","697","C0018273"
"3930","3954","2","3","2","48","170","67","119","444","593","C0018273"
"3931","10559","2","3","2","89","124","204","272","347","451","C0018273"
"3932","3575","2","5","7","53","51","184","341","544","669","C0018273"
"3933","50640","2","3","5","116","183","295","398","243","327","C0018273"
"3934","1947","2","5","7","53","51","20","25","560","373","C0018273"
"3935","242","2","3","5","11","142","223","142","220","298","C0018273"
"3936","338","2","5","7","53","51","342","454","573","492","C0018273"
"3937","3248","2","3","2","69","83","133","167","224","301","C0018273"
"3938","7291","2","3","12","19","151","276","91","489","416","C0018273"
"3939","421","2","5","7","42","51","335","444","560","373","C0018273"
"3940","54938","2","3","2","110","85","67","76","252","154","C0018273"
"3941","5167","2","3","5","32","93","163","207","303","126","C0018273"
"3942","6201","2","3","2","110","85","237","433","547","671","C0018273"
"3943","2548","2","3","7","34","52","216","395","549","674","C0018273"
"3944","5274","2","5","7","68","51","342","454","573","492","C0018273"
"3945","2317","2","5","7","63","45","23","103","287","664","C0018273"
"3946","9049","2","3","3","41","151","276","378","271","356","C0018273"
"3947","6335","2","5","8","63","36","166","341","390","158","C0018273"
"3948","10269","2","3","2","48","182","50","119","444","556","C0018273"
"3949","2263","2","5","7","53","14","20","25","40","186","C0018273"
"3950","9581","2","3","5","27","36","150","76","223","628","C0018273"
"3951","2588","2","3","7","34","52","216","395","549","674","C0018273"
"3952","207","2","3","7","53","14","20","34","489","416","C0018273"
"3953","5351","2","5","7","53","51","342","454","573","492","C0018273"
"3954","477","2","3","8","63","45","23","103","464","187","C0018273"
"3955","8312","2","3","12","41","219","339","156","568","605","C0018273"
"3956","3561","2","5","7","53","14","20","25","40","186","C0018273"
"3957","5159","2","5","7","53","14","20","25","40","186","C0018273"
"3958","3040","2","5","5","53","51","342","40","78","178","C0018273"
"3959","2944","2","3","5","91","175","271","372","471","586","C0018273"
"3960","11284","2","3","12","19","31","261","116","1","86","C0018500"
"3961","1186","2","5","8","63","45","23","34","464","187","C0018500"
"3962","7043","2","5","7","53","51","342","454","573","492","C0018500"
"3963","8048","2","5","8","63","45","23","103","464","187","C0018536"
"3964","7490","2","3","3","19","221","321","428","541","667","C0018536"
"3965","4638","2","5","7","53","45","23","103","464","187","C0018536"
"3966","2705","2","3","12","76","153","40","38","54","75","C0018536"
"3967","7273","2","5","7","53","51","342","103","464","702","C0018536"
"3968","8813","2","3","2","48","116","142","136","280","363","C0018536"
"3969","11277","2","3","12","19","31","261","116","1","86","C0018536"
"3970","5395","2","3","12","19","31","261","116","1","86","C0018536"
"3971","3073","2","3","5","105","155","250","291","152","420","C0018536"
"3972","5428","2","3","2","48","170","50","119","167","593","C0018536"
"3973","29072","2","3","12","19","31","1","426","55","78","C0018536"
"3974","4668","2","3","5","21","111","188","242","313","396","C0018536"
"3975","50485","2","3","12","19","31","261","116","1","86","C0018536"
"3976","7018","2","5","7","53","51","342","454","573","669","C0018536"
"3977","59","2","5","8","63","45","23","103","464","187","C0018536"
"3978","10585","2","5","2","27","206","324","430","215","290","C0018536"
"3979","55612","2","5","7","60","36","71","177","560","701","C0018536"
"3980","867","2","5","7","53","14","184","25","40","669","C0018536"
"3981","859","2","5","8","63","45","23","103","464","187","C0018536"
"3982","8600","2","5","7","41","219","339","156","568","697","C0018536"
"3983","7422","2","5","7","53","51","342","454","573","702","C0018536"
"3984","1440","2","5","7","53","51","119","25","489","416","C0018536"
"3985","291","2","3","2","48","170","50","304","167","593","C0018536"
"3986","6234","2","3","2","110","85","237","433","547","671","C0018536"
"3987","5621","2","5","8","27","36","342","454","573","628","C0018536"
"3988","9131","2","3","12","41","219","339","347","271","356","C0018536"
"3989","1294","2","5","7","53","51","342","454","573","492","C0018552"
"3990","9469","2","3","2","103","189","303","29","475","467","C0018552"
"3991","1788","2","3","12","19","31","1","426","55","78","C0018552"
"3992","8200","2","5","7","53","51","342","259","423","389","C0018553"
"3993","975","2","5","7","53","51","119","395","549","674","C0018553"
"3994","22954","2","3","12","41","116","268","434","468","213","C0018553"
"3995","2294","2","3","3","19","221","321","428","541","667","C0018553"
"3996","3162","2","3","5","53","51","119","402","489","416","C0018553"
"3997","25978","2","3","2","48","57","110","141","359","462","C0018553"
"3998","10262","2","3","2","22","33","323","66","101","136","C0018553"
"3999","285590","2","5","7","60","14","20","25","40","215","C0018553"
"4000","4358","2","3","5","43","161","305","409","208","482","C0018553"
"4001","5649","2","5","7","53","51","342","444","560","373","C0018564"
"4002","3730","2","5","7","53","14","20","25","40","186","C0018564"
"4003","53834","2","5","7","53","51","342","454","573","492","C0018564"
"4004","4540","2","3","2","48","170","50","119","444","556","C0018564"
"4005","56244","2","5","7","53","51","119","395","549","674","C0018564"
"4006","2071","2","3","12","19","31","261","116","159","211","C0018564"
"4007","4524","2","3","2","15","166","104","369","117","583","C0018564"
"4008","4000","2","3","12","26","105","178","226","297","156","C0018564"
"4009","760","2","3","5","35","41","77","40","78","178","C0018564"
"4010","9791","2","3","8","45","94","199","240","415","666","C0018564"
"4011","2068","2","3","12","19","31","261","116","159","211","C0018564"
"4012","1585","2","3","5","79","159","256","351","100","589","C0018564"
"4013","861","2","3","12","19","31","1","426","55","78","C0018564"
"4014","7177","2","3","5","80","51","119","454","549","674","C0018564"
"4015","10262","2","3","2","22","33","323","66","101","136","C0018564"
"4016","8878","2","3","12","41","219","339","156","568","697","C0018564"
"4017","7428","2","3","12","41","116","268","434","468","213","C0018564"
"4018","1131","2","5","4","68","96","326","427","548","672","C0018564"
"4019","8314","2","3","12","41","31","1","426","55","78","C0018564"
"4020","5972","2","5","5","34","52","216","397","418","568","C0018564"
"4021","8200","2","5","7","53","51","342","259","423","389","C0018564"
"4022","6452","2","5","7","53","14","20","25","40","186","C0018564"
"4023","5156","2","5","7","53","14","20","25","40","186","C0018564"
"4024","8517","2","3","12","41","219","339","156","568","697","C0018564"
"4025","7486","2","3","12","19","31","261","116","1","86","C0018564"
"4026","1027","2","3","12","19","31","1","116","1","86","C0018564"
"4027","10585","2","5","2","27","206","324","430","215","290","C0018564"
"4028","9993","2","5","7","53","51","342","454","573","492","C0018564"
"4029","3861","2","1","6","11","142","225","142","220","298","C0018564"
"4030","3295","2","3","5","43","161","305","409","208","482","C0018564"
"4031","3767","2","5","8","63","36","166","106","110","158","C0018564"
"4032","6647","2","3","2","95","2","342","378","173","702","C0018564"
"4033","2639","2","3","2","71","148","34","160","115","164","C0018566"
"4034","2890","2","5","8","63","36","166","106","110","158","C0018566"
"4035","2354","2","3","12","19","31","1","426","55","78","C0018566"
"4036","1280","2","5","7","53","51","342","454","573","492","C0018566"
"4037","2131","2","3","2","74","58","112","148","181","416","C0018566"
"4038","2253","2","5","7","53","14","20","25","40","186","C0018566"
"4039","4312","2","5","7","53","51","342","454","573","492","C0018566"
"4040","974","2","5","7","53","51","119","395","549","674","C0018566"
"4041","29954","2","5","2","27","206","324","430","215","290","C0018671"
"4042","5894","2","5","7","60","54","23","34","464","187","C0018671"
"4043","7048","2","5","7","53","51","342","259","423","389","C0018671"
"4044","8924","2","3","12","41","116","268","434","468","213","C0018671"
"4045","23533","2","3","2","53","14","20","25","362","468","C0018671"
"4046","6913","2","3","3","19","221","321","428","541","667","C0018671"
"4047","9420","2","3","5","79","159","256","215","282","366","C0018671"
"4048","1636","2","3","5","80","81","166","397","418","568","C0018671"
"4049","3815","2","5","7","53","14","20","25","40","186","C0018671"
"4050","56899","2","5","7","50","30","193","306","148","624","C0018671"
"4051","4613","2","3","12","19","31","1","426","55","78","C0018671"
"4052","7124","2","3","12","41","219","339","156","568","697","C0018671"
"4053","51684","2","3","12","41","116","268","38","54","75","C0018671"
"4054","5189","2","3","5","43","161","305","409","208","482","C0018671"
"4055","51259","2","3","2","76","153","40","38","54","75","C0018671"
"4056","6335","2","5","8","63","36","166","341","390","158","C0018671"
"4057","3284","2","3","2","69","98","169","299","183","243","C0018671"
"4058","27077","2","3","12","76","153","40","38","54","75","C0018671"
"4059","1442","2","5","7","53","14","20","25","40","186","C0018671"
"4060","5982","2","3","12","19","31","261","116","1","86","C0018671"
"4061","673","2","5","7","53","14","20","34","540","68","C0018671"
"4062","27245","2","3","6","22","142","225","366","362","468","C0018671"
"4063","6208","2","3","2","110","85","237","433","547","671","C0018671"
"4064","2239","2","3","2","74","51","342","454","573","492","C0018671"
"4065","9049","2","3","3","41","151","276","378","271","356","C0018671"
"4066","54821","2","3","12","76","153","40","38","54","75","C0018671"
"4067","5889","2","3","12","19","31","261","116","1","86","C0018780"
"4068","7351","2","3","2","20","29","98","123","166","221","C0018780"
"4069","23746","2","3","12","41","83","101","126","271","356","C0018780"
"4070","2263","2","5","7","53","14","20","25","40","186","C0018780"
"4071","6916","2","3","5","91","175","119","167","224","301","C0018781"
"4072","10126","2","5","7","60","14","184","341","544","669","C0018781"
"4073","3664","2","5","7","53","184","119","156","287","116","C0018781"
"4074","3312","2","3","7","34","52","184","347","271","356","C0018781"
"4075","7259","2","3","12","19","31","1","426","55","78","C0018781"
"4076","1747","2","3","3","19","221","321","428","541","667","C0018790"
"4077","7248","2","3","2","48","57","110","141","359","462","C0018790"
"4078","3425","2","3","5","80","81","166","454","573","492","C0018790"
"4079","2730","2","3","2","83","171","97","381","478","597","C0018790"
"4080","4638","2","5","7","53","45","23","103","464","187","C0018790"
"4081","4983","2","5","7","60","54","24","30","46","72","C0018790"
"4082","1585","2","3","5","79","159","256","351","100","589","C0018790"
"4083","81693","2","5","7","48","51","105","139","186","245","C0018790"
"4084","7273","2","5","7","53","51","342","103","464","702","C0018790"
"4085","668","2","3","12","19","221","321","428","541","664","C0018790"
"4086","2332","2","3","2","22","33","71","373","466","609","C0018794"
"4087","7169","2","5","8","63","45","23","103","464","187","C0018794"
"4088","5621","2","5","8","27","36","342","454","573","628","C0018808"
"4089","7249","2","3","7","60","57","110","141","359","462","C0018808"
"4090","51218","2","3","2","48","170","50","119","100","556","C0018808"
"4091","2658","2","5","7","53","51","342","259","423","389","C0018808"
"4092","1387","2","3","12","19","31","276","91","433","118","C0018808"
"4093","5566","2","3","12","76","14","20","34","540","75","C0018816"
"4094","650","2","5","7","53","51","342","259","423","389","C0018816"
"4095","2248","2","5","7","53","14","20","25","40","186","C0018816"
"4096","2705","2","3","12","76","153","40","38","54","75","C0018816"
"4097","22854","2","5","5","27","51","335","444","560","373","C0018816"
"4098","5743","2","3","5","53","175","119","167","489","416","C0018816"
"4099","50939","2","3","12","76","153","40","38","472","435","C0018816"
"4100","720","2","5","7","53","51","342","454","573","492","C0018816"
"4101","7054","2","3","5","80","81","166","34","258","345","C0018816"
"4102","55690","2","3","2","48","57","110","141","359","462","C0018816"
"4103","1440","2","5","7","53","51","119","25","489","416","C0018816"
"4104","7415","2","3","7","34","52","216","395","536","445","C0018816"
"4105","3930","2","3","2","22","33","323","66","3","464","C0018816"
"4106","860","2","3","12","19","31","276","91","433","118","C0018816"
"4107","1401","2","5","7","53","51","119","395","573","492","C0018816"
"4108","3423","2","3","5","74","3","342","374","294","590","C0018816"
"4109","8312","2","3","12","41","219","339","156","568","605","C0018816"
"4110","80326","2","5","3","68","221","197","259","560","422","C0018816"
"4111","55687","2","3","2","48","170","152","119","252","154","C0018816"
"4112","7138","2","5","8","63","45","23","103","464","187","C0018816"
"4113","10516","2","5","7","53","51","342","454","573","492","C0018816"
"4114","7167","2","3","2","90","167","266","367","500","577","C0018816"
"4115","974","2","5","7","53","51","119","395","549","674","C0018816"
"4116","3861","2","1","6","11","142","225","142","220","298","C0018816"
"4117","5529","2","3","12","76","153","40","38","54","75","C0018843"
"4118","3481","2","5","7","53","51","342","454","573","492","C0018843"
"4119","3728","2","5","7","34","52","225","142","220","298","C0018843"
"4120","54345","2","5","3","19","221","321","428","541","667","C0018843"
"4121","3162","2","3","5","53","51","119","402","489","416","C0018843"
"4122","5155","2","5","7","53","51","342","454","573","186","C0018843"
"4123","10280","2","3","2","110","85","52","57","86","119","C0018843"
"4124","2812","2","5","7","53","51","342","454","573","492","C0018843"
"4125","2773","2","5","4","68","96","326","427","548","672","C0018843"
"4126","8200","2","5","7","53","51","342","259","423","389","C0018843"
"4127","4337","2","3","2","80","91","75","204","267","352","C0018843"
"4128","1493","2","5","7","53","51","119","25","40","186","C0018843"
"4129","460","2","5","7","27","36","150","341","223","628","C0018843"
"4130","9343","2","3","2","22","33","323","66","101","136","C0018916"
"4131","3909","2","5","7","53","51","342","454","573","492","C0018916"
"4132","5077","2","3","3","19","221","321","428","541","667","C0018916"
"4133","5897","2","3","12","41","116","268","141","568","605","C0018916"
"4134","2879","2","3","5","80","81","166","378","173","229","C0018916"
"4135","6201","2","3","2","110","85","237","433","547","671","C0018916"
"4136","7389","2","3","2","17","24","51","132","210","123","C0018916"
"4137","3593","2","5","7","53","51","119","25","489","416","C0018916"
"4138","6785","2","3","5","67","7","5","239","311","393","C0018916"
"4139","6870","2","5","4","68","96","326","427","548","672","C0018916"
"4140","148789","2","3","2","78","123","126","135","215","289","C0018916"
"4141","7421","2","3","3","19","151","276","91","433","118","C0018916"
"4142","50945","2","3","3","48","170","335","347","560","373","C0018916"
"4143","95681","2","3","12","76","153","40","38","54","75","C0018916"
"4144","26123","2","3","2","76","153","40","38","54","75","C0018916"
"4145","80339","2","3","5","2","213","334","443","559","687","C0018916"
"4146","6469","2","5","3","53","221","197","259","560","422","C0018916"
"4147","5192","2","3","5","43","161","305","409","208","482","C0018916"
"4148","3717","2","5","7","53","14","20","25","40","186","C0018916"
"4149","2304","2","3","12","19","221","321","428","541","667","C0018916"
"4150","3655","2","5","7","53","51","342","454","573","492","C0018916"
"4151","4338","2","3","2","110","85","75","204","267","352","C0018916"
"4152","54583","2","3","12","41","116","268","434","568","605","C0018916"
"4153","23321","2","5","7","53","184","119","156","287","116","C0018916"
"4154","5781","2","5","7","53","14","20","25","40","186","C0018920"
"4155","3759","2","5","8","63","36","166","106","110","158","C0018920"
"4156","27235","2","3","2","48","170","50","304","167","593","C0018920"
"4157","4609","2","3","12","19","31","1","160","107","416","C0018920"
"4158","9896","2","3","5","80","81","296","399","201","274","C0018920"
"4159","11285","2","3","2","74","205","191","396","408","620","C0018920"
"4160","3909","2","5","7","53","51","342","454","573","492","C0018920"
"4161","29893","2","3","12","19","31","1","426","55","78","C0018920"
"4162","2597","2","3","2","90","167","266","367","500","577","C0018920"
"4163","23522","2","3","12","19","31","1","426","55","78","C0018920"
"4164","4803","2","5","7","60","54","24","30","46","72","C0018920"
"4165","2273","2","5","8","63","45","23","103","464","187","C0018920"
"4166","6197","2","3","12","19","14","20","34","540","68","C0018920"
"4167","9509","2","5","7","53","51","342","454","573","492","C0018920"
"4168","1440","2","5","7","53","51","119","25","489","416","C0018920"
"4169","2623","2","3","12","19","31","1","155","287","116","C0018920"
"4170","6915","2","5","4","68","96","326","427","548","672","C0018920"
"4171","4313","2","5","7","53","51","342","454","573","492","C0018920"
"4172","7737","2","3","12","22","33","268","434","468","213","C0018920"
"4173","1959","2","3","3","19","151","276","91","433","118","C0018920"
"4174","7157","2","3","12","19","31","261","402","489","551","C0018922"
"4175","2736","2","3","12","41","116","321","428","54","667","C0018922"
"4176","4010","2","3","3","19","221","321","428","541","667","C0018923"
"4177","2896","2","5","7","34","52","216","395","549","674","C0018923"
"4178","4952","2","3","5","60","54","184","30","544","669","C0018923"
"4179","29925","2","3","2","68","66","123","158","207","278","C0018923"
"4180","579","2","3","3","19","221","321","428","541","667","C0018923"
"4181","2099","2","3","12","19","151","276","91","433","118","C0018923"
"4182","7051","2","1","6","11","142","225","142","220","298","C0018923"
"4183","4000","2","3","12","26","105","178","226","297","156","C0018923"
"4184","5728","2","3","5","80","81","339","156","568","605","C0018923"
"4185","9210","2","5","7","53","51","342","454","573","492","C0018923"
"4186","10586","2","3","3","11","221","321","428","541","667","C0018923"
"4187","2138","2","3","12","19","31","1","426","55","78","C0018923"
"4188","9419","2","5","7","60","36","71","341","223","219","C0018923"
"4189","4842","2","3","5","63","45","71","177","464","219","C0018923"
"4190","1723","2","3","2","48","170","50","119","444","556","C0018923"
"4191","5734","2","5","4","68","96","326","427","548","672","C0018923"
"4192","4629","2","5","8","63","45","23","103","464","187","C0018923"
"4193","860","2","3","12","19","31","276","91","433","118","C0018923"
"4194","2737","2","3","12","19","116","321","428","54","667","C0018924"
"4195","39","2","3","2","67","92","293","55","75","311","C0018924"
"4196","11315","2","3","2","48","170","50","399","201","229","C0018924"
"4197","9215","2","5","2","27","36","150","430","215","628","C0018924"
"4198","4015","2","5","7","53","51","342","454","573","492","C0018924"
"4199","338","2","5","7","53","51","342","454","573","492","C0018924"
"4200","9839","2","3","3","19","221","321","428","541","667","C0018924"
"4201","10716","2","5","7","53","51","335","444","560","373","C0018924"
"4202","355","2","3","7","41","219","339","156","568","697","C0018924"
"4203","718","2","5","7","34","51","119","395","549","674","C0018924"
"4204","673","2","5","7","53","14","20","34","540","68","C0018924"
"4205","8242","2","3","12","19","31","1","426","55","78","C0018926"
"4206","4155","2","5","7","27","36","150","341","223","628","C0018926"
"4207","55505","2","3","2","110","85","237","433","547","671","C0018926"
"4208","1278","2","5","7","53","51","342","454","573","492","C0018926"
"4209","26227","2","3","2","41","137","44","208","81","108","C0018932"
"4210","8291","2","5","8","63","45","23","103","464","187","C0018932"
"4211","8659","2","3","2","67","103","177","225","295","378","C0018932"
"4212","1675","2","5","7","34","52","216","395","549","674","C0018932"
"4213","7248","2","3","2","48","57","110","141","359","462","C0018932"
"4214","51067","2","3","2","110","85","67","76","252","154","C0018932"
"4215","2539","2","3","2","48","57","110","141","359","383","C0018932"
"4216","51360","2","3","3","26","35","276","91","433","203","C0018932"
"4217","8626","2","3","3","19","221","321","428","541","667","C0018932"
"4218","23230","2","5","7","11","142","71","341","560","219","C0018939"
"4219","4088","2","3","12","19","219","339","259","423","605","C0018939"
"4220","6690","2","5","7","68","51","119","395","549","674","C0018939"
"4221","5961","2","5","7","27","51","326","126","414","702","C0018939"
"4222","120892","2","3","2","110","85","28","164","85","522","C0018939"
"4223","3887","2","1","6","11","142","225","142","220","298","C0018939"
"4224","5961","2","5","7","27","51","326","126","414","702","C0018939"
"4225","11005","2","1","6","11","142","225","142","220","298","C0018939"
"4226","25970","2","5","7","53","14","20","25","40","116","C0018939"
"4227","5194","2","3","5","43","161","305","409","208","482","C0018939"
"4228","1487","2","3","12","19","31","1","426","55","340","C0018939"
"4229","7432","2","5","4","68","96","326","427","548","672","C0018939"
"4230","8626","2","3","3","19","221","321","428","541","667","C0018939"
"4231","7046","2","3","12","41","219","339","259","423","605","C0018939"
"4232","7504","2","5","4","68","96","326","427","548","672","C0018939"
"4233","1947","2","5","7","53","51","20","25","560","373","C0018939"
"4234","3039","2","3","5","35","41","118","155","287","116","C0018939"
"4235","10743","2","3","3","19","151","276","91","433","118","C0018939"
"4236","4803","2","5","7","60","54","24","30","46","72","C0018975"
"4237","4054","2","5","7","53","51","342","454","573","492","C0018975"
"4238","257202","2","3","5","80","81","110","378","173","229","C0018975"
"4239","710","2","5","7","53","51","342","454","573","702","C0018975"
"4240","1581","2","3","5","19","151","276","91","433","118","C0018979"
"4241","8200","2","5","7","53","51","342","259","423","389","C0018979"
"4242","4913","2","3","12","19","31","261","116","1","86","C0018979"
"4243","6611","2","3","2","58","55","25","46","329","198","C0018979"
"4244","3952","2","5","3","53","151","276","91","433","118","C0018979"
"4245","10060","2","3","8","41","45","23","423","464","445","C0018979"
"4246","53834","2","5","7","53","51","342","454","573","492","C0018979"
"4247","23414","2","3","12","19","31","118","155","287","116","C0018979"
"4248","3953","2","5","7","53","14","20","25","40","186","C0018979"
"4249","435","2","3","8","84","97","167","210","278","360","C0018979"
"4250","2317","2","5","7","63","45","23","103","287","664","C0018979"
"4251","657","2","5","7","53","221","342","259","423","389","C0018979"
"4252","6311","2","3","2","22","33","323","66","362","468","C0018979"
"4253","25942","2","3","12","19","31","1","426","55","78","C0018979"
"4254","2879","2","3","5","80","81","166","378","173","229","C0018979"
"4255","6573","2","3","5","80","81","166","369","117","583","C0018991"
"4256","845","2","5","8","63","45","23","34","464","187","C0018991"
"4257","6473","2","3","3","19","221","321","428","541","667","C0018991"
"4258","3418","2","3","2","67","151","276","33","48","155","C0018991"
"4259","1585","2","3","5","79","159","256","351","100","589","C0018991"
"4260","10747","2","5","7","53","51","119","395","549","674","C0018991"
"4261","2022","2","5","7","53","51","342","259","423","389","C0018991"
"4262","2316","2","5","7","53","51","342","454","573","702","C0018991"
"4263","4287","2","3","12","41","116","268","434","468","215","C0018991"
"4264","6469","2","5","3","53","221","197","259","560","422","C0018991"
"4265","5290","2","3","7","53","14","20","25","40","186","C0018991"
"4266","540","2","5","8","63","45","23","103","464","187","C0018991"
"4267","5443","2","5","4","68","96","326","427","548","672","C0018991"
"4268","4921","2","5","7","53","14","20","25","573","186","C0018995"
"4269","7378","2","3","5","80","81","296","62","94","150","C0018995"
"4270","2299","2","3","3","19","221","321","428","541","667","C0018995"
"4271","10063","2","3","2","48","170","50","304","167","593","C0018995"
"4272","23592","2","3","12","26","105","342","259","423","389","C0018995"
"4273","396","2","5","7","60","54","24","30","46","72","C0018995"
"4274","26012","2","3","12","19","31","261","116","159","211","C0018995"
"4275","5333","2","3","5","18","16","40","417","103","58","C0018995"
"4276","6674","2","3","12","48","57","50","38","54","462","C0018995"
"4277","6915","2","5","4","68","96","326","427","548","672","C0018995"
"4278","2255","2","5","7","53","14","20","25","40","186","C0018995"
"4279","9049","2","3","3","41","151","276","378","271","356","C0018995"
"4280","2950","2","5","7","34","52","216","395","549","674","C0019025"
"4281","4893","2","5","7","34","52","24","30","46","72","C0019025"
"4282","7490","2","3","3","19","221","321","428","541","667","C0019025"
"4283","2705","2","3","12","76","153","40","38","54","75","C0019025"
"4284","54209","2","5","7","53","51","119","395","549","674","C0019050"
"4285","2178","2","3","12","19","31","261","116","1","86","C0019050"
"4286","2253","2","5","7","53","14","20","25","40","186","C0019054"
"4287","6652","2","3","2","90","162","141","246","234","315","C0019054"
"4288","27019","2","3","12","76","153","40","38","54","75","C0019054"
"4289","22930","2","5","7","60","54","24","30","46","72","C0019054"
"4290","51741","2","3","2","22","33","323","66","101","127","C0019054"
"4291","4540","2","3","2","48","170","50","119","444","556","C0019054"
"4292","2812","2","5","7","53","51","342","454","573","492","C0019061"
"4293","9487","2","3","5","80","81","142","176","235","317","C0019061"
"4294","4803","2","5","7","60","54","24","30","46","72","C0019061"
"4295","1499","2","3","12","19","221","197","259","560","422","C0019061"
"4296","2218","2","5","2","53","123","194","255","560","373","C0019061"
"4297","4704","2","3","2","48","170","50","119","444","556","C0019061"
"4298","1908","2","5","4","68","96","326","427","548","672","C0019061"
"4299","7296","2","3","2","48","151","276","91","433","118","C0019061"
"4300","54101","2","3","2","48","170","50","347","167","593","C0019061"
"4301","3845","2","5","7","60","54","24","30","46","72","C0019069"
"4302","51119","2","3","2","110","85","237","433","547","671","C0019069"
"4303","5144","2","3","4","68","96","326","427","548","672","C0019079"
"4304","8878","2","3","12","41","219","339","156","568","697","C0019079"
"4305","4254","2","5","7","53","14","20","25","40","186","C0019079"
"4306","2969","2","3","12","19","31","276","91","433","118","C0019079"
"4307","285","2","5","7","53","51","342","454","573","492","C0019079"
"4308","10806","2","3","12","76","153","40","38","54","75","C0019079"
"4309","23400","2","5","8","63","45","23","103","464","187","C0019080"
"4310","4141","2","3","2","110","85","237","433","547","154","C0019080"
"4311","1544","2","3","5","91","214","271","372","471","586","C0019080"
"4312","10102","2","3","2","48","182","67","76","463","153","C0019080"
"4313","2068","2","3","12","19","31","261","116","159","211","C0019080"
"4314","3791","2","5","7","53","51","342","454","573","492","C0019080"
"4315","1493","2","5","7","53","51","119","25","40","186","C0019080"
"4316","4137","2","3","7","27","36","150","341","223","628","C0019080"
"4317","2623","2","3","12","19","31","1","155","287","116","C0019080"
"4318","4882","2","3","4","68","96","326","427","548","672","C0019080"
"4319","5422","2","3","12","19","31","261","116","1","86","C0019080"
"4320","650","2","5","7","53","51","342","259","423","389","C0019080"
"4321","6794","2","3","12","53","14","20","34","540","68","C0019080"
"4322","1776","2","5","7","105","219","261","402","129","215","C0019080"
"4323","5443","2","5","4","68","96","326","427","548","672","C0019080"
"4324","4952","2","3","5","60","54","184","30","544","669","C0019080"
"4325","23224","2","3","12","19","31","1","426","55","78","C0019080"
"4326","3617","2","5","7","86","221","321","454","311","518","C0019087"
"4327","134430","2","3","2","110","85","237","433","547","671","C0019087"
"4328","7291","2","3","12","19","151","276","91","489","416","C0019087"
"4329","7941","2","3","5","7","218","338","450","567","696","C0019087"
"4330","7428","2","3","12","41","116","268","434","468","213","C0019087"
"4331","4000","2","3","12","26","105","178","226","297","156","C0019087"
"4332","5728","2","3","5","80","81","339","156","568","605","C0019087"
"4333","6866","2","5","4","68","96","326","427","548","672","C0019087"
"4334","6945","2","3","12","19","31","110","141","488","102","C0019087"
"4335","55630","2","3","5","27","81","99","162","216","290","C0019087"
"4336","2626","2","3","12","19","31","118","155","287","116","C0019087"
"4337","7124","2","3","12","41","219","339","156","568","697","C0019087"
"4338","6736","2","3","12","19","31","276","91","433","667","C0019087"
"4339","11178","2","5","4","63","96","23","103","464","373","C0019087"
"4340","7421","2","3","3","19","151","276","91","433","118","C0019087"
"4341","6121","2","3","2","69","83","101","126","170","224","C0019087"
"4342","7416","2","3","2","48","170","339","304","167","593","C0019087"
"4343","7249","2","3","7","60","57","110","141","359","462","C0019087"
"4344","2261","2","5","7","53","14","20","25","40","186","C0019087"
"4345","177","2","5","7","53","51","339","156","568","697","C0019087"
"4346","9037","2","5","7","53","51","342","454","560","492","C0019087"
"4347","26040","2","3","12","19","31","1","116","297","78","C0019087"
"4348","3284","2","3","2","69","98","169","299","183","243","C0019087"
"4349","427","2","3","7","34","52","216","395","549","420","C0019087"
"4350","9896","2","3","5","80","81","296","399","201","274","C0019087"
"4351","3818","2","5","7","68","51","119","395","549","674","C0019087"
"4352","721","2","5","7","53","51","342","454","573","492","C0019087"
"4353","10585","2","5","2","27","206","324","430","215","290","C0019087"
"4354","5831","2","3","2","101","62","189","182","566","409","C0019087"
"4355","768","2","3","5","35","41","77","40","370","303","C0019087"
"4356","2956","2","3","12","19","31","261","116","1","86","C0019100"
"4357","9719","2","5","7","53","51","342","454","573","492","C0019100"
"4358","53834","2","5","7","53","51","342","454","573","492","C0019100"
"4359","4338","2","3","2","110","85","75","204","267","352","C0019151"
"4360","3073","2","3","5","105","155","250","291","152","420","C0019151"
"4361","4352","2","5","7","53","14","20","25","40","186","C0019151"
"4362","6005","2","3","2","16","197","45","155","78","695","C0019151"
"4363","10083","2","5","7","42","36","71","177","223","219","C0019151"
"4364","2027","2","3","5","80","81","266","367","500","577","C0019151"
"4365","374654","2","3","12","76","153","40","38","54","75","C0019151"
"4366","11200","2","3","12","19","31","261","116","1","86","C0019151"
"4367","4593","2","5","7","53","14","20","454","573","492","C0019151"
"4368","28982","2","3","5","25","44","165","101","274","358","C0019151"
"4369","5896","2","3","12","41","116","268","434","568","605","C0019151"
"4370","25978","2","3","2","48","57","110","141","359","462","C0019151"
"4371","5428","2","3","2","48","170","50","119","167","593","C0019151"
"4372","5604","2","5","7","53","14","20","34","540","68","C0019151"
"4373","84987","2","3","2","48","170","50","119","444","556","C0019151"
"4374","1536","2","5","7","34","52","216","395","549","674","C0019156"
"4375","4668","2","3","5","21","111","188","242","313","396","C0019156"
"4376","5604","2","5","7","53","14","20","34","540","68","C0019158"
"4377","207","2","3","7","53","14","20","34","489","416","C0019158"
"4378","1277","2","5","7","53","51","342","454","573","492","C0019158"
"4379","4163","2","3","2","110","167","266","367","500","577","C0019158"
"4380","6899","2","5","7","53","184","335","259","560","373","C0019158"
"4381","8945","2","3","12","41","116","268","434","468","213","C0019158"
"4382","1174","2","5","7","60","153","184","341","544","669","C0019158"
"4383","6448","2","3","5","74","160","294","376","453","567","C0019158"
"4384","2261","2","5","7","53","14","20","25","40","186","C0019158"
"4385","2132","2","3","2","74","58","112","148","193","263","C0019158"
"4386","79147","2","3","2","27","36","150","430","215","628","C0019158"
"4387","51715","2","5","7","60","54","24","30","46","72","C0019158"
"4388","6928","2","3","3","19","221","321","428","541","667","C0019158"
"4389","54361","2","5","3","68","221","197","259","560","422","C0019158"
"4390","257","2","3","3","19","221","321","428","541","667","C0019158"
"4391","2778","2","5","4","68","96","326","427","548","672","C0019158"
"4392","368","2","3","12","41","116","268","423","536","445","C0019158"
"4393","8838","2","5","7","53","51","342","259","423","389","C0019158"
"4394","2796","2","5","4","68","96","326","427","548","672","C0019158"
"4395","3845","2","5","7","60","54","24","30","46","72","C0019158"
"4396","2261","2","5","7","53","14","20","25","40","186","C0019158"
"4397","9420","2","3","5","79","159","256","215","282","366","C0019158"
"4398","9517","2","3","2","50","47","39","100","321","638","C0019158"
"4399","5327","2","5","7","53","51","342","454","573","492","C0019158"
"4400","5922","2","5","7","60","54","24","30","46","72","C0019163"
"4401","8517","2","3","12","41","219","339","156","568","697","C0019163"
"4402","4929","2","3","3","19","151","276","91","433","118","C0019163"
"4403","1186","2","5","8","63","45","23","34","464","187","C0019163"
"4404","861","2","3","12","19","31","1","426","55","78","C0019163"
"4405","6144","2","3","2","110","85","237","433","547","671","C0019163"
"4406","4842","2","3","5","63","45","71","177","464","219","C0019163"
"4407","51305","2","5","8","63","36","166","106","110","158","C0019163"
"4408","5447","2","3","5","91","214","271","372","471","586","C0019163"
"4409","8220","2","3","2","22","33","323","66","101","136","C0019163"
"4410","5594","2","5","7","34","14","20","34","540","274","C0019163"
"4411","6635","2","3","2","22","33","323","66","101","136","C0019163"
"4412","590","2","3","5","85","143","286","51","488","604","C0019187"
"4413","2316","2","5","7","53","51","342","454","573","702","C0019187"
"4414","9051","2","5","7","60","14","20","25","40","215","C0019188"
"4415","4329","2","3","2","67","92","293","229","381","496","C0019188"
"4416","6834","2","3","2","48","170","50","119","444","556","C0019188"
"4417","5728","2","3","5","80","81","339","156","568","605","C0019189"
"4418","51259","2","3","2","76","153","40","38","54","75","C0019189"
"4419","5573","2","3","12","19","184","118","155","287","116","C0019189"
"4420","7015","2","3","12","19","31","1","426","55","78","C0019189"
"4421","3730","2","5","7","53","14","20","25","40","186","C0019189"
"4422","196","2","3","3","19","151","276","91","433","118","C0019189"
"4423","207","2","3","7","53","14","20","34","489","416","C0019189"
"4424","6658","2","3","12","19","221","321","428","541","667","C0019189"
"4425","7249","2","3","7","60","57","110","141","359","462","C0019189"
"4426","2099","2","3","12","19","151","276","91","433","118","C0019189"
"4427","26503","2","3","2","89","124","204","272","347","442","C0019189"
"4428","6908","2","3","12","19","31","1","116","159","211","C0019189"
"4429","4436","2","3","12","19","31","261","116","1","86","C0019189"
"4430","2990","2","3","7","34","52","216","395","549","674","C0019189"
"4431","29123","2","3","12","19","151","276","91","433","118","C0019189"
"4432","9487","2","3","5","80","81","142","176","235","317","C0019189"
"4433","6495","2","3","3","19","221","321","428","541","667","C0019189"
"4434","185","2","5","4","68","96","326","427","548","672","C0019189"
"4435","2720","2","3","7","34","52","216","395","21","599","C0019189"
"4436","7200","2","5","4","68","96","326","427","548","672","C0019189"
"4437","9031","2","3","12","19","31","1","426","55","78","C0019189"
"4438","1278","2","5","7","53","51","342","454","573","492","C0019189"
"4439","10157","2","3","5","71","102","175","222","290","371","C0019189"
"4440","2903","2","5","7","53","14","20","25","223","219","C0019196"
"4441","7486","2","3","12","19","31","261","116","1","86","C0019196"
"4442","26022","2","5","8","68","45","110","98","66","203","C0019196"
"4443","1299","2","5","7","53","51","342","454","573","492","C0019196"
"4444","4513","2","3","2","48","170","110","141","359","532","C0019196"
"4445","6444","2","5","8","63","45","23","103","464","187","C0019196"
"4446","51454","2","5","7","60","54","184","341","544","669","C0019196"
"4447","2138","2","3","12","19","31","1","426","55","78","C0019196"
"4448","7469","2","3","12","19","31","261","116","159","211","C0019196"
"4449","249","2","3","5","27","51","335","444","560","373","C0019196"
"4450","6440","2","5","5","68","96","185","238","310","272","C0019196"
"4451","1906","2","5","4","68","96","326","427","548","672","C0019196"
"4452","9950","2","5","7","60","54","40","98","66","203","C0019196"
"4453","2131","2","3","2","74","58","112","148","181","416","C0019196"
"4454","3123","2","5","7","53","51","119","156","287","116","C0019196"
"4455","6391","2","3","2","48","170","50","119","444","556","C0019202"
"4456","5339","2","5","7","53","51","342","454","573","492","C0019202"
"4457","551","2","5","4","68","96","326","427","548","672","C0019202"
"4458","25836","2","3","12","76","153","40","38","54","75","C0019202"
"4459","5015","2","3","3","19","221","321","428","541","667","C0019202"
"4460","7157","2","3","12","19","31","261","402","489","551","C0019202"
"4461","4920","2","5","7","53","14","20","259","560","373","C0019202"
"4462","7043","2","5","7","53","51","342","454","573","492","C0019202"
"4463","9569","2","3","12","19","31","276","91","433","118","C0019202"
"4464","27077","2","3","12","76","153","40","38","54","75","C0019202"
"4465","55670","2","3","5","43","161","305","409","208","482","C0019202"
"4466","5745","2","5","4","68","96","326","427","548","672","C0019202"
"4467","6499","2","3","2","110","85","237","433","547","671","C0019202"
"4468","7424","2","5","7","53","51","342","454","573","702","C0019202"
"4469","2071","2","3","12","19","31","261","116","159","211","C0019202"
"4470","4321","2","5","7","53","51","342","454","573","492","C0019202"
"4471","7306","2","5","5","23","18","138","250","332","407","C0019202"
"4472","7840","2","3","12","76","153","40","38","54","75","C0019202"
"4473","5696","2","3","12","41","116","268","156","568","116","C0019202"
"4474","387","2","5","7","60","54","24","30","46","72","C0019202"
"4475","7737","2","3","12","22","33","268","434","468","213","C0019202"
"4476","5111","2","3","12","19","31","261","116","1","86","C0019202"
"4477","1188","2","5","8","63","45","23","34","464","187","C0019202"
"4478","4153","2","5","7","53","51","119","395","549","674","C0019202"
"4479","23363","2","3","12","41","116","268","434","468","213","C0019212"
"4480","1376","2","3","2","19","151","276","91","433","118","C0019212"
"4481","27229","2","3","12","76","153","40","38","54","75","C0019214"
"4482","5663","2","5","7","34","52","216","395","549","667","C0019214"
"4483","7015","2","3","12","19","31","1","426","55","78","C0019214"
"4484","26012","2","3","12","19","31","261","116","159","211","C0019214"
"4485","10329","2","3","2","63","123","194","423","536","544","C0019214"
"4486","151","2","5","4","68","96","326","427","548","672","C0019214"
"4487","3329","2","3","2","48","170","50","304","167","593","C0019214"
"4488","1588","2","3","5","79","159","256","350","27","44","C0019214"
"4489","7046","2","3","12","41","219","339","259","423","605","C0019214"
"4490","3670","2","3","2","110","85","237","433","547","671","C0019214"
"4491","7078","2","5","7","53","51","342","454","573","702","C0019214"
"4492","717","2","5","7","53","51","119","395","549","674","C0019214"
"4493","55163","2","3","5","80","81","166","120","161","228","C0019214"
"4494","10165","2","3","2","48","170","50","304","167","593","C0019214"
"4495","2175","2","3","12","19","31","261","116","1","86","C0019214"
"4496","51684","2","3","12","41","116","268","38","54","75","C0019214"
"4497","3977","2","5","7","53","51","119","25","40","416","C0019214"
"4498","8625","2","3","12","19","31","276","91","236","118","C0019214"
"4499","6391","2","3","2","48","170","50","119","444","556","C0019214"
"4500","2316","2","5","7","53","51","342","454","573","702","C0019214"
"4501","3239","2","3","3","19","221","321","428","541","667","C0019214"
"4502","22858","2","3","7","53","14","20","34","540","68","C0019214"
"4503","1134","2","5","8","27","70","99","162","216","290","C0019243"
"4504","5728","2","3","5","80","81","339","156","568","605","C0019243"
"4505","2010","2","3","12","26","105","296","226","488","156","C0019243"
"4506","3868","2","1","6","11","142","225","142","220","298","C0019270"
"4507","5885","2","3","12","76","153","40","38","54","75","C0019270"
"4508","8200","2","5","7","53","51","342","259","423","389","C0019270"
"4509","4513","2","3","2","48","170","110","141","359","532","C0019270"
"4510","3060","2","5","4","68","96","326","427","548","672","C0019270"
"4511","5818","2","5","7","53","51","335","444","560","373","C0019270"
"4512","2048","2","5","7","53","14","20","25","560","373","C0019270"
"4513","567","2","5","7","34","52","119","395","549","674","C0019270"
"4514","54209","2","5","7","53","51","119","395","549","674","C0019270"
"4515","2517","2","3","7","34","52","216","395","549","674","C0019288"
"4516","9496","2","5","6","11","142","225","142","220","673","C0019288"
"4517","5468","2","3","3","19","151","276","91","433","118","C0019288"
"4518","55630","2","3","5","27","81","99","162","216","290","C0019288"
"4519","10269","2","3","2","48","182","50","119","444","556","C0019288"
"4520","1649","2","3","12","19","31","276","91","433","118","C0019288"
"4521","1278","2","5","7","53","51","342","454","573","492","C0019288"
"4522","55112","2","3","12","76","153","40","38","54","75","C0019337"
"4523","7476","2","5","3","68","221","197","259","560","422","C0019337"
"4524","26154","2","3","5","47","144","185","238","310","392","C0019337"
"4525","1947","2","5","7","53","51","20","25","560","373","C0019337"
"4526","2629","2","3","5","80","81","250","291","152","420","C0019337"
"4527","650","2","5","7","53","51","342","259","423","389","C0019337"
"4528","5290","2","3","7","53","14","20","25","40","186","C0019337"
"4529","9244","2","5","7","53","51","119","25","40","416","C0019337"
"4530","10020","2","3","2","89","124","204","42","452","258","C0019337"
"4531","9289","2","5","4","68","96","326","427","548","672","C0019372"
"4532","9895","2","3","2","48","57","110","141","359","462","C0019372"
"4533","2539","2","3","2","48","57","110","141","359","383","C0019372"
"4534","5251","2","3","5","80","81","296","474","593","722","C0019521"
"4535","473","2","3","12","19","31","1","426","55","78","C0019521"
"4536","3110","2","3","3","19","221","321","428","541","667","C0019521"
"4537","5896","2","3","12","41","116","268","434","568","605","C0019559"
"4538","4204","2","3","12","19","31","1","426","55","78","C0019559"
"4539","158","2","3","4","96","177","61","373","341","142","C0019562"
"4540","6774","2","3","12","53","14","276","25","489","416","C0019562"
"4541","1639","2","3","12","76","153","40","38","54","75","C0019825"
"4542","7528","2","3","12","19","31","1","426","55","78","C0019825"
"4543","10269","2","3","2","48","182","50","119","444","556","C0019825"
"4544","4594","2","3","7","48","92","261","116","186","245","C0019825"
"4545","10269","2","3","2","48","182","50","119","444","556","C0019825"
"4546","6049","2","3","12","41","116","268","434","468","213","C0019825"
"4547","8893","2","3","2","110","85","237","433","547","671","C0019825"
"4548","2690","2","5","7","53","14","20","25","40","186","C0019825"
"4549","2591","2","3","2","89","206","324","430","429","544","C0019825"
"4550","4688","2","5","7","60","14","20","25","40","215","C0019825"
"4551","2720","2","3","7","34","52","216","395","21","599","C0019825"
"4552","7030","2","3","12","19","31","276","259","423","389","C0019825"
"4553","5582","2","5","7","53","14","20","34","540","68","C0019825"
"4554","26119","2","5","7","60","14","184","341","544","669","C0019825"
"4555","222662","2","5","5","53","105","143","226","194","156","C0019825"
"4556","3295","2","3","5","43","161","305","409","208","482","C0019825"
"4557","5034","2","5","7","53","51","342","454","573","492","C0019825"
"4558","23165","2","3","12","22","33","323","66","101","664","C0019825"
"4559","4843","2","3","5","43","161","305","409","489","416","C0019825"
"4560","8195","2","3","12","76","153","76","38","54","75","C0019825"
"4561","4882","2","3","4","68","96","326","427","548","672","C0019825"
"4562","6654","2","5","7","60","54","24","30","46","72","C0019825"
"4563","10484","2","3","7","60","153","40","38","54","203","C0019825"
"4564","7421","2","3","3","19","151","276","91","433","118","C0019825"
"4565","5913","2","5","7","27","36","71","341","223","219","C0019825"
"4566","51119","2","3","2","110","85","237","433","547","671","C0019825"
"4567","1282","2","5","7","53","51","342","454","573","492","C0019825"
"4568","7319","2","3","12","41","116","268","434","468","213","C0019825"
"4569","11234","2","3","5","60","18","184","341","544","669","C0019825"
"4570","2263","2","5","7","53","14","20","25","40","186","C0019825"
"4571","8642","2","5","7","53","51","335","444","560","373","C0019825"
"4572","4519","2","3","2","48","170","50","119","508","312","C0019829"
"4573","3295","2","3","5","43","161","305","409","208","482","C0019829"
"4574","5604","2","5","7","53","14","20","34","540","68","C0019829"
"4575","2261","2","5","7","53","14","20","25","40","186","C0019829"
"4576","25915","2","3","2","48","170","50","119","444","556","C0019829"
"4577","23064","2","3","6","11","31","261","142","220","664","C0019829"
"4578","1312","2","3","2","87","79","105","426","129","25","C0019829"
"4579","55112","2","3","12","76","153","40","38","54","75","C0019829"
"4580","4784","2","3","2","22","33","261","116","159","211","C0019829"
"4581","2737","2","3","12","19","116","321","428","54","667","C0019829"
"4582","8526","2","3","2","63","30","193","306","390","158","C0019829"
"4583","6870","2","5","4","68","96","326","427","548","672","C0019829"
"4584","23274","2","5","7","53","51","119","395","549","674","C0019829"
"4585","4210","2","3","12","41","219","339","156","568","697","C0019829"
"4586","3651","2","3","3","19","221","321","428","541","667","C0019829"
"4587","6913","2","3","3","19","221","321","428","541","667","C0019880"
"4588","3977","2","5","7","53","51","119","25","40","416","C0019880"
"4589","9569","2","3","12","19","31","276","91","433","118","C0019880"
"4590","3954","2","3","2","48","170","67","119","444","593","C0019880"
"4591","1019","2","3","12","19","31","1","116","1","86","C0019880"
"4592","1513","2","5","7","53","51","342","454","573","492","C0019880"
"4593","54539","2","3","2","48","170","50","119","444","556","C0019880"
"4594","1137","2","5","8","27","70","99","162","216","290","C0020071"
"4595","7879","2","5","7","34","54","24","30","46","72","C0020071"
"4596","4000","2","3","12","26","105","178","226","297","156","C0020071"
"4597","29851","2","5","7","53","14","20","25","40","186","C0020071"
"4598","2176","2","3","12","19","31","261","116","1","86","C0020075"
"4599","8200","2","5","7","53","51","342","259","423","389","C0020075"
"4600","4041","2","5","3","68","221","197","259","560","422","C0020075"
"4601","1758","2","5","7","53","51","342","454","573","492","C0020075"
"4602","25970","2","5","7","53","14","20","25","40","116","C0020075"
"4603","1828","2","5","7","34","52","216","142","220","298","C0020179"
"4604","27241","2","3","12","76","153","76","38","54","75","C0020179"
"4605","29851","2","5","7","53","14","20","25","40","186","C0020179"
"4606","5781","2","5","7","53","14","20","25","40","186","C0020179"
"4607","4038","2","5","7","53","51","342","454","573","492","C0020179"
"4608","2176","2","3","12","19","31","261","116","1","86","C0020179"
"4609","3856","2","1","6","11","142","225","142","220","298","C0020179"
"4610","51057","2","3","12","76","153","40","38","54","75","C0020179"
"4611","9031","2","3","12","19","31","1","426","55","78","C0020179"
"4612","7428","2","3","12","41","116","268","434","468","213","C0020179"
"4613","6335","2","5","8","63","36","166","341","390","158","C0020179"
"4614","9871","2","3","7","60","153","40","38","54","203","C0020179"
"4615","9101","2","3","12","41","219","339","156","568","605","C0020225"
"4616","6908","2","3","12","19","31","1","116","159","211","C0020225"
"4617","1594","2","3","5","92","163","96","363","460","487","C0020225"
"4618","55612","2","5","7","60","36","71","177","560","701","C0020225"
"4619","6638","2","3","2","22","33","323","66","101","136","C0020258"
"4620","10682","2","5","4","68","96","326","48","69","204","C0020258"
"4621","2175","2","3","12","19","31","261","116","1","86","C0020302"
"4622","6655","2","5","7","60","54","24","30","46","72","C0020302"
"4623","1297","2","5","7","53","51","342","454","573","492","C0020302"
"4624","1301","2","5","7","53","51","342","454","573","492","C0020302"
"4625","4312","2","5","7","53","51","342","454","573","492","C0020302"
"4626","6235","2","3","2","110","85","237","433","547","671","C0020302"
"4627","2261","2","5","7","53","14","20","25","40","186","C0020302"
"4628","940","2","5","7","53","14","20","25","40","186","C0020302"
"4629","6223","2","3","2","110","85","237","433","547","671","C0020302"
"4630","348","2","5","7","53","51","342","454","573","492","C0020302"
"4631","1292","2","5","7","53","51","342","454","573","492","C0020302"
"4632","5743","2","3","5","53","175","119","167","489","416","C0020302"
"4633","7137","2","5","8","63","45","23","103","464","187","C0020302"
"4634","5340","2","5","7","53","51","342","454","573","492","C0020302"
"4635","7353","2","3","12","41","219","339","156","568","605","C0020302"
"4636","5745","2","5","4","68","96","326","427","548","672","C0020302"
"4637","4000","2","3","12","26","105","178","226","297","156","C0020302"
"4638","3239","2","3","3","19","221","321","428","541","667","C0020302"
"4639","27019","2","3","12","76","153","40","38","54","75","C0020302"
"4640","1453","2","3","2","76","153","40","433","54","75","C0020305"
"4641","7015","2","3","12","19","31","1","426","55","78","C0020305"
"4642","178","2","3","7","34","52","216","395","549","674","C0020305"
"4643","6011","2","5","7","53","14","20","34","540","68","C0020305"
"4644","9420","2","3","5","79","159","256","215","282","366","C0020305"
"4645","5873","2","5","7","34","54","24","30","46","72","C0020305"
"4646","3248","2","3","2","69","83","133","167","224","301","C0020305"
"4647","6334","2","5","8","63","36","166","341","223","158","C0020305"
"4648","1761","2","3","3","19","221","321","428","541","667","C0020305"
"4649","5243","2","3","12","41","116","268","423","536","445","C0020305"
"4650","2200","2","5","7","53","51","342","454","573","492","C0020305"
"4651","3655","2","5","7","53","51","342","454","573","492","C0020305"
"4652","4041","2","5","3","68","221","197","259","560","422","C0020305"
"4653","6913","2","3","3","19","221","321","428","541","667","C0020305"
"4654","27249","2","3","2","48","182","50","119","186","245","C0020305"
"4655","4671","2","3","12","41","219","339","156","568","697","C0020305"
"4656","26277","2","3","12","19","31","1","426","1","78","C0020305"
"4657","7957","2","3","5","42","81","296","399","201","274","C0020305"
"4658","51082","2","3","2","19","31","1","426","55","78","C0020305"
"4659","2670","2","5","7","27","36","150","341","223","628","C0020305"
"4660","6392","2","3","2","48","170","50","119","444","556","C0020305"
"4661","5189","2","3","5","43","161","305","409","208","482","C0020305"
"4662","27030","2","3","12","19","31","1","426","55","78","C0020428"
"4663","1947","2","5","7","53","51","20","25","560","373","C0020428"
"4664","4318","2","5","7","34","52","216","395","573","492","C0020428"
"4665","9723","2","5","7","53","51","342","79","560","373","C0020428"
"4666","1497","2","5","2","63","182","50","103","297","628","C0020428"
"4667","5979","2","5","7","53","14","20","25","40","186","C0020428"
"4668","5429","2","3","12","19","31","261","116","1","86","C0020428"
"4669","153","2","5","4","68","96","326","427","548","672","C0020428"
"4670","831","2","5","7","53","51","342","454","573","492","C0020428"
"4671","3030","2","3","2","48","57","339","44","65","31","C0020428"
"4672","8626","2","3","3","19","221","321","428","541","667","C0020428"
"4673","25977","2","5","7","60","14","184","341","544","669","C0020428"
"4674","845","2","5","8","63","45","23","34","464","187","C0020428"
"4675","796","2","5","4","68","96","326","427","548","672","C0020428"
"4676","2773","2","5","4","68","96","326","427","548","672","C0020428"
"4677","4893","2","5","7","34","52","24","30","46","72","C0020428"
"4678","9820","2","3","12","41","116","268","434","468","213","C0020428"
"4679","5308","2","3","3","19","221","321","428","541","667","C0020428"
"4680","55651","2","3","2","110","85","237","433","547","671","C0020428"
"4681","5327","2","5","7","53","51","342","454","573","492","C0020433"
"4682","1832","2","5","7","34","52","225","142","220","298","C0020433"
"4683","3425","2","3","5","80","81","166","454","573","492","C0020433"
"4684","4148","2","5","7","53","51","342","454","573","492","C0020433"
"4685","9896","2","3","5","80","81","296","399","201","274","C0020438"
"4686","7443","2","3","12","19","31","261","34","540","68","C0020438"
"4687","11277","2","3","12","19","31","261","116","1","86","C0020438"
"4688","3106","2","5","7","34","52","119","395","549","674","C0020438"
"4689","2110","2","3","2","48","170","50","119","444","556","C0020438"
"4690","2159","2","5","7","68","51","119","454","549","674","C0020438"
"4691","3852","2","1","6","11","142","225","142","220","298","C0020438"
"4692","26608","2","3","2","22","170","50","119","463","153","C0020438"
"4693","1836","2","3","2","35","41","94","260","330","375","C0020438"
"4694","7138","2","5","8","63","45","23","103","464","187","C0020438"
"4695","5595","2","3","7","53","14","20","34","540","68","C0020438"
"4696","348","2","5","7","53","51","342","454","573","492","C0020438"
"4697","3549","2","5","3","53","51","197","259","560","422","C0020438"
"4698","4693","2","5","7","53","51","342","454","573","492","C0020438"
"4699","1278","2","5","7","53","51","342","454","573","492","C0020438"
"4700","1543","2","3","5","91","151","276","91","433","118","C0020438"
"4701","1282","2","5","7","53","51","342","454","573","492","C0020438"
"4702","9401","2","3","12","76","31","261","116","1","86","C0020438"
"4703","4323","2","5","7","53","51","342","454","573","492","C0020438"
"4704","7043","2","5","7","53","51","342","454","573","492","C0020438"
"4705","1586","2","3","5","79","98","256","335","425","540","C0020438"
"4706","10555","2","3","7","34","52","216","395","549","622","C0020438"
"4707","5468","2","3","3","19","151","276","91","433","118","C0020438"
"4708","23600","2","3","5","80","81","305","409","208","482","C0020438"
"4709","10585","2","5","2","27","206","324","430","215","290","C0020438"
"4710","7124","2","3","12","41","219","339","156","568","697","C0020438"
"4711","8626","2","3","3","19","221","321","428","541","667","C0020438"
"4712","1244","2","3","12","41","116","268","423","536","445","C0020440"
"4713","4948","2","5","8","63","45","23","250","464","187","C0020440"
"4714","6010","2","5","4","68","96","326","427","548","672","C0020445"
"4715","7136","2","5","8","63","45","23","103","464","187","C0020445"
"4716","3265","2","5","7","60","54","24","30","46","72","C0020445"
"4717","4041","2","5","3","68","221","197","259","560","422","C0020445"
"4718","774","2","5","8","63","36","166","341","390","158","C0020445"
"4719","24","2","3","12","41","116","268","423","536","445","C0020445"
"4720","9829","2","5","7","60","14","184","341","544","669","C0020445"
"4721","585","2","3","12","76","153","40","38","54","75","C0020445"
"4722","7849","2","3","3","19","221","321","428","541","667","C0020445"
"4723","2316","2","5","7","53","51","342","454","573","702","C0020445"
"4724","81494","2","5","6","53","51","119","395","549","673","C0020445"
"4725","1301","2","5","7","53","51","342","454","573","492","C0020445"
"4726","2516","2","3","3","19","151","276","91","433","118","C0020445"
"4727","1186","2","5","8","63","45","23","34","464","187","C0020445"
"4728","1605","2","5","7","53","51","342","454","573","492","C0020445"
"4729","1967","2","3","2","110","85","237","433","547","671","C0020445"
"4730","23556","2","3","2","61","77","142","176","235","317","C0020445"
"4731","1717","2","3","2","19","151","276","48","69","204","C0020452"
"4732","5922","2","5","7","60","54","24","30","46","72","C0020452"
"4733","1513","2","5","7","53","51","342","454","573","492","C0020452"
"4734","6342","2","3","5","80","161","305","409","208","482","C0020452"
"4735","28514","2","5","7","53","51","143","428","236","667","C0020452"
"4736","4893","2","5","7","34","52","24","30","46","72","C0020452"
"4737","5894","2","5","7","60","54","23","34","464","187","C0020452"
"4738","7040","2","5","7","53","51","342","454","573","492","C0020452"
"4739","1836","2","3","2","35","41","94","260","330","375","C0020452"
"4740","2683","2","3","7","34","52","216","395","549","617","C0020452"
"4741","468","2","3","12","19","85","276","91","433","118","C0020452"
"4742","2261","2","5","7","53","14","20","25","40","186","C0020452"
"4743","9897","2","3","12","76","18","75","38","1","212","C0020452"
"4744","4292","2","3","12","19","31","261","116","1","86","C0020453"
"4745","4524","2","3","2","15","166","104","369","117","583","C0020453"
"4746","7253","2","5","4","68","96","326","427","548","672","C0020455"
"4747","1954","2","5","7","53","51","342","454","573","492","C0020455"
"4748","2296","2","3","3","19","221","321","428","541","667","C0020455"
"4749","6949","2","3","2","110","85","237","164","390","311","C0020455"
"4750","9255","2","3","2","110","85","237","433","547","154","C0020455"
"4751","240","2","3","7","34","52","216","395","489","416","C0020455"
"4752","4830","2","3","2","72","109","182","235","307","506","C0020455"
"4753","3730","2","5","7","53","14","20","25","40","186","C0020455"
"4754","3861","2","1","6","11","142","225","142","220","298","C0020455"
"4755","29925","2","3","2","68","66","123","158","207","278","C0020455"
"4756","3763","2","5","8","63","36","166","106","110","158","C0020456"
"4757","249","2","3","5","27","51","335","444","560","373","C0020456"
"4758","3977","2","5","7","53","51","119","25","40","416","C0020456"
"4759","11005","2","1","6","11","142","225","142","220","298","C0020456"
"4760","10262","2","3","2","22","33","323","66","101","136","C0020456"
"4761","79042","2","3","12","22","33","323","66","101","664","C0020456"
"4762","54808","2","3","12","76","153","40","38","54","75","C0020456"
"4763","9414","2","5","7","42","36","71","177","223","219","C0020456"
"4764","8742","2","3","12","41","219","339","156","568","697","C0020456"
"4765","25939","2","3","12","53","184","119","156","287","116","C0020456"
"4766","7298","2","3","12","76","153","40","38","54","75","C0020456"
"4767","50940","2","3","4","68","96","326","427","548","672","C0020456"
"4768","1555","2","3","5","91","214","271","372","480","598","C0020456"
"4769","3094","2","3","2","48","170","266","367","500","78","C0020456"
"4770","2556","2","5","8","27","70","99","162","216","290","C0020456"
"4771","147495","2","5","3","34","221","197","259","560","422","C0020456"
"4772","4693","2","5","7","53","51","342","454","573","492","C0020456"
"4773","23414","2","3","12","19","31","118","155","287","116","C0020456"
"4774","1390","2","3","12","19","151","276","91","433","118","C0020456"
"4775","22931","2","5","7","34","54","24","30","46","72","C0020456"
"4776","2737","2","3","12","19","116","321","428","54","667","C0020456"
"4777","1630","2","5","7","53","51","335","444","560","373","C0020456"
"4778","7084","2","3","2","72","109","115","62","268","353","C0020456"
"4779","3861","2","1","6","11","142","225","142","220","298","C0020456"
"4780","950","2","5","7","60","14","184","341","544","669","C0020456"
"4781","2255","2","5","7","53","14","20","25","40","186","C0020456"
"4782","2395","2","3","2","48","170","50","304","167","593","C0020456"
"4783","5290","2","3","7","53","14","20","25","40","186","C0020456"
"4784","100288687","2","3","2","110","85","237","433","547","671","C0020456"
"4785","6775","2","5","7","53","14","119","25","40","186","C0020456"
"4786","242","2","3","5","11","142","223","142","220","298","C0020456"
"4787","29123","2","3","12","19","151","276","91","433","118","C0020456"
"4788","11253","2","3","2","41","116","268","423","536","445","C0020456"
"4789","6444","2","5","8","63","45","23","103","464","187","C0020461"
"4790","54903","2","3","12","76","153","40","38","54","75","C0020461"
"4791","6927","2","3","3","19","221","321","428","541","667","C0020461"
"4792","973","2","5","7","53","14","20","25","40","186","C0020461"
"4793","53834","2","5","7","53","51","342","454","573","492","C0020461"
"4794","8626","2","3","3","19","221","321","428","541","667","C0020461"
"4795","79944","2","3","2","48","170","50","119","220","298","C0020461"
"4796","3990","2","3","5","26","35","178","9","414","220","C0020461"
"4797","182","2","5","7","53","51","143","428","236","667","C0020461"
"4798","6571","2","3","8","60","36","71","341","223","624","C0020461"
"4799","115650","2","3","12","41","219","339","156","568","697","C0020461"
"4800","3949","2","5","7","60","14","184","341","544","669","C0020461"
"4801","8777","2","5","7","42","36","71","177","223","219","C0020461"
"4802","5832","2","3","2","101","62","189","182","509","252","C0020461"
"4803","4784","2","3","2","22","33","261","116","159","211","C0020461"
"4804","1146","2","5","8","27","70","99","162","216","290","C0020461"
"4805","3360","2","5","4","68","96","326","427","548","672","C0020461"
"4806","6469","2","5","3","53","221","197","259","560","422","C0020474"
"4807","8643","2","5","3","68","221","197","259","560","422","C0020474"
"4808","5195","2","3","5","43","161","305","409","208","482","C0020474"
"4809","7227","2","3","12","19","31","276","91","433","118","C0020476"
"4810","9897","2","3","12","76","18","75","38","1","212","C0020476"
"4811","3845","2","5","7","60","54","24","30","46","72","C0020476"
"4812","8626","2","3","3","19","221","321","428","541","667","C0020476"
"4813","9780","2","3","2","48","96","326","246","444","666","C0020476"
"4814","8312","2","3","12","41","219","339","156","568","605","C0020479"
"4815","10269","2","3","2","48","182","50","119","444","556","C0020479"
"4816","7040","2","5","7","53","51","342","454","573","492","C0020480"
"4817","2066","2","5","7","53","14","20","25","40","186","C0020480"
"4818","871","2","5","7","53","51","342","454","573","492","C0020480"
"4819","10133","2","3","12","76","153","40","38","54","75","C0020481"
"4820","123624","2","3","12","76","153","40","38","54","75","C0020481"
"4821","4179","2","5","7","53","51","119","395","549","674","C0020481"
"4822","3480","2","5","7","53","14","20","25","40","186","C0020488"
"4823","3758","2","5","8","63","36","166","106","110","158","C0020488"
"4824","8291","2","5","8","63","45","23","103","464","187","C0020488"
"4825","2697","2","3","7","76","153","40","38","54","75","C0020488"
"4826","1027","2","3","12","19","31","1","116","1","86","C0020488"
"4827","9719","2","5","7","53","51","342","454","573","492","C0020492"
"4828","7518","2","3","12","19","31","261","116","1","86","C0020492"
"4829","2158","2","5","7","68","51","119","395","549","674","C0020492"
"4830","4723","2","3","2","48","170","50","119","444","556","C0020492"
"4831","3763","2","5","8","63","36","166","106","110","158","C0020492"
"4832","1437","2","5","7","53","14","20","25","40","186","C0020500"
"4833","55624","2","3","2","78","123","194","255","215","412","C0020500"
"4834","9420","2","3","5","79","159","256","215","282","366","C0020500"
"4835","3239","2","3","3","19","221","321","428","541","667","C0020500"
"4836","1161","2","3","12","41","116","268","434","468","213","C0020500"
"4837","5546","2","3","2","22","33","323","66","101","136","C0020500"
"4838","4221","2","3","12","19","31","342","454","573","492","C0020500"
"4839","811","2","3","2","41","116","342","423","536","342","C0020500"
"4840","1301","2","5","7","53","51","342","454","573","492","C0020502"
"4841","6760","2","3","12","19","31","1","426","55","78","C0020502"
"4842","6399","2","5","7","60","54","24","30","46","72","C0020502"
"4843","6201","2","3","2","110","85","237","433","547","671","C0020502"
"4844","23426","2","5","7","42","36","71","177","223","219","C0020502"
"4845","9829","2","5","7","60","14","184","341","544","669","C0020502"
"4846","3852","2","1","6","11","142","225","142","220","298","C0020502"
"4847","5159","2","5","7","53","14","20","25","40","186","C0020502"
"4848","1806","2","3","2","49","23","186","149","195","61","C0020502"
"4849","7297","2","5","7","53","184","119","25","40","186","C0020502"
"4850","3476","2","3","12","76","137","76","136","472","435","C0020502"
"4851","2619","2","5","3","53","221","197","259","560","422","C0020502"
"4852","8195","2","3","12","76","153","76","38","54","75","C0020503"
"4853","2023","2","3","5","80","81","266","367","500","577","C0020503"
"4854","2719","2","5","7","53","51","342","454","573","492","C0020503"
"4855","4141","2","3","2","110","85","237","433","547","154","C0020503"
"4856","2812","2","5","7","53","51","342","454","573","492","C0020503"
"4857","10686","2","5","6","42","36","71","177","64","219","C0020503"
"4858","1836","2","3","2","35","41","94","260","330","375","C0020503"
"4859","8200","2","5","7","53","51","342","259","423","389","C0020505"
"4860","2218","2","5","2","53","123","194","255","560","373","C0020505"
"4861","50943","2","3","12","19","31","1","426","129","131","C0020505"
"4862","22943","2","5","3","68","221","197","259","560","422","C0020505"
"4863","16","2","3","2","110","85","237","433","547","154","C0020505"
"4864","4204","2","3","12","19","31","1","426","55","78","C0020505"
"4865","9841","2","3","6","11","142","225","142","220","298","C0020505"
"4866","2992","2","3","7","34","52","216","395","549","674","C0020505"
"4867","54499","2","3","2","48","170","50","119","444","593","C0020505"
"4868","7124","2","3","12","41","219","339","156","568","697","C0020505"
"4869","1889","2","5","4","68","96","326","427","548","672","C0020505"
"4870","6569","2","3","8","45","94","199","240","415","666","C0020505"
"4871","9364","2","5","7","60","54","24","30","46","72","C0020505"
"4872","8867","2","3","5","60","14","184","341","544","669","C0020505"
"4873","7040","2","5","7","53","51","342","454","573","492","C0020505"
"4874","9791","2","3","8","45","94","199","240","415","666","C0020505"
"4875","3106","2","5","7","34","52","119","395","549","674","C0020505"
"4876","2132","2","3","2","74","58","112","148","193","263","C0020505"
"4877","338","2","5","7","53","51","342","454","573","492","C0020505"
"4878","5002","2","5","8","45","94","199","240","415","666","C0020505"
"4879","1138","2","5","8","27","70","99","162","216","290","C0020505"
"4880","2255","2","5","7","53","14","20","25","40","186","C0020505"
"4881","860","2","3","12","19","31","276","91","433","118","C0020505"
"4882","4308","2","5","8","63","45","193","306","390","158","C0020505"
"4883","356","2","5","7","53","219","339","25","489","697","C0020507"
"4884","9210","2","5","7","53","51","342","454","573","492","C0020507"
"4885","10661","2","3","12","19","31","1","426","55","78","C0020507"
"4886","8195","2","3","12","76","153","76","38","54","75","C0020507"
"4887","1758","2","5","7","53","51","342","454","573","492","C0020507"
"4888","8200","2","5","7","53","51","342","259","423","389","C0020507"
"4889","5395","2","3","12","19","31","261","116","1","86","C0020507"
"4890","1244","2","3","12","41","116","268","423","536","445","C0020507"
"4891","860","2","3","12","19","31","276","91","433","118","C0020507"
"4892","54808","2","3","12","76","153","40","38","54","75","C0020507"
"4893","6792","2","5","7","53","14","20","34","540","68","C0020507"
"4894","2626","2","3","12","19","31","118","155","287","116","C0020507"
"4895","4359","2","5","7","53","51","342","454","573","492","C0020507"
"4896","11093","2","5","7","53","51","342","454","573","492","C0020507"
"4897","140691","2","3","12","41","116","268","434","468","213","C0020507"
"4898","3586","2","5","7","53","51","119","25","489","416","C0020507"
"4899","282808","2","5","7","60","54","24","30","46","72","C0020507"
"4900","6927","2","3","3","19","221","321","428","541","667","C0020507"
"4901","3717","2","5","7","53","14","20","25","40","186","C0020507"
"4902","5664","2","5","7","53","219","143","428","236","667","C0020507"
"4903","10297","2","3","12","27","36","150","444","223","628","C0020507"
"4904","6392","2","3","2","48","170","50","119","444","556","C0020507"
"4905","51083","2","5","4","68","96","326","427","548","672","C0020507"
"4906","1027","2","3","12","19","31","1","116","1","86","C0020507"
"4907","8600","2","5","7","41","219","339","156","568","697","C0020507"
"4908","207","2","3","7","53","14","20","34","489","416","C0020507"
"4909","5199","2","5","7","34","52","216","395","549","674","C0020514"
"4910","5727","2","3","12","68","221","197","259","560","422","C0020514"
"4911","2006","2","5","7","53","51","342","454","573","492","C0020514"
"4912","9897","2","3","12","76","18","75","38","1","212","C0020514"
"4913","5660","2","5","7","34","52","326","427","548","702","C0020514"
"4914","54658","2","3","2","78","205","207","67","355","138","C0020514"
"4915","3417","2","3","7","34","52","216","395","549","319","C0020514"
"4916","6899","2","5","7","53","184","335","259","560","373","C0020514"
"4917","207","2","3","7","53","14","20","34","489","416","C0020514"
"4918","1855","2","5","12","76","153","197","259","560","422","C0020514"
"4919","5626","2","3","3","19","221","321","428","541","667","C0020523"
"4920","2697","2","3","7","76","153","40","38","54","75","C0020523"
"4921","1280","2","5","7","53","51","342","454","573","492","C0020523"
"4922","427","2","3","7","34","52","216","395","549","420","C0020523"
"4923","4137","2","3","7","27","36","150","341","223","628","C0020523"
"4924","8517","2","3","12","41","219","339","156","568","697","C0020523"
"4925","23600","2","3","5","80","81","305","409","208","482","C0020523"
"4926","4221","2","3","12","19","31","342","454","573","492","C0020523"
"4927","4886","2","5","4","68","96","326","427","548","672","C0020532"
"4928","6391","2","3","2","48","170","50","119","444","556","C0020532"
"4929","9786","2","3","12","76","153","40","38","54","75","C0020532"
"4930","4538","2","3","2","48","170","50","119","444","556","C0020532"
"4931","23322","2","3","12","76","153","40","38","54","75","C0020540"
"4932","4920","2","5","7","53","14","20","259","560","373","C0020540"
"4933","421","2","5","7","42","51","335","444","560","373","C0020540"
"4934","10273","2","3","12","41","116","268","434","468","213","C0020541"
"4935","843","2","3","12","41","219","339","156","568","697","C0020541"
"4936","26608","2","3","2","22","170","50","119","463","153","C0020541"
"4937","8912","2","5","8","63","36","166","306","390","158","C0020541"
"4938","9049","2","3","3","41","151","276","378","271","356","C0020541"
"4939","6868","2","5","7","53","51","342","454","236","492","C0020541"
"4940","3425","2","3","5","80","81","166","454","573","492","C0020541"
"4941","6774","2","3","12","53","14","276","25","489","416","C0020541"
"4942","2263","2","5","7","53","14","20","25","40","186","C0020541"
"4943","1763","2","3","12","19","31","261","116","1","86","C0020541"
"4944","1302","2","5","7","53","51","342","454","573","492","C0020541"
"4945","5373","2","3","2","90","167","123","158","207","278","C0020541"
"4946","6531","2","5","8","45","94","199","240","415","666","C0020541"
"4947","3952","2","5","3","53","151","276","91","433","118","C0020541"
"4948","55851","2","5","7","53","14","143","428","236","667","C0020541"
"4949","54205","2","3","2","48","170","50","119","444","556","C0020541"
"4950","6774","2","3","12","53","14","276","25","489","416","C0020541"
"4951","2395","2","3","2","48","170","50","304","167","593","C0020541"
"4952","5880","2","5","7","60","54","24","30","46","72","C0020541"
"4953","2263","2","5","7","53","14","20","25","40","186","C0020541"
"4954","7138","2","5","8","63","45","23","103","464","187","C0020541"
"4955","7432","2","5","4","68","96","326","427","548","672","C0020541"
"4956","805","2","5","8","53","45","20","34","464","187","C0020544"
"4957","686","2","3","5","80","81","166","166","127","173","C0020544"
"4958","59341","2","5","8","63","45","193","306","390","158","C0020544"
"4959","627","2","5","7","53","51","335","444","423","373","C0020545"
"4960","4337","2","3","2","80","91","75","204","267","352","C0020545"
"4961","2623","2","3","12","19","31","1","155","287","116","C0020545"
"4962","1487","2","3","12","19","31","1","426","55","340","C0020545"
"4963","5073","2","3","2","110","85","323","433","146","194","C0020545"
"4964","540","2","5","8","63","45","23","103","464","187","C0020545"
"4965","26278","2","3","12","41","116","268","347","271","356","C0020545"
"4966","3418","2","3","2","67","151","276","33","48","155","C0020545"
"4967","4763","2","5","7","60","54","24","30","46","214","C0020545"
"4968","4915","2","5","7","53","14","20","25","40","186","C0020545"
"4969","8260","2","3","12","41","85","266","76","287","78","C0020546"
"4970","3763","2","5","8","63","36","166","106","110","158","C0020546"
"4971","5396","2","3","3","19","221","321","428","541","667","C0020546"
"4972","3557","2","3","12","41","219","339","156","568","697","C0020546"
"4973","5308","2","3","3","19","221","321","428","541","667","C0020550"
"4974","22856","2","3","2","78","189","303","251","320","403","C0020550"
"4975","50814","2","3","2","69","221","73","360","86","119","C0020550"
"4976","10908","2","3","2","97","173","275","377","473","592","C0020550"
"4977","5696","2","3","12","41","116","268","156","568","116","C0020550"
"4978","4893","2","5","7","34","52","24","30","46","72","C0020550"
"4979","51119","2","3","2","110","85","237","433","547","671","C0020550"
"4980","3423","2","3","5","74","3","342","374","294","590","C0020550"
"4981","6347","2","5","7","53","51","119","427","489","416","C0020550"
"4982","175","2","3","7","34","52","216","395","549","674","C0020550"
"4983","23767","2","5","7","53","14","20","25","40","186","C0020550"
"4984","6497","2","5","3","19","221","342","259","423","389","C0020550"
"4985","9401","2","3","12","76","31","261","116","1","86","C0020550"
"4986","1896","2","5","12","41","219","339","156","568","697","C0020550"
"4987","4538","2","3","2","48","170","50","119","444","556","C0020555"
"4988","9570","2","3","7","60","153","40","38","66","203","C0020555"
"4989","28952","2","3","12","41","116","268","434","468","213","C0020555"
"4990","1019","2","3","12","19","31","1","116","1","86","C0020555"
"4991","8643","2","5","3","68","221","197","259","560","422","C0020555"
"4992","9414","2","5","7","42","36","71","177","223","219","C0020555"
"4993","249","2","3","5","27","51","335","444","560","373","C0020555"
"4994","22931","2","5","7","34","54","24","30","46","72","C0020555"
"4995","3575","2","5","7","53","51","184","341","544","669","C0020555"
"4996","4137","2","3","7","27","36","150","341","223","628","C0020555"
"4997","1029","2","3","12","19","31","1","116","1","664","C0020555"
"4998","2919","2","5","7","34","52","216","427","548","672","C0020555"
"4999","26012","2","3","12","19","31","261","116","159","211","C0020555"
"5000","10269","2","3","2","48","182","50","119","444","556","C0020555"
"5001","6556","2","3","7","34","52","216","395","549","674","C0020555"
"5002","4072","2","5","7","53","51","119","454","573","492","C0020555"
"5003","8989","2","5","8","63","45","193","306","390","158","C0020555"
"5004","1785","2","5","7","60","14","184","341","544","669","C0020555"
"5005","5290","2","3","7","53","14","20","25","40","186","C0020555"
"5006","3586","2","5","7","53","51","119","25","489","416","C0020555"
"5007","50964","2","5","3","68","221","197","259","423","422","C0020555"
"5008","4436","2","3","12","19","31","261","116","1","86","C0020555"
"5009","10804","2","3","12","76","153","40","38","54","75","C0020555"
"5010","3930","2","3","2","22","33","323","66","3","464","C0020555"
"5011","5308","2","3","3","19","221","321","428","541","667","C0020557"
"5012","2516","2","3","3","19","151","276","91","433","118","C0020557"
"5013","23742","2","5","5","68","96","326","427","447","586","C0020557"
"5014","208","2","5","7","53","14","20","34","540","68","C0020557"
"5015","7274","2","3","5","43","161","99","162","216","290","C0020557"
"5016","54808","2","3","12","76","153","40","38","54","75","C0020557"
"5017","51057","2","3","12","76","153","40","38","54","75","C0020557"
"5018","229","2","3","2","90","167","266","367","500","577","C0020557"
"5019","26137","2","5","7","63","45","184","103","572","658","C0020557"
"5020","7248","2","3","2","48","57","110","141","359","462","C0020557"
"5021","23556","2","3","2","61","77","142","176","235","317","C0020557"
"5022","7056","2","5","7","53","51","119","454","573","492","C0020557"
"5023","9469","2","3","2","103","189","303","29","475","467","C0020564"
"5024","5468","2","3","3","19","151","276","91","433","118","C0020564"
"5025","3930","2","3","2","22","33","323","66","3","464","C0020564"
"5026","2158","2","5","7","68","51","119","395","549","674","C0020564"
"5027","10002","2","3","3","19","151","276","91","433","118","C0020564"
"5028","3718","2","5","7","53","14","20","25","40","186","C0020564"
"5029","9782","2","3","2","22","33","323","66","101","136","C0020564"
"5030","2176","2","3","12","19","31","261","116","1","86","C0020564"
"5031","2625","2","3","12","19","31","339","155","287","116","C0020564"
"5032","2516","2","3","3","19","151","276","91","433","118","C0020564"
"5033","3630","2","5","7","53","14","20","25","40","186","C0020564"
"5034","55120","2","3","12","19","31","261","116","1","86","C0020564"
"5035","4487","2","3","3","19","221","321","428","541","667","C0020564"
"5036","5191","2","3","5","43","161","305","409","208","482","C0020564"
"5037","1674","2","5","8","63","45","23","103","464","187","C0020564"
"5038","8085","2","3","12","19","31","1","426","55","78","C0020564"
"5039","2629","2","3","5","80","81","250","291","152","420","C0020564"
"5040","3557","2","3","12","41","219","339","156","568","697","C0020578"
"5041","6329","2","5","8","63","36","166","341","390","158","C0020578"
"5042","1272","2","5","7","53","51","335","444","236","373","C0020578"
"5043","132","2","3","2","110","85","237","433","80","394","C0020578"
"5044","23411","2","3","12","19","31","1","91","433","118","C0020578"
"5045","1584","2","3","5","79","159","256","276","353","456","C0020578"
"5046","54820","2","3","12","76","153","40","38","54","75","C0020580"
"5047","974","2","5","7","53","51","119","395","549","674","C0020580"
"5048","6678","2","5","7","53","51","342","454","573","492","C0020580"
"5049","811","2","3","2","41","116","342","423","536","342","C0020580"
"5050","975","2","5","7","53","51","119","395","549","674","C0020580"
"5051","11151","2","5","7","34","52","216","395","549","674","C0020580"
"5052","6792","2","5","7","53","14","20","34","540","68","C0020580"
"5053","7415","2","3","7","34","52","216","395","536","445","C0020595"
"5054","2316","2","5","7","53","51","342","454","573","702","C0020595"
"5055","9968","2","4","3","24","119","330","214","454","144","C0020595"
"5056","4000","2","3","12","26","105","178","226","297","156","C0020595"
"5057","8462","2","3","6","22","142","225","366","362","468","C0020595"
"5058","64135","2","3","12","41","219","339","156","568","605","C0020595"
"5059","4000","2","3","12","26","105","178","226","297","156","C0020595"
"5060","10683","2","5","7","53","51","143","428","560","667","C0020595"
"5061","6622","2","3","7","27","36","150","341","223","628","C0020595"
"5062","2688","2","5","7","53","51","119","25","40","186","C0020595"
"5063","6775","2","5","7","53","14","119","25","40","186","C0020595"
"5064","10585","2","5","2","27","206","324","430","215","290","C0020595"
"5065","6655","2","5","7","60","54","24","30","46","72","C0020597"
"5066","54903","2","3","12","76","153","40","38","54","75","C0020597"
"5067","648","2","3","12","19","31","1","426","55","78","C0020597"
"5068","5521","2","3","12","76","137","76","136","472","435","C0020597"
"5069","2643","2","3","5","87","91","75","204","267","352","C0020597"
"5070","3977","2","5","7","53","51","119","25","40","416","C0020598"
"5071","9897","2","3","12","76","18","75","38","1","212","C0020598"
"5072","3576","2","5","4","68","96","326","427","548","672","C0020598"
"5073","5178","2","5","7","27","36","150","341","223","628","C0020598"
"5074","51057","2","3","12","76","153","40","38","54","75","C0020598"
"5075","2040","2","5","7","34","52","216","395","549","674","C0020598"
"5076","3569","2","5","7","53","51","342","454","573","416","C0020598"
"5077","23175","2","3","5","80","81","296","51","488","102","C0020598"
"5078","56623","2","3","5","80","81","296","118","543","214","C0020598"
"5079","51025","2","3","2","48","170","50","304","167","593","C0020598"
"5080","6772","2","3","12","53","184","119","156","287","116","C0020598"
"5081","5605","2","5","7","53","14","20","34","540","68","C0020598"
"5082","4803","2","5","7","60","54","24","30","46","72","C0020598"
"5083","2520","2","5","4","68","96","326","427","548","672","C0020598"
"5084","664","2","3","12","41","219","339","402","489","551","C0020598"
"5085","3845","2","5","7","60","54","24","30","46","72","C0020598"
"5086","2516","2","3","3","19","151","276","91","433","118","C0020598"
"5087","5832","2","3","2","101","62","189","182","509","252","C0020598"
"5088","23305","2","3","2","67","92","265","284","126","171","C0020598"
"5089","27130","2","3","12","48","45","143","38","236","69","C0020598"
"5090","4534","2","3","5","80","81","296","399","362","468","C0020598"
"5091","10269","2","3","2","48","182","50","119","444","556","C0020598"
"5092","3848","2","5","7","34","52","225","142","220","298","C0020598"
"5093","56652","2","3","3","19","151","276","91","433","118","C0020598"
"5094","367","2","3","12","19","31","276","91","433","118","C0020598"
"5095","23111","2","3","12","41","219","339","156","568","697","C0020598"
"5096","207","2","3","7","53","14","20","34","489","416","C0020598"
"5097","7461","2","3","7","60","153","40","38","93","75","C0020598"
"5098","3265","2","5","7","60","54","24","30","46","72","C0020598"
"5099","3998","2","3","7","60","153","40","202","66","203","C0020598"
"5100","6736","2","3","12","19","31","276","91","433","667","C0020598"
"5101","9935","2","3","12","19","31","1","426","55","78","C0020599"
"5102","2896","2","5","7","34","52","216","395","549","674","C0020599"
"5103","25","2","3","12","19","14","20","25","287","116","C0020599"
"5104","3655","2","5","7","53","51","342","454","573","492","C0020599"
"5105","1376","2","3","2","19","151","276","91","433","118","C0020617"
"5106","25861","2","5","7","42","36","71","177","223","219","C0020617"
"5107","23426","2","5","7","42","36","71","177","223","219","C0020617"
"5108","9842","2","3","5","76","155","76","291","152","420","C0020617"
"5109","9469","2","3","2","103","189","303","29","475","467","C0020617"
"5110","10082","2","3","2","74","51","342","454","573","492","C0020617"
"5111","5728","2","3","5","80","81","339","156","568","605","C0020617"
"5112","2006","2","5","7","53","51","342","454","573","492","C0020617"
"5113","8514","2","5","7","34","52","216","395","549","674","C0020617"
"5114","2316","2","5","7","53","51","342","454","573","702","C0020617"
"5115","7428","2","3","12","41","116","268","434","468","213","C0020620"
"5116","176","2","5","7","53","51","342","454","573","492","C0020620"
"5117","5589","2","5","7","53","51","342","454","573","492","C0020620"
"5118","3284","2","3","2","69","98","169","299","183","243","C0020620"
"5119","9770","2","3","2","48","57","110","141","359","72","C0020620"
"5120","9031","2","3","12","19","31","1","426","55","78","C0020620"
"5121","5179","2","5","4","68","96","326","427","548","672","C0020620"
"5122","3586","2","5","7","53","51","119","25","489","416","C0020620"
"5123","3691","2","5","7","53","51","342","454","573","492","C0020620"
"5124","11200","2","3","12","19","31","261","116","1","86","C0020620"
"5125","5826","2","3","7","48","161","105","139","186","245","C0020620"
"5126","540","2","5","8","63","45","23","103","464","187","C0020620"
"5127","2998","2","3","2","28","22","48","232","82","114","C0020620"
"5128","4143","2","3","5","80","81","105","426","129","2","C0020620"
"5129","9573","2","5","7","53","51","342","259","423","389","C0020620"
"5130","6557","2","5","8","45","94","199","240","415","666","C0020620"
"5131","7681","2","3","12","41","116","268","434","468","213","C0020620"
"5132","203228","2","3","2","48","57","110","141","359","462","C0020620"
"5133","672","2","3","12","19","31","261","116","1","86","C0020620"
"5134","4137","2","3","7","27","36","150","341","223","628","C0020620"
"5135","10749","2","3","7","76","153","40","38","54","75","C0020620"
"5136","6714","2","5","7","53","14","20","25","40","186","C0020620"
"5137","6439","2","5","5","68","96","185","238","310","272","C0020620"
"5138","26022","2","5","8","68","45","110","98","66","203","C0020620"
"5139","55135","2","3","12","76","137","76","136","472","435","C0020620"
"5140","2737","2","3","12","19","116","321","428","54","667","C0020621"
"5141","5213","2","3","2","90","167","266","367","500","577","C0020621"
"5142","2776","2","5","4","68","96","326","427","548","672","C0020621"
"5143","10049","2","3","12","22","219","339","347","271","356","C0020621"
"5144","1836","2","3","2","35","41","94","260","330","375","C0020621"
"5145","3242","2","3","5","67","92","293","55","308","390","C0020621"
"5146","5468","2","3","3","19","151","276","91","433","118","C0020621"
"5147","59341","2","5","8","63","45","193","306","390","158","C0020621"
"5148","9939","2","3","2","22","33","323","66","101","136","C0020621"
"5149","4128","2","3","5","80","81","119","402","489","416","C0020621"
"5150","55651","2","3","2","110","85","237","433","547","671","C0020621"
"5151","1001","2","5","7","53","51","335","444","560","373","C0020621"
"5152","1487","2","3","12","19","31","1","426","55","340","C0020621"
"5153","23426","2","5","7","42","36","71","177","223","219","C0020621"
"5154","26275","2","3","2","67","92","67","76","155","153","C0020621"
"5155","7486","2","3","12","19","31","261","116","1","86","C0020621"
"5156","735","2","5","7","53","51","119","395","549","674","C0020621"
"5157","4352","2","5","7","53","14","20","25","40","186","C0020621"
"5158","29968","2","3","8","67","94","199","182","509","666","C0020621"
"5159","2896","2","5","7","34","52","216","395","549","674","C0020621"
"5160","6674","2","3","12","48","57","50","38","54","462","C0020621"
"5161","2668","2","5","7","53","14","20","25","40","186","C0020621"
"5162","55120","2","3","12","19","31","261","116","1","86","C0020621"
"5163","10195","2","3","2","48","69","99","162","216","290","C0020621"
"5164","5743","2","3","5","53","175","119","167","489","416","C0020621"
"5165","182","2","5","7","53","51","143","428","236","667","C0020621"
"5166","8675","2","5","7","60","54","24","98","66","203","C0020621"
"5167","10262","2","3","2","22","33","323","66","101","136","C0020621"
"5168","5144","2","3","4","68","96","326","427","548","672","C0020621"
"5169","673","2","5","7","53","14","20","34","540","68","C0020621"
"5170","3479","2","5","7","53","51","342","454","573","492","C0020621"
"5171","5396","2","3","3","19","221","321","428","541","667","C0020621"
"5172","3239","2","3","3","19","221","321","428","541","667","C0020621"
"5173","5830","2","3","5","43","161","305","409","208","482","C0020625"
"5174","1186","2","5","8","63","45","23","34","464","187","C0020625"
"5175","3039","2","3","5","35","41","118","155","287","116","C0020625"
"5176","5122","2","5","4","27","36","184","141","359","411","C0020625"
"5177","9820","2","3","12","41","116","268","434","468","213","C0020625"
"5178","1277","2","5","7","53","51","342","454","573","492","C0020625"
"5179","5885","2","3","12","76","153","40","38","54","75","C0020625"
"5180","10560","2","3","2","65","196","310","127","527","648","C0020625"
"5181","3848","2","5","7","34","52","225","142","220","298","C0020625"
"5182","2334","2","5","7","53","14","20","25","40","186","C0020625"
"5183","6606","2","3","2","22","33","323","66","101","136","C0020625"
"5184","132789","2","3","5","80","81","266","367","500","577","C0020625"
"5185","6821","2","3","5","114","211","332","175","556","256","C0020625"
"5186","6785","2","3","5","67","7","5","239","311","393","C0020625"
"5187","2006","2","5","7","53","51","342","454","573","492","C0020625"
"5188","6888","2","3","2","90","167","266","367","500","577","C0020625"
"5189","190","2","3","3","19","151","276","91","433","118","C0020625"
"5190","9380","2","3","2","67","128","208","289","366","472","C0020625"
"5191","5913","2","5","7","27","36","71","341","223","219","C0020625"
"5192","7508","2","3","12","19","31","261","116","1","664","C0020625"
"5193","1387","2","3","12","19","31","276","91","433","118","C0020625"
"5194","7468","2","3","12","19","31","1","426","55","78","C0020625"
"5195","91252","2","5","4","68","96","326","427","548","672","C0020625"
"5196","8867","2","3","5","60","14","184","341","544","669","C0020625"
"5197","6598","2","3","12","19","31","1","426","55","78","C0020626"
"5198","7167","2","3","2","90","167","266","367","500","577","C0020626"
"5199","7431","2","3","12","41","45","23","103","489","416","C0020626"
"5200","4715","2","3","2","48","170","50","119","444","556","C0020626"
"5201","4709","2","3","2","48","170","50","119","444","556","C0020626"
"5202","778","2","5","8","63","36","166","341","223","158","C0020626"
"5203","5447","2","3","5","91","214","271","372","471","586","C0020626"
"5204","5888","2","3","12","19","31","261","116","1","86","C0020626"
"5205","5125","2","5","6","11","51","225","142","220","298","C0020626"
"5206","8139","2","3","12","41","116","268","434","468","213","C0020626"
"5207","776","2","5","8","63","36","166","341","390","158","C0020626"
"5208","5422","2","3","12","19","31","261","116","1","86","C0020626"
"5209","11285","2","3","2","74","205","191","396","408","620","C0020626"
"5210","4508","2","3","2","48","170","50","119","444","556","C0020626"
"5211","7066","2","5","7","53","51","119","25","573","416","C0020626"
"5212","2263","2","5","7","53","14","20","25","40","186","C0020626"
"5213","6635","2","3","2","22","33","323","66","101","136","C0020626"
"5214","9211","2","5","7","27","36","150","341","223","628","C0020635"
"5215","25814","2","3","2","48","170","110","119","444","462","C0020635"
"5216","348","2","5","7","53","51","342","454","573","492","C0020635"
"5217","10060","2","3","8","41","45","23","423","464","445","C0020635"
"5218","2936","2","3","2","48","57","110","141","359","229","C0020639"
"5219","10269","2","3","2","48","182","50","119","444","556","C0020639"
"5220","9126","2","3","12","76","153","40","38","54","75","C0020639"
"5221","7020","2","3","12","19","31","276","91","433","664","C0020639"
"5222","4000","2","3","12","26","105","178","226","297","156","C0020639"
"5223","19","2","3","3","19","151","276","91","433","118","C0020639"
"5224","4792","2","3","12","41","219","339","156","568","605","C0020639"
"5225","338","2","5","7","53","51","342","454","573","492","C0020639"
"5226","4535","2","3","2","48","170","50","119","444","556","C0020651"
"5227","9451","2","3","2","110","51","335","226","297","380","C0020651"
"5228","2290","2","3","3","19","221","321","428","541","667","C0020651"
"5229","5195","2","3","5","43","161","305","409","208","482","C0020651"
"5230","2165","2","5","7","53","51","342","454","573","492","C0020651"
"5231","8820","2","3","3","19","221","321","428","541","667","C0020651"
"5232","2670","2","5","7","27","36","150","341","223","628","C0020651"
"5233","54714","2","5","8","63","36","166","106","110","158","C0020651"
"5234","2811","2","5","7","53","51","1","454","573","78","C0020651"
"5235","7840","2","3","12","76","153","40","38","54","75","C0020651"
"5236","10134","2","3","2","41","219","339","156","536","342","C0020651"
"5237","24","2","3","12","41","116","268","423","536","445","C0020651"
"5238","999","2","5","7","53","51","342","444","560","373","C0020651"
"5239","1906","2","5","4","68","96","326","427","548","672","C0020651"
"5240","6899","2","5","7","53","184","335","259","560","373","C0020651"
"5241","604","2","3","12","19","151","276","91","489","416","C0020651"
"5242","2033","2","3","12","19","31","1","91","433","118","C0020651"
"5243","3845","2","5","7","60","54","24","30","46","72","C0020651"
"5244","23229","2","5","7","60","54","24","30","46","72","C0020672"
"5245","6687","2","3","2","48","170","50","119","444","593","C0020672"
"5246","6342","2","3","5","80","161","305","409","208","482","C0020672"
"5247","1182","2","5","8","63","45","23","34","464","187","C0020672"
"5248","23556","2","3","2","61","77","142","176","235","317","C0020672"
"5249","5277","2","3","2","61","77","142","176","235","317","C0020672"
"5250","1490","2","5","7","53","51","342","454","573","492","C0020672"
"5251","3558","2","5","7","53","14","20","25","40","186","C0020672"
"5252","10535","2","3","12","76","153","40","38","54","75","C0020672"
"5253","338","2","5","7","53","51","342","454","573","492","C0020672"
"5254","10397","2","3","2","110","81","148","402","51","383","C0020672"
"5255","51626","2","3","12","76","153","40","38","54","75","C0020672"
"5256","9049","2","3","3","41","151","276","378","271","356","C0020672"
"5257","1290","2","5","7","53","51","342","454","573","492","C0020672"
"5258","55624","2","3","2","78","123","194","255","215","412","C0020672"
"5259","5970","2","3","12","19","31","276","91","433","118","C0020672"
"5260","773","2","5","8","27","36","166","341","223","628","C0020672"
"5261","6521","2","5","8","35","41","199","40","415","666","C0020678"
"5262","23432","2","3","12","41","116","268","38","54","75","C0020678"
"5263","3853","2","1","6","11","142","225","142","220","298","C0020678"
"5264","23426","2","5","7","42","36","71","177","223","219","C0020678"
"5265","8029","2","5","7","53","51","105","139","186","245","C0020678"
"5266","2639","2","3","2","71","148","34","160","115","164","C0020678"
"5267","9445","2","3","12","19","31","1","426","55","78","C0020678"
"5268","7431","2","3","12","41","45","23","103","489","416","C0020678"
"5269","2074","2","3","12","19","31","1","426","55","78","C0020678"
"5270","653361","2","5","7","60","14","20","25","40","215","C0020678"
"5271","9215","2","5","2","27","36","150","430","215","628","C0020678"
"5272","673","2","5","7","53","14","20","34","540","68","C0020678"
"5273","8575","2","3","2","22","33","323","66","101","194","C0020678"
"5274","3972","2","5","4","68","96","326","427","548","672","C0020678"
"5275","25836","2","3","12","76","153","40","38","54","75","C0020678"
"5276","2187","2","3","12","19","31","261","116","1","86","C0020678"
"5277","5745","2","5","4","68","96","326","427","548","672","C0020678"
"5278","2688","2","5","7","53","51","119","25","40","186","C0020678"
"5279","4625","2","3","8","63","45","23","103","464","187","C0020678"
"5280","8626","2","3","3","19","221","321","428","541","667","C0020678"
"5281","4594","2","3","7","48","92","261","116","186","245","C0020678"
"5282","1026","2","3","12","19","31","1","116","489","416","C0020678"
"5283","8799","2","3","5","43","161","305","409","208","482","C0020678"
"5284","4692","2","5","7","53","51","119","402","489","416","C0020678"
"5285","5443","2","5","4","68","96","326","427","548","672","C0020678"
"5286","190","2","3","3","19","151","276","91","433","118","C0020678"
"5287","55149","2","3","2","110","221","321","428","167","593","C0020678"
"5288","27031","2","3","6","11","142","225","38","331","506","C0020678"
"5289","53373","2","5","8","63","45","23","34","464","187","C0020758"
"5290","2263","2","5","7","53","14","20","25","40","186","C0020758"
"5291","54903","2","3","12","76","153","40","38","54","75","C0020758"
"5292","2332","2","3","2","22","33","71","373","466","609","C0020796"
"5293","3617","2","5","7","86","221","321","454","311","518","C0020796"
"5294","6647","2","3","2","95","2","342","378","173","702","C0020796"
"5295","5106","2","3","2","67","92","293","55","500","577","C0020796"
"5296","26580","2","5","8","27","70","99","162","216","290","C0020796"
"5297","7474","2","5","3","68","221","184","259","544","669","C0020796"
"5298","2556","2","5","8","27","70","99","162","216","290","C0020796"
"5299","7020","2","3","12","19","31","276","91","433","664","C0020796"
"5300","4247","2","3","2","68","67","320","98","180","279","C0020796"
"5301","931","2","5","7","53","14","119","156","287","116","C0020796"
"5302","1499","2","3","12","19","221","197","259","560","422","C0020796"
"5303","4436","2","3","12","19","31","261","116","1","86","C0020796"
"5304","338","2","5","7","53","51","342","454","573","492","C0020796"
"5305","613","2","5","7","60","54","24","30","46","72","C0020796"
"5306","10082","2","3","2","74","51","342","454","573","492","C0020796"
"5307","6261","2","5","8","63","45","23","34","464","187","C0020796"
"5308","10491","2","5","7","53","51","342","454","573","492","C0020796"
"5309","2261","2","5","7","53","14","20","25","40","186","C0020796"
"5310","1576","2","3","5","91","214","226","326","413","574","C0020796"
"5311","6662","2","3","3","19","221","321","428","541","667","C0020796"
"5312","5122","2","5","4","27","36","184","141","359","411","C0020796"
"5313","2218","2","5","2","53","123","194","255","560","373","C0020796"
"5314","18","2","3","8","67","94","199","182","509","666","C0020796"
"5315","2316","2","5","7","53","51","342","454","573","702","C0020796"
"5316","2073","2","3","12","19","31","261","116","1","86","C0020796"
"5317","10516","2","5","7","53","51","342","454","573","492","C0020796"
"5318","3617","2","5","7","86","221","321","454","311","518","C0020796"
"5319","5310","2","5","7","53","51","335","444","560","373","C0020796"
"5320","5428","2","3","2","48","170","50","119","167","593","C0020796"
"5321","3425","2","3","5","80","81","166","454","573","492","C0020796"
"5322","5340","2","5","7","53","51","342","454","573","492","C0020796"
"5323","2332","2","3","2","22","33","71","373","466","609","C0020951"
"5324","26227","2","3","2","41","137","44","208","81","108","C0020951"
"5325","411","2","3","7","34","52","216","395","549","674","C0020951"
"5326","6775","2","5","7","53","14","119","25","40","186","C0020981"
"5327","4351","2","3","2","90","167","266","367","500","577","C0020981"
"5328","54209","2","5","7","53","51","119","395","549","674","C0020981"
"5329","4351","2","3","2","90","167","266","367","500","577","C0020981"
"5330","190","2","3","3","19","151","276","91","433","118","C0021053"
"5331","5663","2","5","7","34","52","216","395","549","667","C0021053"
"5332","27077","2","3","12","76","153","40","38","54","75","C0021053"
"5333","5979","2","5","7","53","14","20","25","40","186","C0021053"
"5334","5428","2","3","2","48","170","50","119","167","593","C0021122"
"5335","5582","2","5","7","53","14","20","34","540","68","C0021122"
"5336","2109","2","3","2","48","170","50","119","444","556","C0021122"
"5337","125","2","3","2","75","120","200","263","251","425","C0021125"
"5338","4286","2","3","12","19","31","261","116","1","664","C0021125"
"5339","55112","2","3","12","76","153","40","38","54","75","C0021125"
"5340","3784","2","5","8","63","36","166","106","110","158","C0021125"
"5341","9496","2","5","6","11","142","225","142","220","673","C0021125"
"5342","2316","2","5","7","53","51","342","454","573","702","C0021125"
"5343","5290","2","3","7","53","14","20","25","40","186","C0021125"
"5344","54938","2","3","2","110","85","67","76","252","154","C0021125"
"5345","26580","2","5","8","27","70","99","162","216","290","C0021125"
"5346","6772","2","3","12","53","184","119","156","287","116","C0021308"
"5347","1991","2","5","7","34","52","216","395","549","674","C0021308"
"5348","5290","2","3","7","53","14","20","25","40","186","C0021359"
"5349","4137","2","3","7","27","36","150","341","223","628","C0021359"
"5350","54903","2","3","12","76","153","40","38","54","75","C0021359"
"5351","5447","2","3","5","91","214","271","372","471","586","C0021359"
"5352","5728","2","3","5","80","81","339","156","568","605","C0021359"
"5353","22995","2","3","12","76","153","40","38","54","75","C0021359"
"5354","1277","2","5","7","53","51","342","454","573","492","C0021359"
"5355","4983","2","5","7","60","54","24","30","46","72","C0021359"
"5356","154","2","5","4","68","96","326","427","548","669","C0021359"
"5357","5378","2","3","12","19","31","261","116","1","86","C0021359"
"5358","411","2","3","7","34","52","216","395","549","674","C0021359"
"5359","7879","2","5","7","34","54","24","30","46","72","C0021359"
"5360","215","2","3","5","47","144","185","238","310","392","C0021359"
"5361","207","2","3","7","53","14","20","34","489","416","C0021359"
"5362","6443","2","5","8","63","45","23","103","464","187","C0021359"
"5363","23522","2","3","12","19","31","1","426","55","78","C0021359"
"5364","4137","2","3","7","27","36","150","341","223","628","C0021359"
"5365","2022","2","5","7","53","51","342","259","423","389","C0021359"
"5366","5189","2","3","5","43","161","305","409","208","482","C0021359"
"5367","5340","2","5","7","53","51","342","454","573","492","C0021359"
"5368","673","2","5","7","53","14","20","34","540","68","C0021359"
"5369","715","2","5","7","53","51","119","395","549","674","C0021359"
"5370","5244","2","3","3","41","151","276","91","433","118","C0021359"
"5371","5745","2","5","4","68","96","326","427","548","672","C0021359"
"5372","2201","2","5","7","53","51","342","454","573","492","C0021359"
"5373","9401","2","3","12","76","31","261","116","1","86","C0021359"
"5374","9451","2","3","2","110","51","335","226","297","380","C0021359"
"5375","1956","2","5","7","53","14","184","45","544","669","C0021359"
"5376","5184","2","3","5","80","81","166","52","105","349","C0021359"
"5377","8838","2","5","7","53","51","342","259","423","389","C0021359"
"5378","1636","2","3","5","80","81","166","397","418","568","C0021359"
"5379","2146","2","3","12","19","31","1","426","55","78","C0021361"
"5380","11236","2","3","12","41","116","268","434","468","213","C0021361"
"5381","7466","2","5","7","53","51","342","454","573","492","C0021361"
"5382","477","2","3","8","63","45","23","103","464","187","C0021361"
"5383","4780","2","3","12","19","31","276","91","433","118","C0021361"
"5384","7253","2","5","4","68","96","326","427","548","672","C0021361"
"5385","5728","2","3","5","80","81","339","156","568","605","C0021361"
"5386","26191","2","5","7","53","14","20","25","40","186","C0021361"
"5387","2969","2","3","12","19","31","276","91","433","118","C0021361"
"5388","1280","2","5","7","53","51","342","454","573","492","C0021361"
"5389","1387","2","3","12","19","31","276","91","433","118","C0021361"
"5390","1387","2","3","12","19","31","276","91","433","118","C0021361"
"5391","2263","2","5","7","53","14","20","25","40","186","C0021361"
"5392","5949","2","3","2","69","83","101","126","170","224","C0021361"
"5393","8313","2","3","12","41","219","339","156","568","605","C0021361"
"5394","55157","2","3","2","110","85","67","76","252","154","C0021361"
"5395","7389","2","3","2","17","24","51","132","210","123","C0021361"
"5396","6016","2","5","7","60","54","24","30","46","72","C0021361"
"5397","23479","2","3","2","48","170","50","119","100","556","C0021361"
"5398","7403","2","3","12","19","31","1","426","55","78","C0021361"
"5399","1277","2","5","7","53","51","342","454","573","492","C0021361"
"5400","411","2","3","7","34","52","216","395","549","674","C0021361"
"5401","4920","2","5","7","53","14","20","259","560","373","C0021361"
"5402","26277","2","3","12","19","31","1","426","1","78","C0021361"
"5403","3207","2","3","3","19","221","321","428","541","667","C0021361"
"5404","1071","2","5","7","53","51","342","454","573","492","C0021361"
"5405","4621","2","5","8","63","45","23","103","464","187","C0021361"
"5406","633","2","5","7","53","51","342","454","573","492","C0021361"
"5407","282808","2","5","7","60","54","24","30","46","72","C0021361"
"5408","23269","2","3","12","19","31","1","426","55","78","C0021603"
"5409","5745","2","5","4","68","96","326","427","548","672","C0021603"
"5410","3953","2","5","7","53","14","20","25","40","186","C0021603"
"5411","2177","2","3","2","110","90","261","431","545","443","C0021670"
"5412","7291","2","3","12","19","151","276","91","489","416","C0021670"
"5413","6595","2","3","12","19","31","1","426","55","78","C0021670"
"5414","3861","2","1","6","11","142","225","142","220","298","C0021670"
"5415","9049","2","3","3","41","151","276","378","271","356","C0021670"
"5416","1815","2","5","4","68","96","326","427","548","672","C0021775"
"5417","9791","2","3","8","45","94","199","240","415","666","C0021775"
"5418","9627","2","3","12","19","31","1","426","55","78","C0021775"
"5419","9445","2","3","12","19","31","1","426","55","78","C0021775"
"5420","51057","2","3","12","76","153","40","38","54","75","C0021818"
"5421","1380","2","5","7","53","51","119","395","549","674","C0021818"
"5422","100","2","3","5","33","21","47","56","80","199","C0021828"
"5423","7015","2","3","12","19","31","1","426","55","78","C0021828"
"5424","2263","2","5","7","53","14","20","25","40","186","C0021828"
"5425","595","2","3","12","19","31","1","426","489","416","C0021831"
"5426","2920","2","5","4","68","96","326","427","548","672","C0021831"
"5427","8214","2","3","6","11","142","225","142","220","298","C0021831"
"5428","64175","2","5","7","53","51","342","454","573","492","C0021831"
"5429","3106","2","5","7","34","52","119","395","549","674","C0021831"
"5430","7038","2","5","7","60","18","184","98","66","203","C0021831"
"5431","5428","2","3","2","48","170","50","119","167","593","C0021831"
"5432","22861","2","3","12","41","219","339","156","568","697","C0021831"
"5433","2879","2","3","5","80","81","166","378","173","229","C0021831"
"5434","4643","2","5","7","60","14","20","25","40","215","C0021831"
"5435","55612","2","5","7","60","36","71","177","560","701","C0021831"
"5436","3872","2","1","6","11","142","225","142","220","298","C0021841"
"5437","54903","2","3","12","76","153","40","38","54","75","C0021841"
"5438","5830","2","3","5","43","161","305","409","208","482","C0021841"
"5439","6442","2","5","8","63","45","23","103","464","187","C0021841"
"5440","1890","2","3","5","80","81","296","62","94","150","C0021841"
"5441","8988","2","3","8","63","45","160","103","464","187","C0021841"
"5442","9049","2","3","3","41","151","276","378","271","356","C0021841"
"5443","6935","2","3","3","19","221","321","428","541","667","C0021841"
"5444","94","2","5","7","53","51","342","259","423","389","C0021841"
"5445","5982","2","3","12","19","31","261","116","1","86","C0021841"
"5446","4688","2","5","7","60","14","20","25","40","215","C0021841"
"5447","546","2","3","12","19","31","261","426","1","86","C0021841"
"5448","3248","2","3","2","69","83","133","167","224","301","C0021843"
"5449","435","2","3","8","84","97","167","210","278","360","C0021843"
"5450","1586","2","3","5","79","98","256","335","425","540","C0021843"
"5451","54880","2","3","12","19","31","1","426","55","78","C0021843"
"5452","2554","2","5","8","27","70","99","162","216","290","C0021843"
"5453","8643","2","5","3","68","221","197","259","560","422","C0021843"
"5454","4921","2","5","7","53","14","20","25","573","186","C0021843"
"5455","2741","2","5","8","27","70","99","162","216","290","C0021843"
"5456","5617","2","5","12","19","31","1","426","55","78","C0021843"
"5457","2077","2","3","12","76","153","40","38","54","75","C0021843"
"5458","7476","2","5","3","68","221","197","259","560","422","C0021843"
"5459","134","2","5","4","68","96","326","427","548","672","C0021843"
"5460","1497","2","5","2","63","182","50","103","297","628","C0021843"
"5461","11186","2","5","7","60","54","24","30","46","72","C0021843"
"5462","4214","2","3","12","41","219","339","34","540","117","C0021843"
"5463","2177","2","3","2","110","90","261","431","545","443","C0021843"
"5464","7015","2","3","12","19","31","1","426","55","78","C0021843"
"5465","210","2","3","7","34","52","216","395","549","674","C0021843"
"5466","596","2","3","12","19","219","339","402","489","416","C0021843"
"5467","7305","2","5","7","34","52","216","395","549","674","C0021843"
"5468","26281","2","5","7","53","14","20","25","40","186","C0021845"
"5469","4157","2","5","4","68","96","326","427","548","672","C0021845"
"5470","6812","2","5","7","27","36","150","341","223","628","C0021845"
"5471","5339","2","5","7","53","51","342","454","573","492","C0021846"
"5472","58495","2","5","3","19","221","321","259","560","422","C0021846"
"5473","5727","2","3","12","68","221","197","259","560","422","C0021846"
"5474","3766","2","5","8","63","36","166","106","110","158","C0021846"
"5475","91942","2","3","2","48","170","50","119","444","556","C0021846"
"5476","7287","2","5","7","11","142","71","341","560","219","C0021847"
"5477","4893","2","5","7","34","52","24","30","46","72","C0021847"
"5478","1281","2","5","7","53","51","342","454","573","492","C0021847"
"5479","54101","2","3","2","48","170","50","347","167","593","C0021847"
"5480","1146","2","5","8","27","70","99","162","216","290","C0021933"
"5481","5189","2","3","5","43","161","305","409","208","482","C0021933"
"5482","860","2","3","12","19","31","276","91","433","118","C0022073"
"5483","26119","2","5","7","60","14","184","341","544","669","C0022073"
"5484","324","2","3","12","41","219","197","70","255","422","C0022073"
"5485","3752","2","5","8","63","36","166","106","110","158","C0022073"
"5486","55997","2","5","3","53","221","321","259","423","389","C0022073"
"5487","9897","2","3","12","76","18","75","38","1","212","C0022073"
"5488","11128","2","3","2","22","33","261","116","159","211","C0022073"
"5489","1630","2","5","7","53","51","335","444","560","373","C0022073"
"5490","359","2","3","5","80","81","166","397","374","486","C0022104"
"5491","10466","2","5","7","60","153","40","38","66","203","C0022104"
"5492","5774","2","5","7","60","81","296","399","201","274","C0022116"
"5493","6521","2","5","8","35","41","199","40","415","666","C0022116"
"5494","1493","2","5","7","53","51","119","25","40","186","C0022116"
"5495","1287","2","5","2","53","51","342","454","573","492","C0022116"
"5496","701","2","3","12","76","153","40","38","54","75","C0022116"
"5497","51715","2","5","7","60","54","24","30","46","72","C0022116"
"5498","4982","2","5","12","41","219","339","156","568","697","C0022116"
"5499","4864","2","3","5","48","152","184","341","544","669","C0022116"
"5500","54808","2","3","12","76","153","40","38","54","75","C0022116"
"5501","7306","2","5","5","23","18","138","250","332","407","C0022116"
"5502","6567","2","5","8","35","41","77","40","57","80","C0022116"
"5503","6772","2","3","12","53","184","119","156","287","116","C0022116"
"5504","1406","2","3","3","19","221","321","428","541","667","C0022116"
"5505","355","2","3","7","41","219","339","156","568","697","C0022116"
"5506","208","2","5","7","53","14","20","34","540","68","C0022116"
"5507","5328","2","5","7","34","52","216","395","549","674","C0022116"
"5508","8517","2","3","12","41","219","339","156","568","697","C0022116"
"5509","8200","2","5","7","53","51","342","259","423","389","C0022116"
"5510","4920","2","5","7","53","14","20","259","560","373","C0022116"
"5511","4000","2","3","12","26","105","178","226","297","156","C0022116"
"5512","9180","2","5","7","53","51","119","25","549","416","C0022116"
"5513","10577","2","5","7","34","52","216","395","549","674","C0022116"
"5514","3861","2","1","6","11","142","225","142","220","298","C0022116"
"5515","148022","2","3","12","41","219","339","156","568","697","C0022116"
"5516","5156","2","5","7","53","14","20","25","40","186","C0022116"
"5517","6949","2","3","2","110","85","237","164","390","311","C0022116"
"5518","1131","2","5","4","68","96","326","427","548","672","C0022116"
"5519","10142","2","3","12","76","153","40","38","54","75","C0022116"
"5520","6135","2","3","2","110","85","237","433","547","671","C0022336"
"5521","1144","2","5","8","27","70","99","162","216","290","C0022336"
"5522","23411","2","3","12","19","31","1","91","433","118","C0022336"
"5523","6786","2","5","8","63","45","23","103","464","187","C0022336"
"5524","11231","2","3","2","110","105","178","226","297","380","C0022336"
"5525","6775","2","5","7","53","14","119","25","40","186","C0022336"
"5526","4214","2","3","12","41","219","339","34","540","117","C0022336"
"5527","5327","2","5","7","53","51","342","454","573","492","C0022336"
"5528","55131","2","3","2","110","85","237","433","547","671","C0022336"
"5529","23483","2","3","2","28","191","306","143","452","258","C0022336"
"5530","2261","2","5","7","53","14","20","25","40","186","C0022353"
"5531","2071","2","3","12","19","31","261","116","159","211","C0022353"
"5532","71","2","5","7","60","14","184","103","544","669","C0022353"
"5533","1896","2","5","12","41","219","339","156","568","697","C0022353"
"5534","4791","2","3","12","41","219","339","156","568","697","C0022353"
"5535","274","2","5","7","60","14","184","341","544","669","C0022353"
"5536","7415","2","3","7","34","52","216","395","536","445","C0022353"
"5537","54101","2","3","2","48","170","50","347","167","593","C0022353"
"5538","8085","2","3","12","19","31","1","426","55","78","C0022353"
"5539","2189","2","3","12","19","31","261","116","1","86","C0022353"
"5540","10280","2","3","2","110","85","52","57","86","119","C0022353"
"5541","23539","2","3","2","62","37","285","389","62","603","C0022353"
"5542","22995","2","3","12","76","153","40","38","54","75","C0022353"
"5543","695","2","5","7","53","14","20","25","40","186","C0022353"
"5544","22856","2","3","2","78","189","303","251","320","403","C0022353"
"5545","5663","2","5","7","34","52","216","395","549","667","C0022353"
"5546","6689","2","3","12","19","31","276","91","433","118","C0022353"
"5547","3074","2","3","7","34","52","216","395","549","607","C0022353"
"5548","5601","2","3","12","19","14","20","34","540","68","C0022360"
"5549","6605","2","3","12","19","31","1","426","55","78","C0022360"
"5550","2158","2","5","7","68","51","119","395","549","674","C0022360"
"5551","1282","2","5","7","53","51","342","454","573","492","C0022360"
"5552","6134","2","3","2","110","85","237","433","547","671","C0022360"
"5553","4668","2","3","5","21","111","188","242","313","396","C0022387"
"5554","57572","2","3","12","19","31","118","155","287","116","C0022387"
"5555","6323","2","5","8","63","36","166","341","390","158","C0022408"
"5556","6392","2","3","2","48","170","50","119","444","556","C0022408"
"5557","2702","2","3","12","76","153","40","38","54","75","C0022408"
"5558","7018","2","5","7","53","51","342","454","573","669","C0022408"
"5559","25942","2","3","12","19","31","1","426","55","78","C0022408"
"5560","158","2","3","4","96","177","61","373","341","142","C0022408"
"5561","7476","2","5","3","68","221","197","259","560","422","C0022408"
"5562","2700","2","3","6","76","153","40","38","54","75","C0022408"
"5563","2623","2","3","12","19","31","1","155","287","116","C0022408"
"5564","2255","2","5","7","53","14","20","25","40","186","C0022408"
"5565","22934","2","3","2","90","167","148","36","51","383","C0022408"
"5566","2260","2","5","7","53","14","20","25","40","186","C0022408"
"5567","6223","2","3","2","110","85","237","433","547","671","C0022408"
"5568","4854","2","5","7","53","51","143","428","236","667","C0022408"
"5569","658","2","5","7","53","51","342","259","423","389","C0022408"
"5570","9742","2","3","12","76","153","40","38","54","75","C0022410"
"5571","5987","2","3","12","41","116","225","142","220","298","C0022410"
"5572","1436","2","5","7","53","14","20","25","40","186","C0022410"
"5573","10686","2","5","6","42","36","71","177","64","219","C0022541"
"5574","9215","2","5","2","27","36","150","430","215","628","C0022541"
"5575","6687","2","3","2","48","170","50","119","444","593","C0022541"
"5576","9401","2","3","12","76","31","261","116","1","86","C0022541"
"5577","26580","2","5","8","27","70","99","162","216","290","C0022568"
"5578","9927","2","3","12","19","31","118","155","287","116","C0022568"
"5579","4286","2","3","12","19","31","261","116","1","664","C0022568"
"5580","3777","2","5","8","63","36","166","106","110","158","C0022568"
"5581","1030","2","3","12","19","31","1","426","55","78","C0022568"
"5582","4684","2","5","7","53","51","335","444","560","373","C0022568"
"5583","6821","2","3","5","114","211","332","175","556","256","C0022568"
"5584","3426","2","5","7","53","51","119","395","549","674","C0022568"
"5585","3758","2","5","8","63","36","166","106","110","158","C0022568"
"5586","410","2","3","7","34","52","216","395","549","674","C0022568"
"5587","4763","2","5","7","60","54","24","30","46","214","C0022568"
"5588","54982","2","3","2","48","170","50","399","167","593","C0022568"
"5589","55315","2","3","5","80","81","296","62","94","150","C0022568"
"5590","673","2","5","7","53","14","20","34","540","68","C0022568"
"5591","846","2","5","4","68","96","326","427","548","672","C0022568"
"5592","1415","2","3","6","63","45","160","362","177","673","C0022568"
"5593","1493","2","5","7","53","51","119","25","40","186","C0022568"
"5594","778","2","5","8","63","36","166","341","223","158","C0022568"
"5595","4535","2","3","2","48","170","50","119","444","556","C0022568"
"5596","2542","2","3","5","80","81","296","399","500","577","C0022568"
"5597","27086","2","3","12","19","221","321","428","541","667","C0022568"
"5598","10161","2","5","4","68","96","326","427","548","672","C0022568"
"5599","204","2","3","4","72","109","182","235","307","506","C0022568"
"5600","5826","2","3","7","48","161","105","139","186","245","C0022568"
"5601","10585","2","5","2","27","206","324","430","215","290","C0022573"
"5602","6662","2","3","3","19","221","321","428","541","667","C0022573"
"5603","1145","2","5","8","27","70","99","162","216","290","C0022573"
"5604","974","2","5","7","53","51","119","395","549","674","C0022573"
"5605","25861","2","5","7","42","36","71","177","223","219","C0022575"
"5606","4174","2","3","12","76","31","261","116","1","86","C0022575"
"5607","6786","2","5","8","63","45","23","103","464","187","C0022575"
"5608","9949","2","3","2","22","33","225","142","220","298","C0022575"
"5609","6786","2","5","8","63","45","23","103","464","187","C0022575"
"5610","3425","2","3","5","80","81","166","454","573","492","C0022575"
"5611","5745","2","5","4","68","96","326","427","548","672","C0022584"
"5612","29899","2","5","4","68","96","326","427","548","672","C0022584"
"5613","4879","2","5","4","68","96","326","427","548","672","C0022584"
"5614","51738","2","5","4","68","96","326","427","548","672","C0022584"
"5615","7148","2","5","7","53","51","342","454","573","492","C0022593"
"5616","26119","2","5","7","60","14","184","341","544","669","C0022593"
"5617","1717","2","3","2","19","151","276","48","69","204","C0022593"
"5618","1778","2","3","7","76","153","40","38","54","75","C0022593"
"5619","6654","2","5","7","60","54","24","30","46","72","C0022593"
"5620","8526","2","3","2","63","30","193","306","390","158","C0022603"
"5621","1285","2","5","7","53","51","342","454","573","492","C0022603"
"5622","1544","2","3","5","91","214","271","372","471","586","C0022638"
"5623","7187","2","3","12","41","219","339","156","568","697","C0022638"
"5624","3845","2","5","7","60","54","24","30","46","72","C0022638"
"5625","9469","2","3","2","103","189","303","29","475","467","C0022638"
"5626","1497","2","5","2","63","182","50","103","297","628","C0022638"
"5627","8600","2","5","7","41","219","339","156","568","697","C0022638"
"5628","3691","2","5","7","53","51","342","454","573","492","C0022638"
"5629","7132","2","3","12","41","219","339","156","568","697","C0022638"
"5630","100134444","2","5","7","60","36","71","341","223","219","C0022638"
"5631","718","2","5","7","34","51","119","395","549","674","C0022638"
"5632","5077","2","3","3","19","221","321","428","541","667","C0022638"
"5633","2776","2","5","4","68","96","326","427","548","672","C0022650"
"5634","3146","2","5","7","34","52","216","395","549","674","C0022650"
"5635","55130","2","3","12","76","153","76","38","54","75","C0022650"
"5636","10280","2","3","2","110","85","52","57","86","119","C0022650"
"5637","1727","2","3","7","34","52","216","395","549","197","C0022650"
"5638","9126","2","3","12","76","153","40","38","54","75","C0022650"
"5639","4221","2","3","12","19","31","342","454","573","492","C0022650"
"5640","701","2","3","12","76","153","40","38","54","75","C0022660"
"5641","1277","2","5","7","53","51","342","454","573","492","C0022660"
"5642","1286","2","5","7","53","51","342","454","573","492","C0022660"
"5643","2155","2","5","7","53","51","119","454","549","674","C0022660"
"5644","843","2","3","12","41","219","339","156","568","697","C0022665"
"5645","4893","2","5","7","34","52","24","30","46","72","C0022665"
"5646","4810","2","3","2","76","57","110","444","560","373","C0022665"
"5647","10019","2","5","7","53","14","20","25","40","116","C0022665"
"5648","59338","2","5","7","60","54","24","30","362","468","C0022665"
"5649","3073","2","3","5","105","155","250","291","152","420","C0022665"
"5650","2645","2","3","2","90","167","266","367","101","664","C0022665"
"5651","2990","2","3","7","34","52","216","395","549","674","C0022665"
"5652","7337","2","3","12","41","116","268","434","468","213","C0022665"
"5653","2332","2","3","2","22","33","71","373","466","609","C0022665"
"5654","2259","2","5","8","63","36","166","341","223","158","C0022665"
"5655","1493","2","5","7","53","51","119","25","40","186","C0022665"
"5656","6041","2","3","12","53","184","119","156","287","116","C0022665"
"5657","1399","2","5","7","53","14","20","25","40","186","C0022665"
"5658","3284","2","3","2","69","98","169","299","183","243","C0022665"
"5659","7454","2","5","7","60","14","20","25","40","215","C0022665"
"5660","5205","2","3","8","63","45","23","103","464","619","C0022665"
"5661","2010","2","3","12","26","105","296","226","488","156","C0022665"
"5662","6948","2","5","7","48","51","105","139","186","245","C0022665"
"5663","118","2","3","2","63","105","178","226","297","380","C0022665"
"5664","8647","2","3","5","46","158","252","352","449","563","C0022665"
"5665","5950","2","5","7","53","51","101","126","170","224","C0022665"
"5666","8644","2","3","2","46","175","227","167","224","301","C0022665"
"5667","8216","2","3","12","41","119","330","214","454","144","C0022665"
"5668","3954","2","3","2","48","170","67","119","444","593","C0022665"
"5669","132884","2","3","12","41","116","268","434","568","605","C0022665"
"5670","9719","2","5","7","53","51","342","454","573","492","C0022665"
"5671","55033","2","3","2","110","105","178","226","297","380","C0022665"
"5672","9640","2","3","12","19","31","261","116","159","211","C0022665"
"5673","4668","2","3","5","21","111","188","242","313","396","C0022672"
"5674","2108","2","3","2","48","170","50","119","444","556","C0022672"
"5675","3425","2","3","5","80","81","166","454","573","492","C0022672"
"5676","5443","2","5","4","68","96","326","427","548","672","C0022672"
"5677","27130","2","3","12","48","45","143","38","236","69","C0022679"
"5678","26503","2","3","2","89","124","204","272","347","442","C0022679"
"5679","6927","2","3","3","19","221","321","428","541","667","C0022679"
"5680","1410","2","3","12","63","45","23","38","54","187","C0022679"
"5681","3265","2","5","7","60","54","24","30","46","72","C0022679"
"5682","3479","2","5","7","53","51","342","454","573","492","C0022679"
"5683","10686","2","5","6","42","36","71","177","64","219","C0022679"
"5684","8540","2","3","5","43","161","305","409","208","482","C0022679"
"5685","249","2","3","5","27","51","335","444","560","373","C0022679"
"5686","23384","2","3","12","63","45","184","103","572","658","C0022679"
"5687","4703","2","5","7","60","45","23","103","464","187","C0022679"
"5688","9451","2","3","2","110","51","335","226","297","380","C0022679"
"5689","9313","2","5","7","53","51","342","454","573","492","C0022679"
"5690","54101","2","3","2","48","170","50","347","167","593","C0022679"
"5691","8643","2","5","3","68","221","197","259","560","422","C0022679"
"5692","5354","2","5","7","27","36","150","341","223","628","C0022679"
"5693","9968","2","4","3","24","119","330","214","454","144","C0022679"
"5694","23765","2","3","12","41","219","238","252","489","416","C0022679"
"5695","5176","2","5","7","53","51","342","454","573","492","C0022679"
"5696","1813","2","5","4","68","96","326","427","548","672","C0022679"
"5697","4803","2","5","7","60","54","24","30","46","72","C0022679"
"5698","79803","2","5","7","60","18","184","341","544","669","C0022679"
"5699","2876","2","3","5","80","81","110","378","173","229","C0022679"
"5700","2796","2","5","4","68","96","326","427","548","672","C0022679"
"5701","11128","2","3","2","22","33","261","116","159","211","C0022679"
"5702","5449","2","3","3","19","221","321","428","541","667","C0022679"
"5703","4976","2","3","2","48","170","50","119","444","556","C0022679"
"5704","6870","2","5","4","68","96","326","427","548","672","C0022679"
"5705","7124","2","3","12","41","219","339","156","568","697","C0022679"
"5706","8456","2","3","3","19","221","321","428","541","667","C0022679"
"5707","3728","2","5","7","34","52","225","142","220","298","C0022680"
"5708","1674","2","5","8","63","45","23","103","464","187","C0022680"
"5709","6334","2","5","8","63","36","166","341","223","158","C0022680"
"5710","3106","2","5","7","34","52","119","395","549","674","C0022680"
"5711","5594","2","5","7","34","14","20","34","540","274","C0022680"
"5712","6391","2","3","2","48","170","50","119","444","556","C0022680"
"5713","1612","2","3","12","53","14","20","34","540","68","C0022680"
"5714","5605","2","5","7","53","14","20","34","540","68","C0022680"
"5715","4000","2","3","12","26","105","178","226","297","156","C0022680"
"5716","1031","2","3","12","19","31","1","426","55","78","C0022680"
"5717","2263","2","5","7","53","14","20","25","40","186","C0022680"
"5718","10280","2","3","2","110","85","52","57","86","119","C0022680"
"5719","54808","2","3","12","76","153","40","38","54","75","C0022680"
"5720","5824","2","3","5","47","144","185","238","310","392","C0022680"
"5721","4148","2","5","7","53","51","342","454","573","492","C0022680"
"5722","4160","2","5","4","68","96","326","427","548","672","C0022680"
"5723","7681","2","3","12","41","116","268","434","468","213","C0022680"
"5724","29954","2","5","2","27","206","324","430","215","290","C0022680"
"5725","8013","2","3","3","19","151","276","91","433","118","C0022680"
"5726","6310","2","3","12","22","142","225","366","362","468","C0022680"
"5727","5333","2","3","5","18","16","40","417","103","58","C0022716"
"5728","9321","2","3","12","76","153","40","38","54","203","C0022716"
"5729","4222","2","3","3","19","221","321","428","541","667","C0022738"
"5730","2068","2","3","12","19","31","261","116","159","211","C0022738"
"5731","411","2","3","7","34","52","216","395","549","674","C0022738"
"5732","1278","2","5","7","53","51","342","454","573","492","C0022739"
"5733","6469","2","5","3","53","221","197","259","560","422","C0022783"
"5734","2733","2","3","2","22","33","323","66","101","664","C0022783"
"5735","6567","2","5","8","35","41","77","40","57","80","C0022876"
"5736","627","2","5","7","53","51","335","444","423","373","C0022876"
"5737","2299","2","3","3","19","221","321","428","541","667","C0022906"
"5738","5422","2","3","12","19","31","261","116","1","86","C0022906"
"5739","3479","2","5","7","53","51","342","454","573","492","C0022906"
"5740","6390","2","3","2","48","170","50","119","444","556","C0022906"
"5741","6833","2","5","8","45","36","166","240","415","666","C0022906"
"5742","201626","2","3","12","41","116","268","434","468","593","C0022906"
"5743","1308","2","5","7","53","51","119","454","573","492","C0022906"
"5744","3592","2","5","7","53","51","119","25","489","416","C0022906"
"5745","55315","2","3","5","80","81","296","62","94","150","C0022906"
"5746","1356","2","3","7","53","51","342","454","573","492","C0022951"
"5747","8517","2","3","12","41","219","339","156","568","697","C0022951"
"5748","24","2","3","12","41","116","268","423","536","445","C0023003"
"5749","4137","2","3","7","27","36","150","341","223","628","C0023003"
"5750","3767","2","5","8","63","36","166","106","110","158","C0023014"
"5751","7136","2","5","8","63","45","23","103","464","187","C0023014"
"5752","3321","2","5","7","53","51","119","395","549","674","C0023014"
"5753","1778","2","3","7","76","153","40","38","54","75","C0023014"
"5754","27247","2","3","2","48","170","50","119","100","556","C0023014"
"5755","1356","2","3","7","53","51","342","454","573","492","C0023014"
"5756","4688","2","5","7","60","14","20","25","40","215","C0023014"
"5757","1277","2","5","7","53","51","342","454","573","492","C0023014"
"5758","5727","2","3","12","68","221","197","259","560","422","C0023014"
"5759","4358","2","3","5","43","161","305","409","208","482","C0023014"
"5760","6576","2","3","2","45","94","199","240","569","666","C0023014"
"5761","1311","2","5","7","53","51","342","454","573","492","C0023015"
"5762","6635","2","3","2","22","33","323","66","101","136","C0023015"
"5763","4514","2","3","2","48","57","110","141","359","5","C0023015"
"5764","9049","2","3","3","41","151","276","378","271","356","C0023015"
"5765","79633","2","3","7","80","51","335","444","560","373","C0023015"
"5766","55120","2","3","12","19","31","261","116","1","86","C0023015"
"5767","9636","2","3","12","41","184","119","156","287","116","C0023015"
"5768","3630","2","5","7","53","14","20","25","40","186","C0023015"
"5769","25915","2","3","2","48","170","50","119","444","556","C0023015"
"5770","673","2","5","7","53","14","20","34","540","68","C0023015"
"5771","29110","2","3","12","41","219","339","156","568","697","C0023015"
"5772","10269","2","3","2","48","182","50","119","444","556","C0023015"
"5773","5307","2","3","3","19","221","321","428","541","667","C0023015"
"5774","773","2","5","8","27","36","166","341","223","628","C0023055"
"5775","4353","2","3","7","34","52","216","395","549","674","C0023055"
"5776","55033","2","3","2","110","105","178","226","297","380","C0023066"
"5777","8842","2","5","5","53","82","147","184","179","328","C0023066"
"5778","940","2","5","7","53","14","20","25","40","186","C0023066"
"5779","9419","2","5","7","60","36","71","341","223","219","C0023075"
"5780","7253","2","5","4","68","96","326","427","548","672","C0023075"
"5781","1588","2","3","5","79","159","256","350","27","44","C0023075"
"5782","100","2","3","5","33","21","47","56","80","199","C0023075"
"5783","8200","2","5","7","53","51","342","259","423","389","C0023075"
"5784","5002","2","5","8","45","94","199","240","415","666","C0023075"
"5785","9791","2","3","8","45","94","199","240","415","666","C0023075"
"5786","11231","2","3","2","110","105","178","226","297","380","C0023176"
"5787","3284","2","3","2","69","98","169","299","183","243","C0023176"
"5788","53834","2","5","7","53","51","342","454","573","492","C0023176"
"5789","940","2","5","7","53","14","20","25","40","186","C0023176"
"5790","7450","2","5","7","53","51","342","454","573","492","C0023176"
"5791","2260","2","5","7","53","14","20","25","40","186","C0023176"
"5792","6774","2","3","12","53","14","276","25","489","416","C0023186"
"5793","2317","2","5","7","63","45","23","103","287","664","C0023186"
"5794","10329","2","3","2","63","123","194","423","536","544","C0023186"
"5795","3643","2","5","7","53","14","20","25","40","186","C0023186"
"5796","8557","2","5","8","63","45","23","103","464","187","C0023186"
"5797","5167","2","3","5","32","93","163","207","303","126","C0023186"
"5798","3123","2","5","7","53","51","119","156","287","116","C0023186"
"5799","2690","2","5","7","53","14","20","25","40","186","C0023186"
"5800","3440","2","3","12","19","184","118","155","287","116","C0023186"
"5801","7547","2","3","3","19","221","321","428","541","667","C0023186"
"5802","3850","2","1","6","11","142","225","142","220","298","C0023186"
"5803","1487","2","3","12","19","31","1","426","55","340","C0023186"
"5804","2073","2","3","12","19","31","261","116","1","86","C0023186"
"5805","3458","2","5","7","53","184","119","156","287","116","C0023186"
"5806","8425","2","5","7","53","51","342","454","573","492","C0023186"
"5807","5621","2","5","8","27","36","342","454","573","628","C0023186"
"5808","23064","2","3","6","11","31","261","142","220","664","C0023186"
"5809","1499","2","3","12","19","221","197","259","560","422","C0023186"
"5810","5194","2","3","5","43","161","305","409","208","482","C0023186"
"5811","4914","2","3","2","22","18","266","202","252","252","C0023186"
"5812","2697","2","3","7","76","153","40","38","54","75","C0023186"
"5813","1201","2","3","2","48","170","50","304","167","593","C0023186"
"5814","54714","2","5","8","63","36","166","106","110","158","C0023186"
"5815","55670","2","3","5","43","161","305","409","208","482","C0023186"
"5816","4214","2","3","12","41","219","339","34","540","117","C0023186"
"5817","6473","2","3","3","19","221","321","428","541","667","C0023186"
"5818","2074","2","3","12","19","31","1","426","55","78","C0023186"
"5819","7737","2","3","12","22","33","268","434","468","213","C0023186"
"5820","8820","2","3","3","19","221","321","428","541","667","C0023186"
"5821","7021","2","3","12","19","31","261","91","433","664","C0023211"
"5822","6095","2","3","3","19","151","276","91","433","118","C0023211"
"5823","8924","2","3","12","41","116","268","434","468","213","C0023212"
"5824","207","2","3","7","53","14","20","34","489","416","C0023212"
"5825","773","2","5","8","27","36","166","341","223","628","C0023212"
"5826","9401","2","3","12","76","31","261","116","1","86","C0023212"
"5827","26160","2","3","12","76","153","40","38","54","75","C0023212"
"5828","5757","2","3","12","19","31","1","116","370","142","C0023212"
"5829","1487","2","3","12","19","31","1","426","55","340","C0023212"
"5830","5592","2","5","4","53","14","20","34","540","68","C0023212"
"5831","7415","2","3","7","34","52","216","395","536","445","C0023212"
"5832","23729","2","3","2","90","167","148","36","51","383","C0023212"
"5833","10479","2","5","7","27","36","150","341","223","628","C0023212"
"5834","4633","2","5","8","63","45","23","103","464","187","C0023212"
"5835","860","2","3","12","19","31","276","91","433","118","C0023212"
"5836","4668","2","3","5","21","111","188","242","313","396","C0023212"
"5837","347733","2","3","12","76","153","40","38","54","75","C0023212"
"5838","6519","2","3","5","45","94","199","240","415","666","C0023212"
"5839","7046","2","3","12","41","219","339","259","423","605","C0023221"
"5840","4598","2","3","2","19","151","276","198","259","427","C0023221"
"5841","55670","2","3","5","43","161","305","409","208","482","C0023221"
"5842","6557","2","5","8","45","94","199","240","415","666","C0023221"
"5843","3035","2","3","2","110","85","237","433","547","154","C0023221"
"5844","351","2","5","4","68","96","326","188","145","193","C0023221"
"5845","1134","2","5","8","27","70","99","162","216","290","C0023222"
"5846","4053","2","5","7","53","51","342","454","573","492","C0023234"
"5847","7369","2","5","7","53","51","119","395","549","674","C0023234"
"5848","7170","2","5","8","63","45","23","103","464","187","C0023234"
"5849","3984","2","5","7","53","14","20","34","540","68","C0023234"
"5850","7291","2","3","12","19","151","276","91","489","416","C0023234"
"5851","2517","2","3","7","34","52","216","395","549","674","C0023234"
"5852","10269","2","3","2","48","182","50","119","444","556","C0023241"
"5853","8085","2","3","12","19","31","1","426","55","78","C0023241"
"5854","220","2","3","5","75","120","10","165","432","297","C0023267"
"5855","6605","2","3","12","19","31","1","426","55","78","C0023267"
"5856","4312","2","5","7","53","51","342","454","573","492","C0023267"
"5857","56244","2","5","7","53","51","119","395","549","674","C0023267"
"5858","5731","2","5","4","68","96","326","427","548","672","C0023267"
"5859","7468","2","3","12","19","31","1","426","55","78","C0023267"
"5860","5428","2","3","2","48","170","50","119","167","593","C0023269"
"5861","6392","2","3","2","48","170","50","119","444","556","C0023269"
"5862","8842","2","5","5","53","82","147","184","179","328","C0023269"
"5863","2068","2","3","12","19","31","261","116","159","211","C0023269"
"5864","11285","2","3","2","74","205","191","396","408","620","C0023269"
"5865","26119","2","5","7","60","14","184","341","544","669","C0023281"
"5866","1499","2","3","12","19","221","197","259","560","422","C0023281"
"5867","6945","2","3","12","19","31","110","141","488","102","C0023281"
"5868","6843","2","5","7","60","36","71","341","223","203","C0023281"
"5869","2626","2","3","12","19","31","118","155","287","116","C0023281"
"5870","10144","2","5","7","60","54","24","30","46","72","C0023281"
"5871","5429","2","3","12","19","31","261","116","1","86","C0023281"
"5872","64135","2","3","12","41","219","339","156","568","605","C0023281"
"5873","3553","2","5","7","53","51","119","25","489","416","C0023281"
"5874","51360","2","3","3","26","35","276","91","433","203","C0023283"
"5875","55636","2","3","3","19","221","321","428","423","389","C0023283"
"5876","4287","2","3","12","41","116","268","434","468","215","C0023283"
"5877","3162","2","3","5","53","51","119","402","489","416","C0023283"
"5878","9451","2","3","2","110","51","335","226","297","380","C0023283"
"5879","84676","2","3","12","41","116","268","434","468","213","C0023283"
"5880","8085","2","3","12","19","31","1","426","55","78","C0023283"
"5881","2316","2","5","7","53","51","342","454","573","702","C0023283"
"5882","3553","2","5","7","53","51","119","25","489","416","C0023290"
"5883","8452","2","3","12","41","116","268","434","468","213","C0023290"
"5884","51586","2","4","3","24","119","330","214","454","144","C0023290"
"5885","8820","2","3","3","19","221","321","428","541","667","C0023290"
"5886","6648","2","3","2","95","151","160","378","173","229","C0023290"
"5887","8600","2","5","7","41","219","339","156","568","697","C0023290"
"5888","5906","2","5","7","34","52","216","30","46","72","C0023290"
"5889","65018","2","3","2","48","57","110","34","359","462","C0023290"
"5890","6916","2","3","5","91","175","119","167","224","301","C0023290"
"5891","27010","2","3","2","72","196","95","115","158","322","C0023290"
"5892","3690","2","5","7","53","51","342","454","573","492","C0023290"
"5893","841","2","3","12","41","219","339","156","568","697","C0023290"
"5894","6709","2","5","7","34","52","216","395","572","158","C0023290"
"5895","3508","2","3","12","19","31","261","116","1","86","C0023308"
"5896","2006","2","5","7","53","51","342","454","573","492","C0023308"
"5897","10479","2","5","7","27","36","150","341","223","628","C0023343"
"5898","5373","2","3","2","90","167","123","158","207","278","C0023343"
"5899","51364","2","3","6","11","142","225","142","220","298","C0023343"
"5900","4920","2","5","7","53","14","20","259","560","373","C0023343"
"5901","1301","2","5","7","53","51","342","454","573","492","C0023343"
"5902","26278","2","3","12","41","116","268","347","271","356","C0023343"
"5903","1778","2","3","7","76","153","40","38","54","75","C0023343"
"5904","54880","2","3","12","19","31","1","426","55","78","C0023343"
"5905","5351","2","5","7","53","51","342","454","573","492","C0023343"
"5906","4864","2","3","5","48","152","184","341","544","669","C0023343"
"5907","10269","2","3","2","48","182","50","119","444","556","C0023437"
"5908","3643","2","5","7","53","14","20","25","40","186","C0023437"
"5909","4089","2","3","12","19","219","339","259","423","605","C0023440"
"5910","1814","2","5","4","68","96","326","427","548","672","C0023440"
"5911","441478","2","3","12","19","221","143","428","236","667","C0023440"
"5912","1387","2","3","12","19","31","276","91","433","118","C0023443"
"5913","5828","2","3","5","43","161","305","409","208","482","C0023443"
"5914","2168","2","3","3","19","151","276","91","433","118","C0023448"
"5915","3251","2","3","4","68","96","326","427","341","150","C0023448"
"5916","1737","2","3","2","67","92","293","55","75","311","C0023448"
"5917","57107","2","3","2","48","170","50","119","444","556","C0023448"
"5918","4791","2","3","12","41","219","339","156","568","697","C0023448"
"5919","2664","2","5","7","60","54","24","30","46","72","C0023448"
"5920","673","2","5","7","53","14","20","34","540","68","C0023448"
"5921","6622","2","3","7","27","36","150","341","223","628","C0023448"
"5922","3557","2","3","12","41","219","339","156","568","697","C0023449"
"5923","2719","2","5","7","53","51","342","454","573","492","C0023449"
"5924","768","2","3","5","35","41","77","40","370","303","C0023449"
"5925","26160","2","3","12","76","153","40","38","54","75","C0023449"
"5926","1794","2","5","7","34","52","216","395","549","674","C0023449"
"5927","4982","2","5","12","41","219","339","156","568","697","C0023449"
"5928","3026","2","5","7","68","51","119","395","549","674","C0023449"
"5929","3239","2","3","3","19","221","321","428","541","667","C0023449"
"5930","54345","2","5","3","19","221","321","428","541","667","C0023464"
"5931","4780","2","3","12","19","31","276","91","433","118","C0023464"
"5932","2690","2","5","7","53","14","20","25","40","186","C0023465"
"5933","54","2","3","5","80","81","178","195","256","342","C0023465"
"5934","8600","2","5","7","41","219","339","156","568","697","C0023465"
"5935","3764","2","5","8","63","36","166","106","110","158","C0023465"
"5936","4318","2","5","7","34","52","216","395","573","492","C0023470"
"5937","3553","2","5","7","53","51","119","25","489","416","C0023470"
"5938","3643","2","5","7","53","14","20","25","40","186","C0023470"
"5939","26227","2","3","2","41","137","44","208","81","108","C0023470"
"5940","4088","2","3","12","19","219","339","259","423","605","C0023470"
"5941","25793","2","3","12","41","116","268","434","468","213","C0023470"
"5942","7545","2","5","3","34","52","216","142","220","298","C0023470"
"5943","477","2","3","8","63","45","23","103","464","187","C0023470"
"5944","2771","2","5","4","68","96","326","427","548","672","C0023470"
"5945","10804","2","3","12","76","153","40","38","54","75","C0023470"
"5946","8076","2","5","7","53","51","342","454","573","492","C0023470"
"5947","27229","2","3","12","76","153","40","38","54","75","C0023470"
"5948","2040","2","5","7","34","52","216","395","549","674","C0023470"
"5949","8625","2","3","12","19","31","276","91","236","118","C0023470"
"5950","1406","2","3","3","19","221","321","428","541","667","C0023470"
"5951","55624","2","3","2","78","123","194","255","215","412","C0023470"
"5952","4541","2","3","2","48","170","50","119","444","24","C0023470"
"5953","6622","2","3","7","27","36","150","341","223","628","C0023473"
"5954","825","2","5","7","53","51","342","454","573","492","C0023473"
"5955","51371","2","3","12","41","116","268","434","568","605","C0023473"
"5956","103","2","3","2","110","184","119","156","287","116","C0023473"
"5957","6772","2","3","12","53","184","119","156","287","116","C0023473"
"5958","2321","2","5","7","53","14","20","25","40","186","C0023473"
"5959","1287","2","5","2","53","51","342","454","573","492","C0023473"
"5960","4539","2","3","2","53","184","86","107","560","195","C0023473"
"5961","27031","2","3","6","11","142","225","38","331","506","C0023473"
"5962","2736","2","3","12","41","116","321","428","54","667","C0023473"
"5963","10083","2","5","7","42","36","71","177","223","219","C0023473"
"5964","23594","2","3","12","76","153","261","116","1","86","C0023473"
"5965","411","2","3","7","34","52","216","395","549","674","C0023473"
"5966","79809","2","3","12","76","153","40","38","54","75","C0023473"
"5967","22856","2","3","2","78","189","303","251","320","403","C0023473"
"5968","1675","2","5","7","34","52","216","395","549","674","C0023473"
"5969","5696","2","3","12","41","116","268","156","568","116","C0023473"
"5970","207","2","3","7","53","14","20","34","489","416","C0023473"
"5971","2969","2","3","12","19","31","276","91","433","118","C0023473"
"5972","11005","2","1","6","11","142","225","142","220","298","C0023473"
"5973","7461","2","3","7","60","153","40","38","93","75","C0023473"
"5974","4803","2","5","7","60","54","24","30","46","72","C0023473"
"5975","6899","2","5","7","53","184","335","259","560","373","C0023473"
"5976","2263","2","5","7","53","14","20","25","40","186","C0023479"
"5977","23729","2","3","2","90","167","148","36","51","383","C0023479"
"5978","5447","2","3","5","91","214","271","372","471","586","C0023479"
"5979","1499","2","3","12","19","221","197","259","560","422","C0023479"
"5980","11155","2","5","7","63","45","23","103","464","187","C0023479"
"5981","4524","2","3","2","15","166","104","369","117","583","C0023480"
"5982","54101","2","3","2","48","170","50","347","167","593","C0023480"
"5983","4286","2","3","12","19","31","261","116","1","664","C0023480"
"5984","9657","2","3","12","76","153","40","38","54","75","C0023485"
"5985","274","2","5","7","60","14","184","341","544","669","C0023485"
"5986","3483","2","5","7","53","51","342","454","573","492","C0023485"
"5987","5159","2","5","7","53","14","20","25","40","186","C0023485"
"5988","579","2","3","3","19","221","321","428","541","667","C0023485"
"5989","4000","2","3","12","26","105","178","226","297","156","C0023485"
"5990","3081","2","3","2","91","51","3","267","308","429","C0023485"
"5991","7380","2","3","6","25","105","75","226","489","156","C0023485"
"5992","3248","2","3","2","69","83","133","167","224","301","C0023485"
"5993","26580","2","5","8","27","70","99","162","216","290","C0023485"
"5994","26580","2","5","8","27","70","99","162","216","290","C0023485"
"5995","701","2","3","12","76","153","40","38","54","75","C0023485"
"5996","6571","2","3","8","60","36","71","341","223","624","C0023492"
"5997","5873","2","5","7","34","54","24","30","46","72","C0023492"
"5998","9949","2","3","2","22","33","225","142","220","298","C0023492"
"5999","3172","2","3","3","19","151","276","91","433","118","C0023492"
"6000","2121","2","3","12","41","116","268","434","568","605","C0023492"
"6001","4654","2","3","12","19","31","276","91","433","118","C0023493"
"6002","2261","2","5","7","53","14","20","25","40","186","C0023493"
"6003","51079","2","3","2","48","170","50","119","444","556","C0023493"
"6004","9150","2","3","12","19","31","261","116","159","211","C0023493"
"6005","3953","2","5","7","53","14","20","25","40","186","C0023493"
"6006","5873","2","5","7","34","54","24","30","46","72","C0023493"
"6007","6495","2","3","3","19","221","321","428","541","667","C0023493"
"6008","11005","2","1","6","11","142","225","142","220","298","C0023493"
"6009","1832","2","5","7","34","52","225","142","220","298","C0023493"
"6010","3891","2","1","6","11","142","225","142","220","298","C0023493"
"6011","9966","2","5","12","41","219","339","156","568","697","C0023493"
"6012","1594","2","3","5","92","163","96","363","460","487","C0023493"
"6013","2261","2","5","7","53","14","20","25","40","186","C0023493"
"6014","9968","2","4","3","24","119","330","214","454","144","C0023493"
"6015","5728","2","3","5","80","81","339","156","568","605","C0023493"
"6016","2218","2","5","2","53","123","194","255","560","373","C0023493"
"6017","701","2","3","12","76","153","40","38","54","75","C0023493"
"6018","6870","2","5","4","68","96","326","427","548","672","C0023493"
"6019","8091","2","3","12","110","109","22","262","129","638","C0023493"
"6020","10484","2","3","7","60","153","40","38","54","203","C0023493"
"6021","1134","2","5","8","27","70","99","162","216","290","C0023493"
"6022","462","2","5","7","53","51","342","454","573","492","C0023493"
"6023","3265","2","5","7","60","54","24","30","46","72","C0023493"
"6024","773","2","5","8","27","36","166","341","223","628","C0023493"
"6025","196","2","3","3","19","151","276","91","433","118","C0023493"
"6026","26353","2","3","12","76","45","160","347","271","356","C0023493"
"6027","401","2","3","3","19","221","321","428","541","667","C0023493"
"6028","9897","2","3","12","76","18","75","38","1","212","C0023493"
"6029","51816","2","5","7","34","52","216","395","549","674","C0023493"
"6030","4988","2","5","4","68","96","326","427","548","672","C0023493"
"6031","3887","2","1","6","11","142","225","142","220","298","C0023493"
"6032","4604","2","5","8","63","45","23","103","464","187","C0023518"
"6033","7139","2","5","8","63","45","23","103","464","187","C0023518"
"6034","7461","2","3","7","60","153","40","38","93","75","C0023518"
"6035","15","2","3","2","11","142","225","142","87","673","C0023518"
"6036","2517","2","3","7","34","52","216","395","549","674","C0023518"
"6037","5256","2","3","7","34","45","23","103","464","187","C0023518"
"6038","116","2","5","4","68","96","326","427","548","672","C0023518"
"6039","50846","2","3","3","68","221","197","259","560","422","C0023518"
"6040","5573","2","3","12","19","184","118","155","287","116","C0023518"
"6041","9173","2","5","7","53","14","20","25","40","186","C0023518"
"6042","4000","2","3","12","26","105","178","226","297","156","C0023518"
"6043","208","2","5","7","53","14","20","34","540","68","C0023518"
"6044","5897","2","3","12","41","116","268","141","568","605","C0023518"
"6045","3026","2","5","7","68","51","119","395","549","674","C0023520"
"6046","2652","2","5","4","68","96","326","427","548","672","C0023520"
"6047","673","2","5","7","53","14","20","34","540","68","C0023520"
"6048","6335","2","5","8","63","36","166","341","390","158","C0023520"
"6049","4598","2","3","2","19","151","276","198","259","427","C0023520"
"6050","54880","2","3","12","19","31","1","426","55","78","C0023520"
"6051","5184","2","3","5","80","81","166","52","105","349","C0023520"
"6052","3991","2","3","5","80","81","166","57","83","658","C0023520"
"6053","25885","2","3","12","19","31","1","426","55","78","C0023520"
"6054","9820","2","3","12","41","116","268","434","468","213","C0023520"
"6055","5908","2","5","7","34","52","216","30","46","72","C0023520"
"6056","2248","2","5","7","53","14","20","25","40","186","C0023520"
"6057","1201","2","3","2","48","170","50","304","167","593","C0023520"
"6058","7422","2","5","7","53","51","342","454","573","702","C0023520"
"6059","5551","2","5","7","53","51","119","395","549","674","C0023520"
"6060","10269","2","3","2","48","182","50","119","444","556","C0023520"
"6061","50809","2","3","2","110","85","237","433","547","311","C0023520"
"6062","1736","2","3","2","110","85","237","433","547","671","C0023520"
"6063","2138","2","3","12","19","31","1","426","55","78","C0023520"
"6064","3853","2","1","6","11","142","225","142","220","298","C0023520"
"6065","5080","2","3","3","19","221","321","428","541","667","C0023520"
"6066","4015","2","5","7","53","51","342","454","573","492","C0023520"
"6067","6295","2","3","4","68","45","272","427","518","621","C0023520"
"6068","6885","2","3","12","41","219","339","156","568","697","C0023520"
"6069","5195","2","3","5","43","161","305","409","208","482","C0023520"
"6070","1460","2","3","7","34","52","216","395","488","102","C0023520"
"6071","355","2","3","7","41","219","339","156","568","697","C0023520"
"6072","7317","2","3","12","41","116","268","434","468","213","C0023520"
"6073","1482","2","3","3","19","221","321","428","541","667","C0023520"
"6074","3425","2","3","5","80","81","166","454","573","492","C0023520"
"6075","1280","2","5","7","53","51","342","454","573","492","C0023520"
"6076","23384","2","3","12","63","45","184","103","572","658","C0023520"
"6077","1758","2","5","7","53","51","342","454","573","492","C0023532"
"6078","221037","2","3","12","19","31","118","155","287","116","C0023532"
"6079","7048","2","5","7","53","51","342","259","423","389","C0023532"
"6080","8792","2","3","12","41","219","339","156","568","697","C0023532"
"6081","5745","2","5","4","68","96","326","427","548","672","C0023532"
"6082","2261","2","5","7","53","14","20","25","40","186","C0023532"
"6083","8985","2","5","7","53","51","342","454","573","492","C0023532"
"6084","4998","2","3","12","76","31","261","116","1","86","C0023532"
"6085","5781","2","5","7","53","14","20","25","40","186","C0023532"
"6086","8292","2","5","5","27","51","342","454","573","492","C0023532"
"6087","859","2","5","8","63","45","23","103","464","187","C0023532"
"6088","2033","2","3","12","19","31","1","91","433","118","C0023532"
"6089","7480","2","5","3","68","221","197","259","560","422","C0023532"
"6090","5308","2","3","3","19","221","321","428","541","667","C0023532"
"6091","5447","2","3","5","91","214","271","372","471","586","C0023532"
"6092","9031","2","3","12","19","31","1","426","55","78","C0023532"
"6093","6569","2","3","8","45","94","199","240","415","666","C0023532"
"6094","5255","2","3","7","34","45","23","103","464","187","C0023532"
"6095","9401","2","3","12","76","31","261","116","1","86","C0023532"
"6096","6138","2","3","2","110","85","237","433","547","671","C0023532"
"6097","1717","2","3","2","19","151","276","48","69","204","C0023601"
"6098","25978","2","3","2","48","57","110","141","359","462","C0023601"
"6099","5290","2","3","7","53","14","20","25","40","186","C0023601"
"6100","25970","2","5","7","53","14","20","25","40","116","C0023653"
"6101","7401","2","5","7","60","83","101","126","170","224","C0023653"
"6102","23314","2","3","3","19","221","321","428","541","667","C0023653"
"6103","5663","2","5","7","34","52","216","395","549","667","C0023653"
"6104","7403","2","3","12","19","31","1","426","55","78","C0023653"
"6105","3043","2","5","7","34","52","216","395","549","116","C0023772"
"6106","2175","2","3","12","19","31","261","116","1","86","C0023772"
"6107","50945","2","3","3","48","170","335","347","560","373","C0023772"
"6108","3814","2","5","4","68","96","326","427","548","672","C0023772"
"6109","360","2","3","5","80","81","166","397","374","486","C0023772"
"6110","5468","2","3","3","19","151","276","91","433","118","C0023772"
"6111","547","2","3","7","76","153","40","38","54","75","C0023787"
"6112","3578","2","5","7","53","70","99","25","543","290","C0023787"
"6113","5428","2","3","2","48","170","50","119","167","593","C0023787"
"6114","7124","2","3","12","41","219","339","156","568","697","C0023787"
"6115","4041","2","5","3","68","221","197","259","560","422","C0023787"
"6116","9414","2","5","7","42","36","71","177","223","219","C0023787"
"6117","2554","2","5","8","27","70","99","162","216","290","C0023787"
"6118","5728","2","3","5","80","81","339","156","568","605","C0023787"
"6119","6638","2","3","2","22","33","323","66","101","136","C0023787"
"6120","3592","2","5","7","53","51","119","25","489","416","C0023787"
"6121","8626","2","3","3","19","221","321","428","541","667","C0023787"
"6122","23462","2","3","12","19","31","143","428","236","667","C0023787"
"6123","10133","2","3","12","76","153","40","38","54","75","C0023787"
"6124","54585","2","3","12","76","153","76","38","54","75","C0023787"
"6125","6535","2","5","8","45","94","199","240","415","666","C0023787"
"6126","2896","2","5","7","34","52","216","395","549","674","C0023787"
"6127","27436","2","3","12","76","153","40","38","54","75","C0023787"
"6128","54949","2","3","2","48","170","50","119","444","556","C0023794"
"6129","10381","2","3","12","76","153","40","38","54","75","C0023794"
"6130","2706","2","3","12","76","153","40","38","54","75","C0023794"
"6131","4540","2","3","2","48","170","50","119","444","556","C0023794"
"6132","1299","2","5","7","53","51","342","454","573","492","C0023794"
"6133","4621","2","5","8","63","45","23","103","464","187","C0023794"
"6134","10686","2","5","6","42","36","71","177","64","219","C0023794"
"6135","5189","2","3","5","43","161","305","409","208","482","C0023794"
"6136","72","2","5","8","63","45","23","103","464","187","C0023794"
"6137","6654","2","5","7","60","54","24","30","46","72","C0023794"
"6138","51024","2","3","2","48","170","305","409","208","482","C0023794"
"6139","551","2","5","4","68","96","326","427","548","672","C0023794"
"6140","7415","2","3","7","34","52","216","395","536","445","C0023794"
"6141","2990","2","3","7","34","52","216","395","549","674","C0023794"
"6142","2737","2","3","12","19","116","321","428","54","667","C0023794"
"6143","58","2","5","8","63","45","23","103","464","187","C0023794"
"6144","2263","2","5","7","53","14","20","25","40","186","C0023794"
"6145","1629","2","3","2","67","92","293","55","75","311","C0023794"
"6146","3784","2","5","8","63","36","166","106","110","158","C0023794"
"6147","6648","2","3","2","95","151","160","378","173","229","C0023798"
"6148","2121","2","3","12","41","116","268","434","568","605","C0023798"
"6149","2812","2","5","7","53","51","342","454","573","492","C0023798"
"6150","9928","2","3","12","76","153","40","38","54","75","C0023798"
"6151","1301","2","5","7","53","51","342","454","573","492","C0023798"
"6152","4173","2","3","12","76","31","261","116","1","86","C0023798"
"6153","1736","2","3","2","110","85","237","433","547","671","C0023798"
"6154","2641","2","5","4","68","96","326","427","548","672","C0023798"
"6155","11255","2","5","4","68","96","326","427","548","672","C0023798"
"6156","7248","2","3","2","48","57","110","141","359","462","C0023798"
"6157","26191","2","5","7","53","14","20","25","40","186","C0023798"
"6158","3239","2","3","3","19","221","321","428","541","667","C0023798"
"6159","2131","2","3","2","74","58","112","148","181","416","C0023798"
"6160","5743","2","3","5","53","175","119","167","489","416","C0023817"
"6161","55215","2","3","12","76","31","261","116","1","86","C0023817"
"6162","1584","2","3","5","79","159","256","276","353","456","C0023827"
"6163","8514","2","5","7","34","52","216","395","549","674","C0023827"
"6164","3949","2","5","7","60","14","184","341","544","669","C0023827"
"6165","25937","2","3","12","19","36","143","177","236","321","C0023827"
"6166","7046","2","3","12","41","219","339","259","423","605","C0023860"
"6167","4117","2","5","7","53","14","20","34","540","68","C0023860"
"6168","81027","2","3","12","76","153","40","38","54","75","C0023882"
"6169","1499","2","3","12","19","221","197","259","560","422","C0023882"
"6170","1893","2","5","7","53","51","342","454","573","702","C0023882"
"6171","2260","2","5","7","53","14","20","25","40","186","C0023882"
"6172","3757","2","5","8","63","36","166","106","110","158","C0023882"
"6173","4359","2","5","7","53","51","342","454","573","492","C0023882"
"6174","23512","2","3","12","19","31","1","426","55","78","C0023882"
"6175","4041","2","5","3","68","221","197","259","560","422","C0023882"
"6176","3561","2","5","7","53","14","20","25","40","186","C0023882"
"6177","8557","2","5","8","63","45","23","103","464","187","C0023882"
"6178","1717","2","3","2","19","151","276","48","69","204","C0023882"
"6179","546","2","3","12","19","31","261","426","1","86","C0023882"
"6180","183","2","5","4","68","96","326","427","548","672","C0023882"
"6181","1482","2","3","3","19","221","321","428","541","667","C0023882"
"6182","959","2","5","7","53","51","119","395","549","674","C0023891"
"6183","11277","2","3","12","19","31","261","116","1","86","C0023891"
"6184","8481","2","3","12","76","153","40","38","54","75","C0023891"
"6185","22858","2","3","7","53","14","20","34","540","68","C0023891"
"6186","3848","2","5","7","34","52","225","142","220","298","C0023891"
"6187","7040","2","5","7","53","51","342","454","573","492","C0023891"
"6188","2245","2","5","7","60","54","24","30","46","72","C0023891"
"6189","2316","2","5","7","53","51","342","454","573","702","C0023891"
"6190","3897","2","5","7","53","51","335","444","560","373","C0023891"
"6191","604","2","3","12","19","151","276","91","489","416","C0023891"
"6192","10232","2","5","7","53","51","342","454","573","492","C0023891"
"6193","2588","2","3","7","34","52","216","395","549","674","C0023891"
"6194","2625","2","3","12","19","31","339","155","287","116","C0023891"
"6195","4000","2","3","12","26","105","178","226","297","156","C0023891"
"6196","114609","2","3","12","41","219","339","156","568","697","C0023891"
"6197","9582","2","3","12","76","153","40","38","54","75","C0023896"
"6198","3309","2","3","12","41","219","342","347","271","702","C0023896"
"6199","9533","2","3","2","19","31","1","426","55","78","C0023896"
"6200","9469","2","3","2","103","189","303","29","475","467","C0023897"
"6201","1301","2","5","7","53","51","342","454","573","492","C0023897"
"6202","27030","2","3","12","19","31","1","426","55","78","C0023897"
"6203","7399","2","5","7","53","51","342","454","573","492","C0023897"
"6204","5824","2","3","5","47","144","185","238","310","392","C0023897"
"6205","990","2","3","12","76","31","261","116","1","86","C0023897"
"6206","2184","2","3","5","76","153","138","236","332","407","C0023897"
"6207","54658","2","3","2","78","205","207","67","355","138","C0023897"
"6208","1026","2","3","12","19","31","1","116","489","416","C0023897"
"6209","546","2","3","12","19","31","261","426","1","86","C0023931"
"6210","249","2","3","5","27","51","335","444","560","373","C0023931"
"6211","3852","2","1","6","11","142","225","142","220","298","C0023976"
"6212","1340","2","3","2","48","170","50","141","359","462","C0023976"
"6213","9095","2","5","7","53","51","335","444","560","373","C0023976"
"6214","5922","2","5","7","60","54","24","30","46","72","C0023976"
"6215","4292","2","3","12","19","31","261","116","1","86","C0023976"
"6216","221","2","3","7","34","52","216","395","549","674","C0023976"
"6217","6905","2","3","12","76","153","40","38","54","75","C0023976"
"6218","26090","2","3","2","80","81","166","397","361","466","C0023976"
"6219","3291","2","3","2","69","83","101","94","133","318","C0024031"
"6220","8625","2","3","12","19","31","276","91","236","118","C0024031"
"6221","2733","2","3","2","22","33","323","66","101","664","C0024031"
"6222","8642","2","5","7","53","51","335","444","560","373","C0024031"
"6223","10518","2","3","2","22","170","50","119","444","556","C0024031"
"6224","773","2","5","8","27","36","166","341","223","628","C0024138"
"6225","3984","2","5","7","53","14","20","34","540","68","C0024138"
"6226","9321","2","3","12","76","153","40","38","54","203","C0024138"
"6227","2261","2","5","7","53","14","20","25","40","186","C0024138"
"6228","7737","2","3","12","22","33","268","434","468","213","C0024143"
"6229","8291","2","5","8","63","45","23","103","464","187","C0024143"
"6230","4137","2","3","7","27","36","150","341","223","628","C0024143"
"6231","9126","2","3","12","76","153","40","38","54","75","C0024143"
"6232","1499","2","3","12","19","221","197","259","560","422","C0024145"
"6233","8260","2","3","12","41","85","266","76","287","78","C0024145"
"6234","1960","2","5","3","27","151","276","91","433","118","C0024145"
"6235","3758","2","5","8","63","36","166","106","110","158","C0024205"
"6236","1184","2","5","8","63","45","23","34","464","187","C0024205"
"6237","23639","2","3","12","41","219","261","136","271","356","C0024205"
"6238","4978","2","5","7","27","51","335","444","560","373","C0024221"
"6239","5728","2","3","5","80","81","339","156","568","605","C0024221"
"6240","374654","2","3","12","76","153","40","38","54","75","C0024228"
"6241","123041","2","5","8","45","94","199","240","415","666","C0024228"
"6242","5376","2","5","7","53","51","342","454","573","492","C0024228"
"6243","54903","2","3","12","76","153","40","38","54","75","C0024228"
"6244","3209","2","3","3","19","221","321","428","541","667","C0024228"
"6245","8425","2","5","7","53","51","342","454","573","492","C0024228"
"6246","10060","2","3","8","41","45","23","423","464","445","C0024228"
"6247","5727","2","3","12","68","221","197","259","560","422","C0024228"
"6248","9782","2","3","2","22","33","323","66","101","136","C0024228"
"6249","7305","2","5","7","34","52","216","395","549","674","C0024228"
"6250","7374","2","3","12","19","31","261","116","1","86","C0024228"
"6251","9573","2","5","7","53","51","342","259","423","389","C0024228"
"6252","2702","2","3","12","76","153","40","38","54","75","C0024228"
"6253","50485","2","3","12","19","31","261","116","1","86","C0024228"
"6254","9533","2","3","2","19","31","1","426","55","78","C0024232"
"6255","2353","2","3","12","19","31","1","91","489","416","C0024232"
"6256","1071","2","5","7","53","51","342","454","573","492","C0024232"
"6257","1130","2","5","7","60","54","326","141","359","462","C0024232"
"6258","2916","2","5","4","68","96","326","427","548","672","C0024232"
"6259","7200","2","5","4","68","96","326","427","548","672","C0024232"
"6260","4647","2","5","7","60","83","101","126","170","224","C0024232"
"6261","1001","2","5","7","53","51","335","444","560","373","C0024232"
"6262","8643","2","5","3","68","221","197","259","560","422","C0024232"
"6263","617","2","3","2","48","170","50","304","167","593","C0024232"
"6264","4221","2","3","12","19","31","342","454","573","492","C0024232"
"6265","2990","2","3","7","34","52","216","395","549","674","C0024232"
"6266","27247","2","3","2","48","170","50","119","100","556","C0024232"
"6267","6583","2","3","2","85","36","107","139","186","654","C0024232"
"6268","5828","2","3","5","43","161","305","409","208","482","C0024236"
"6269","5308","2","3","3","19","221","321","428","541","667","C0024236"
"6270","401","2","3","3","19","221","321","428","541","667","C0024236"
"6271","10269","2","3","2","48","182","50","119","444","556","C0024236"
"6272","1123","2","5","7","60","54","24","30","46","72","C0024236"
"6273","26119","2","5","7","60","14","184","341","544","669","C0024236"
"6274","627","2","5","7","53","51","335","444","423","373","C0024236"
"6275","9051","2","5","7","60","14","20","25","40","215","C0024236"
"6276","6390","2","3","2","48","170","50","119","444","556","C0024236"
"6277","9096","2","5","7","53","51","335","259","560","373","C0024236"
"6278","2673","2","3","2","110","94","178","226","297","380","C0024236"
"6279","958","2","5","7","53","51","119","156","568","697","C0024236"
"6280","1277","2","5","7","53","51","342","454","573","492","C0024236"
"6281","1311","2","5","7","53","51","342","454","573","492","C0024236"
"6282","3814","2","5","4","68","96","326","427","548","672","C0024236"
"6283","3845","2","5","7","60","54","24","30","46","72","C0024236"
"6284","55343","2","3","4","68","69","306","410","520","639","C0024236"
"6285","79953","2","5","7","53","51","342","454","573","373","C0024236"
"6286","5727","2","3","12","68","221","197","259","560","422","C0024236"
"6287","6609","2","3","5","105","155","250","291","152","420","C0024236"
"6288","5075","2","3","3","19","221","321","428","541","667","C0024236"
"6289","8626","2","3","3","19","221","321","428","541","667","C0024236"
"6290","1584","2","3","5","79","159","256","276","353","456","C0024301"
"6291","715","2","5","7","53","51","119","395","549","674","C0024301"
"6292","54805","2","5","7","26","94","85","189","247","333","C0024301"
"6293","1593","2","3","5","79","152","273","157","333","277","C0024301"
"6294","10528","2","3","2","110","85","237","433","547","671","C0024301"
"6295","4306","2","3","3","19","151","276","91","433","118","C0024301"
"6296","5551","2","5","7","53","51","119","395","549","674","C0024301"
"6297","5156","2","5","7","53","14","20","25","40","186","C0024301"
"6298","7314","2","3","12","41","219","261","409","208","482","C0024301"
"6299","6473","2","3","3","19","221","321","428","541","667","C0024301"
"6300","6910","2","3","12","19","51","335","444","560","373","C0024301"
"6301","3712","2","3","2","48","170","50","119","444","556","C0024301"
"6302","7518","2","3","12","19","31","261","116","1","86","C0024301"
"6303","3561","2","5","7","53","14","20","25","40","186","C0024301"
"6304","8878","2","3","12","41","219","339","156","568","697","C0024301"
"6305","5468","2","3","3","19","151","276","91","433","118","C0024301"
"6306","3776","2","5","8","63","36","166","106","110","158","C0024301"
"6307","5191","2","3","5","43","161","305","409","208","482","C0024305"
"6308","10013","2","3","12","19","31","143","91","236","311","C0024305"
"6309","8878","2","3","12","41","219","339","156","568","697","C0024305"
"6310","3077","2","5","7","53","51","119","395","549","674","C0024305"
"6311","2072","2","3","12","19","31","261","116","1","86","C0024305"
"6312","7353","2","3","12","41","219","339","156","568","605","C0024305"
"6313","8481","2","3","12","76","153","40","38","54","75","C0024305"
"6314","11010","2","5","7","34","52","216","395","549","674","C0024305"
"6315","4867","2","5","7","76","153","40","38","54","75","C0024305"
"6316","23503","2","3","6","11","142","225","142","220","298","C0024305"
"6317","7259","2","3","12","19","31","1","426","55","78","C0024305"
"6318","4853","2","3","12","19","124","143","428","236","667","C0024305"
"6319","29899","2","5","4","68","96","326","427","548","672","C0024305"
"6320","4540","2","3","2","48","170","50","119","444","556","C0024305"
"6321","22995","2","3","12","76","153","40","38","54","75","C0024305"
"6322","25793","2","3","12","41","116","268","434","468","213","C0024305"
"6323","1302","2","5","7","53","51","342","454","573","492","C0024305"
"6324","5155","2","5","7","53","51","342","454","573","186","C0024305"
"6325","22858","2","3","7","53","14","20","34","540","68","C0024305"
"6326","26191","2","5","7","53","14","20","25","40","186","C0024305"
"6327","207","2","3","7","53","14","20","34","489","416","C0024305"
"6328","59","2","5","8","63","45","23","103","464","187","C0024305"
"6329","5832","2","3","2","101","62","189","182","509","252","C0024314"
"6330","5428","2","3","2","48","170","50","119","167","593","C0024314"
"6331","6687","2","3","2","48","170","50","119","444","593","C0024314"
"6332","2022","2","5","7","53","51","342","259","423","389","C0024314"
"6333","22931","2","5","7","34","54","24","30","46","72","C0024314"
"6334","23414","2","3","12","19","31","118","155","287","116","C0024419"
"6335","4000","2","3","12","26","105","178","226","297","156","C0024437"
"6336","1432","2","3","7","34","52","216","34","540","68","C0024437"
"6337","2033","2","3","12","19","31","1","91","433","118","C0024437"
"6338","4914","2","3","2","22","18","266","202","252","252","C0024437"
"6339","5015","2","3","3","19","221","321","428","541","667","C0024437"
"6340","6392","2","3","2","48","170","50","119","444","556","C0024437"
"6341","775","2","5","8","63","36","166","341","223","158","C0024437"
"6342","5648","2","5","7","53","51","119","395","549","674","C0024437"
"6343","8243","2","3","12","76","31","40","38","54","75","C0024437"
"6344","2200","2","5","7","53","51","342","454","573","492","C0024437"
"6345","55630","2","3","5","27","81","99","162","216","290","C0024437"
"6346","7290","2","3","12","19","31","1","426","55","78","C0024437"
"6347","6391","2","3","2","48","170","50","119","444","556","C0024437"
"6348","152330","2","5","7","27","51","335","444","560","373","C0024437"
"6349","4261","2","3","12","53","184","119","156","287","116","C0024437"
"6350","3845","2","5","7","60","54","24","30","46","72","C0024437"
"6351","4233","2","5","7","53","14","20","25","40","186","C0024440"
"6352","9031","2","3","12","19","31","1","426","55","78","C0024440"
"6353","10815","2","5","7","60","36","71","341","223","666","C0024454"
"6354","54567","2","5","7","53","51","143","428","236","667","C0024454"
"6355","4488","2","3","3","19","221","321","428","541","667","C0024507"
"6356","5818","2","5","7","53","51","335","444","560","373","C0024507"
"6357","29920","2","3","2","101","62","189","182","497","617","C0024517"
"6358","367","2","3","12","19","31","276","91","433","118","C0024517"
"6359","6017","2","3","2","69","83","101","126","170","224","C0024517"
"6360","22854","2","5","5","27","51","335","444","560","373","C0024517"
"6361","1280","2","5","7","53","51","342","454","573","492","C0024517"
"6362","2261","2","5","7","53","14","20","25","40","186","C0024517"
"6363","367","2","3","12","19","31","276","91","433","118","C0024517"
"6364","8085","2","3","12","19","31","1","426","55","78","C0024517"
"6365","538","2","3","8","63","45","23","103","464","187","C0024517"
"6366","3561","2","5","7","53","14","20","25","40","186","C0024530"
"6367","7809","2","5","8","63","45","23","34","464","187","C0024530"
"6368","29887","2","3","7","60","18","110","141","198","270","C0024530"
"6369","65217","2","5","7","53","51","335","444","560","373","C0024530"
"6370","22995","2","3","12","76","153","40","38","54","75","C0024530"
"6371","10020","2","3","2","89","124","204","42","452","258","C0024530"
"6372","2260","2","5","7","53","14","20","25","40","186","C0024530"
"6373","3798","2","3","7","76","153","40","38","54","75","C0024530"
"6374","2736","2","3","12","41","116","321","428","54","667","C0024530"
"6375","6521","2","5","8","35","41","199","40","415","666","C0024530"
"6376","4598","2","3","2","19","151","276","198","259","427","C0024530"
"6377","10312","2","3","7","34","52","216","395","549","674","C0024530"
"6378","3122","2","5","7","53","184","119","156","287","116","C0024530"
"6379","55149","2","3","2","110","221","321","428","167","593","C0024530"
"6380","351","2","5","4","68","96","326","188","145","193","C0024530"
"6381","4255","2","3","12","19","31","261","116","1","86","C0024530"
"6382","2697","2","3","7","76","153","40","38","54","75","C0024535"
"6383","547","2","3","7","76","153","40","38","54","75","C0024535"
"6384","816","2","5","7","53","14","20","34","540","68","C0024535"
"6385","6845","2","5","7","60","14","184","341","544","669","C0024591"
"6386","5663","2","5","7","34","52","216","395","549","667","C0024591"
"6387","492","2","3","8","63","45","23","103","464","187","C0024591"
"6388","9241","2","5","7","53","51","342","259","423","389","C0024591"
"6389","2969","2","3","12","19","31","276","91","433","118","C0024591"
"6390","10479","2","5","7","27","36","150","341","223","628","C0024591"
"6391","1376","2","3","2","19","151","276","91","433","118","C0024591"
"6392","3337","2","3","12","41","219","339","347","271","356","C0024591"
"6393","8838","2","5","7","53","51","342","259","423","389","C0024591"
"6394","9150","2","3","12","19","31","261","116","159","211","C0024591"
"6395","84530","2","5","2","22","33","323","66","101","136","C0024689"
"6396","5972","2","5","5","34","52","216","397","418","568","C0024689"
"6397","55624","2","3","2","78","123","194","255","215","412","C0024776"
"6398","5626","2","3","3","19","221","321","428","541","667","C0024776"
"6399","7468","2","3","12","19","31","1","426","55","78","C0024776"
"6400","8813","2","3","2","48","116","142","136","280","363","C0024776"
"6401","5224","2","3","5","90","167","266","367","500","577","C0024776"
"6402","112476","2","3","2","48","170","50","119","444","556","C0024790"
"6403","5168","2","3","5","32","93","163","207","324","415","C0024790"
"6404","9723","2","5","7","53","51","342","79","560","373","C0024790"
"6405","4893","2","5","7","34","52","24","30","46","72","C0024796"
"6406","367","2","3","12","19","31","276","91","433","118","C0024796"
"6407","3106","2","5","7","34","52","119","395","549","674","C0024796"
"6408","6469","2","5","3","53","221","197","259","560","422","C0024796"
"6409","283989","2","3","12","22","33","323","66","101","664","C0024796"
"6410","2317","2","5","7","63","45","23","103","287","664","C0024796"
"6411","5191","2","3","5","43","161","305","409","208","482","C0024796"
"6412","6885","2","3","12","41","219","339","156","568","697","C0024796"
"6413","1535","2","5","7","34","52","216","395","549","674","C0024796"
"6414","2720","2","3","7","34","52","216","395","21","599","C0024809"
"6415","2294","2","3","3","19","221","321","428","541","667","C0024809"
"6416","25793","2","3","12","41","116","268","434","468","213","C0024809"
"6417","3767","2","5","8","63","36","166","106","110","158","C0024809"
"6418","4436","2","3","12","19","31","261","116","1","86","C0024809"
"6419","1291","2","5","7","53","51","342","454","573","492","C0024809"
"6420","4361","2","3","12","19","31","261","116","1","86","C0024809"
"6421","1026","2","3","12","19","31","1","116","489","416","C0024809"
"6422","1584","2","3","5","79","159","256","276","353","456","C0024809"
"6423","10225","2","5","7","53","51","119","395","549","674","C0024809"
"6424","25836","2","3","12","76","153","40","38","54","75","C0024809"
"6425","5092","2","3","5","80","81","166","236","308","390","C0024809"
"6426","50943","2","3","12","19","31","1","426","129","131","C0024809"
"6427","26137","2","5","7","63","45","184","103","572","658","C0024809"
"6428","22954","2","3","12","41","116","268","434","468","213","C0024809"
"6429","950","2","5","7","60","14","184","341","544","669","C0024809"
"6430","8540","2","3","5","43","161","305","409","208","482","C0024809"
"6431","7132","2","3","12","41","219","339","156","568","697","C0024809"
"6432","348","2","5","7","53","51","342","454","573","492","C0024809"
"6433","3090","2","3","12","19","31","1","426","55","664","C0024809"
"6434","196","2","3","3","19","151","276","91","433","118","C0024809"
"6435","440","2","3","2","101","62","189","182","509","154","C0024809"
"6436","5159","2","5","7","53","14","20","25","40","186","C0024809"
"6437","5373","2","3","2","90","167","123","158","207","278","C0024809"
"6438","4669","2","3","5","80","81","166","454","453","492","C0024809"
"6439","6774","2","3","12","53","14","276","25","489","416","C0024809"
"6440","26191","2","5","7","53","14","20","25","40","186","C0024809"
"6441","5077","2","3","3","19","221","321","428","541","667","C0024809"
"6442","8626","2","3","3","19","221","321","428","541","667","C0024809"
"6443","11132","2","5","7","53","51","342","454","573","492","C0024809"
"6444","5465","2","3","3","19","151","276","91","433","118","C0024809"
"6445","4920","2","5","7","53","14","20","259","560","373","C0024809"
"6446","51085","2","3","2","48","57","110","141","359","462","C0024809"
"6447","4976","2","3","2","48","170","50","119","444","556","C0024899"
"6448","7248","2","3","2","48","57","110","141","359","462","C0024899"
"6449","9742","2","3","12","76","153","40","38","54","75","C0024904"
"6450","10161","2","5","4","68","96","326","427","548","672","C0024904"
"6451","5076","2","3","3","19","221","321","428","541","667","C0024904"
"6452","2778","2","5","4","68","96","326","427","548","672","C0025037"
"6453","5238","2","3","2","80","141","221","111","385","501","C0025037"
"6454","9409","2","3","5","43","161","305","409","208","482","C0025037"
"6455","2776","2","5","4","68","96","326","427","548","672","C0025037"
"6456","7015","2","3","12","19","31","1","426","55","78","C0025037"
"6457","8540","2","3","5","43","161","305","409","208","482","C0025160"
"6458","10815","2","5","7","60","36","71","341","223","666","C0025160"
"6459","1906","2","5","4","68","96","326","427","548","672","C0025160"
"6460","5080","2","3","3","19","221","321","428","541","667","C0025160"
"6461","6622","2","3","7","27","36","150","341","223","628","C0025160"
"6462","331","2","3","12","41","219","339","156","568","697","C0025160"
"6463","23394","2","3","12","19","31","335","444","236","373","C0025160"
"6464","4261","2","3","12","53","184","119","156","287","116","C0025160"
"6465","6928","2","3","3","19","221","321","428","541","667","C0025160"
"6466","7169","2","5","8","63","45","23","103","464","187","C0025160"
"6467","5159","2","5","7","53","14","20","25","40","186","C0025160"
"6468","3991","2","3","5","80","81","166","57","83","658","C0025160"
"6469","2218","2","5","2","53","123","194","255","560","373","C0025160"
"6470","1029","2","3","12","19","31","1","116","1","664","C0025160"
"6471","55703","2","3","2","22","33","261","116","159","211","C0025160"
"6472","4000","2","3","12","26","105","178","226","297","156","C0025160"
"6473","3691","2","5","7","53","51","342","454","573","492","C0025160"
"6474","4233","2","5","7","53","14","20","25","40","186","C0025160"
"6475","9939","2","3","2","22","33","323","66","101","136","C0025160"
"6476","55651","2","3","2","110","85","237","433","547","671","C0025160"
"6477","26012","2","3","12","19","31","261","116","159","211","C0025160"
"6478","4352","2","5","7","53","14","20","25","40","186","C0025160"
"6479","9885","2","3","3","50","151","276","91","321","255","C0025160"
"6480","6913","2","3","3","19","221","321","428","541","667","C0025160"
"6481","8518","2","3","12","19","31","1","426","55","78","C0025160"
"6482","6338","2","5","8","63","45","23","34","464","187","C0025160"
"6483","6329","2","5","8","63","36","166","341","390","158","C0025160"
"6484","5192","2","3","5","43","161","305","409","208","482","C0025160"
"6485","55650","2","3","2","61","77","142","176","235","557","C0025205"
"6486","5345","2","5","7","53","51","342","454","573","702","C0025205"
"6487","579","2","3","3","19","221","321","428","541","667","C0025205"
"6488","7018","2","5","7","53","51","342","454","573","669","C0025222"
"6489","387","2","5","7","60","54","24","30","46","72","C0025222"
"6490","5495","2","3","12","41","219","339","347","287","664","C0025267"
"6491","344","2","5","7","53","51","342","454","573","492","C0025267"
"6492","8322","2","5","3","68","221","184","259","544","669","C0025267"
"6493","6662","2","3","3","19","221","321","428","541","667","C0025267"
"6494","4015","2","5","7","53","51","342","454","573","492","C0025267"
"6495","10082","2","3","2","74","51","342","454","573","492","C0025286"
"6496","6556","2","3","7","34","52","216","395","549","674","C0025286"
"6497","3814","2","5","4","68","96","326","427","548","672","C0025286"
"6498","9150","2","3","12","19","31","261","116","159","211","C0025286"
"6499","54808","2","3","12","76","153","40","38","54","75","C0025286"
"6500","2006","2","5","7","53","51","342","454","573","492","C0025286"
"6501","11113","2","5","7","53","14","20","34","540","68","C0025286"
"6502","55209","2","3","12","11","142","225","142","220","298","C0025286"
"6503","650","2","5","7","53","51","342","259","423","389","C0025286"
"6504","10232","2","5","7","53","51","342","454","573","492","C0025286"
"6505","1758","2","5","7","53","51","342","454","573","492","C0025286"
"6506","9343","2","3","2","22","33","323","66","101","136","C0025286"
"6507","10262","2","3","2","22","33","323","66","101","136","C0025286"
"6508","134728","2","3","12","41","219","339","156","568","697","C0025286"
"6509","4909","2","5","7","53","51","335","259","423","373","C0025286"
"6510","6786","2","5","8","63","45","23","103","464","187","C0025286"
"6511","5940","2","3","2","22","33","323","66","101","136","C0025286"
"6512","5566","2","3","12","76","14","20","34","540","75","C0025286"
"6513","54880","2","3","12","19","31","1","426","55","78","C0025286"
"6514","4089","2","3","12","19","219","339","259","423","605","C0025286"
"6515","22953","2","5","8","63","45","23","306","390","158","C0025286"
"6516","2261","2","5","7","53","14","20","25","40","186","C0025286"
"6517","673","2","5","7","53","14","20","34","540","68","C0025286"
"6518","5216","2","5","7","76","153","342","38","54","702","C0025289"
"6519","10847","2","3","12","19","31","1","426","55","78","C0025289"
"6520","8626","2","3","3","19","221","321","428","541","667","C0025289"
"6521","7169","2","5","8","63","45","23","103","464","187","C0025289"
"6522","7840","2","3","12","76","153","40","38","54","75","C0025289"
"6523","396","2","5","7","60","54","24","30","46","72","C0025289"
"6524","9401","2","3","12","76","31","261","116","1","86","C0025289"
"6525","271","2","3","5","33","6","241","233","304","386","C0025289"
"6526","673","2","5","7","53","14","20","34","540","68","C0025289"
"6527","673","2","5","7","53","14","20","34","540","68","C0025289"
"6528","5889","2","3","12","19","31","261","116","1","86","C0025289"
"6529","23090","2","3","12","19","151","276","91","433","118","C0025289"
"6530","8517","2","3","12","41","219","339","156","568","697","C0025289"
"6531","673","2","5","7","53","14","20","34","540","68","C0025289"
"6532","7498","2","3","5","80","157","187","159","209","282","C0025289"
"6533","6663","2","3","3","19","221","321","428","541","667","C0025289"
"6534","3035","2","3","2","110","85","237","433","547","154","C0025289"
"6535","3651","2","3","3","19","221","321","428","541","667","C0025289"
"6536","358","2","3","5","80","81","166","397","374","486","C0025289"
"6537","5194","2","3","5","43","161","305","409","208","482","C0025289"
"6538","9723","2","5","7","53","51","342","79","560","373","C0025289"
"6539","4137","2","3","7","27","36","150","341","223","628","C0025289"
"6540","9640","2","3","12","19","31","261","116","159","211","C0025289"
"6541","2653","2","3","2","67","104","214","234","306","388","C0025289"
"6542","6197","2","3","12","19","14","20","34","540","68","C0025289"
"6543","4233","2","5","7","53","14","20","25","40","186","C0025289"
"6544","9829","2","5","7","60","14","184","341","544","669","C0025289"
"6545","5077","2","3","3","19","221","321","428","541","667","C0025290"
"6546","2099","2","3","12","19","151","276","91","433","118","C0025290"
"6547","5230","2","3","12","72","167","266","367","500","577","C0025294"
"6548","3832","2","3","12","76","153","40","38","54","75","C0025294"
"6549","8314","2","3","12","41","31","1","426","55","78","C0025294"
"6550","5506","2","3","12","76","137","76","136","82","658","C0025299"
"6551","4952","2","3","5","60","54","184","30","544","669","C0025299"
"6552","875","2","3","5","80","137","44","21","451","316","C0025299"
"6553","9871","2","3","7","60","153","40","38","54","203","C0025303"
"6554","1954","2","5","7","53","51","342","454","573","492","C0025303"
"6555","8451","2","3","12","41","116","268","434","468","213","C0025303"
"6556","5859","2","3","2","110","85","237","433","547","154","C0025303"
"6557","1621","2","3","5","53","51","239","333","422","537","C0025312"
"6558","9343","2","3","2","22","33","323","66","101","136","C0025312"
"6559","5193","2","3","5","43","161","305","409","208","482","C0025312"
"6560","83715","2","5","12","60","14","184","103","489","117","C0025312"
"6561","477","2","3","8","63","45","23","103","464","187","C0025312"
"6562","286077","2","3","12","76","153","40","38","54","75","C0025312"
"6563","2073","2","3","12","19","31","261","116","1","86","C0025322"
"6564","2645","2","3","2","90","167","266","367","101","664","C0025322"
"6565","8835","2","3","12","41","116","268","434","468","213","C0025322"
"6566","7994","2","3","12","19","31","1","426","55","78","C0025322"
"6567","1289","2","5","7","53","51","342","454","573","492","C0025322"
"6568","4893","2","5","7","34","52","24","30","46","72","C0025322"
"6569","1594","2","3","5","92","163","96","363","460","487","C0025322"
"6570","10371","2","5","7","53","51","342","79","560","373","C0025322"
"6571","6469","2","5","3","53","221","197","259","560","422","C0025322"
"6572","6535","2","5","8","45","94","199","240","415","666","C0025322"
"6573","5429","2","3","12","19","31","261","116","1","86","C0025322"
"6574","1387","2","3","12","19","31","276","91","433","118","C0025322"
"6575","1586","2","3","5","79","98","256","335","425","540","C0025322"
"6576","3549","2","5","3","53","51","197","259","560","422","C0025322"
"6577","7133","2","5","7","34","52","216","395","549","697","C0025322"
"6578","7043","2","5","7","53","51","342","454","573","492","C0025322"
"6579","3756","2","5","8","63","36","166","106","110","158","C0025322"
"6580","54714","2","5","8","63","36","166","106","110","158","C0025322"
"6581","4541","2","3","2","48","170","50","119","444","24","C0025322"
"6582","1836","2","3","2","35","41","94","260","330","375","C0025322"
"6583","7415","2","3","7","34","52","216","395","536","445","C0025322"
"6584","207","2","3","7","53","14","20","34","489","416","C0025322"
"6585","5443","2","5","4","68","96","326","427","548","672","C0025322"
"6586","7474","2","5","3","68","221","184","259","544","669","C0025322"
"6587","3077","2","5","7","53","51","119","395","549","674","C0025323"
"6588","5077","2","3","3","19","221","321","428","541","667","C0025323"
"6589","27316","2","3","2","22","33","323","66","101","136","C0025323"
"6590","6331","2","5","8","63","36","166","341","223","158","C0025323"
"6591","81839","2","3","2","41","36","71","259","64","422","C0025323"
"6592","1031","2","3","12","19","31","1","426","55","78","C0025323"
"6593","857","2","5","7","53","45","23","57","83","422","C0025323"
"6594","410","2","3","7","34","52","216","395","549","674","C0025323"
"6595","4010","2","3","3","19","221","321","428","541","667","C0025323"
"6596","6299","2","3","12","19","221","321","428","541","667","C0025323"
"6597","3218","2","3","3","19","221","321","428","541","667","C0025323"
"6598","6772","2","3","12","53","184","119","156","287","116","C0025323"
"6599","538","2","3","8","63","45","23","103","464","187","C0025323"
"6600","338","2","5","7","53","51","342","454","573","492","C0025323"
"6601","19","2","3","3","19","151","276","91","433","118","C0025323"
"6602","4221","2","3","12","19","31","342","454","573","492","C0025323"
"6603","4613","2","3","12","19","31","1","426","55","78","C0025323"
"6604","7051","2","1","6","11","142","225","142","220","298","C0025472"
"6605","1497","2","5","2","63","182","50","103","297","628","C0025472"
"6606","3611","2","5","7","53","14","20","103","188","701","C0025517"
"6607","6323","2","5","8","63","36","166","341","390","158","C0025517"
"6608","51259","2","3","2","76","153","40","38","54","75","C0025517"
"6609","7317","2","3","12","41","116","268","434","468","213","C0025517"
"6610","8200","2","5","7","53","51","342","259","423","389","C0025517"
"6611","6775","2","5","7","53","14","119","25","40","186","C0025517"
"6612","415","2","3","5","105","155","250","291","152","420","C0025517"
"6613","55612","2","5","7","60","36","71","177","560","701","C0025517"
"6614","23522","2","3","12","19","31","1","426","55","78","C0025517"
"6615","3329","2","3","2","48","170","50","304","167","593","C0025521"
"6616","668","2","3","12","19","221","321","428","541","664","C0025521"
"6617","1021","2","3","12","19","31","1","426","55","78","C0025521"
"6618","3119","2","5","7","53","153","119","156","287","116","C0025521"
"6619","6696","2","5","7","53","51","342","454","573","492","C0025521"
"6620","1719","2","3","2","76","153","40","116","54","75","C0025521"
"6621","5727","2","3","12","68","221","197","259","560","422","C0025521"
"6622","4935","2","5","4","68","96","326","427","548","672","C0025521"
"6623","79955","2","5","7","42","36","71","177","223","219","C0025521"
"6624","3664","2","5","7","53","184","119","156","287","116","C0025521"
"6625","2316","2","5","7","53","51","342","454","573","702","C0025521"
"6626","1639","2","3","12","76","153","40","38","54","75","C0025521"
"6627","1031","2","3","12","19","31","1","426","55","78","C0025521"
"6628","55315","2","3","5","80","81","296","62","94","150","C0025521"
"6629","3845","2","5","7","60","54","24","30","46","72","C0025521"
"6630","3558","2","5","7","53","14","20","25","40","186","C0025521"
"6631","23230","2","5","7","11","142","71","341","560","219","C0025568"
"6632","5290","2","3","7","53","14","20","25","40","186","C0025568"
"6633","54453","2","5","7","60","54","24","30","46","72","C0025568"
"6634","23411","2","3","12","19","31","1","91","433","118","C0025637"
"6635","8557","2","5","8","63","45","23","103","464","187","C0025637"
"6636","1281","2","5","7","53","51","342","454","573","492","C0025637"
"6637","4286","2","3","12","19","31","261","116","1","664","C0025637"
"6638","5915","2","3","3","19","151","276","91","433","118","C0025637"
"6639","427","2","3","7","34","52","216","395","549","420","C0025637"
"6640","5728","2","3","5","80","81","339","156","568","605","C0025958"
"6641","3955","2","5","8","89","124","143","428","236","667","C0025958"
"6642","1280","2","5","7","53","51","342","454","573","492","C0025958"
"6643","2043","2","5","7","53","14","20","25","560","373","C0025958"
"6644","51715","2","5","7","60","54","24","30","46","72","C0025958"
"6645","6341","2","3","2","48","170","50","119","444","556","C0025958"
"6646","5156","2","5","7","53","14","20","25","40","186","C0025958"
"6647","10087","2","3","7","50","47","39","100","321","255","C0025958"
"6648","3561","2","5","7","53","14","20","25","40","186","C0025958"
"6649","8242","2","3","12","19","31","1","426","55","78","C0025958"
"6650","1536","2","5","7","34","52","216","395","549","674","C0025958"
"6651","3728","2","5","7","34","52","225","142","220","298","C0025958"
"6652","8314","2","3","12","41","31","1","426","55","78","C0025958"
"6653","22978","2","3","5","80","81","296","373","341","150","C0025958"
"6654","6197","2","3","12","19","14","20","34","540","68","C0025958"
"6655","3239","2","3","3","19","221","321","428","541","667","C0025958"
"6656","1910","2","5","4","68","96","326","427","548","672","C0025958"
"6657","5731","2","5","4","68","96","326","427","548","672","C0025958"
"6658","2260","2","5","7","53","14","20","25","40","186","C0025958"
"6659","1302","2","5","7","53","51","342","454","573","492","C0025958"
"6660","10913","2","3","12","41","219","339","156","568","697","C0025958"
"6661","585","2","3","12","76","153","40","38","54","75","C0025958"
"6662","84662","2","3","12","19","31","330","214","454","144","C0025958"
"6663","4507","2","3","5","80","81","296","399","572","702","C0025958"
"6664","6496","2","3","3","19","221","321","428","541","667","C0025958"
"6665","8022","2","3","3","110","85","321","428","541","667","C0025988"
"6666","3694","2","5","7","53","51","342","454","573","492","C0025988"
"6667","6712","2","5","7","60","153","40","341","223","203","C0025988"
"6668","2218","2","5","2","53","123","194","255","560","373","C0025988"
"6669","4323","2","5","7","53","51","342","454","573","492","C0025988"
"6670","3078","2","5","7","53","51","119","395","549","674","C0025988"
"6671","9829","2","5","7","60","14","184","341","544","669","C0025988"
"6672","55135","2","3","12","76","137","76","136","472","435","C0025988"
"6673","1789","2","3","12","19","31","1","426","55","78","C0025988"
"6674","2175","2","3","12","19","31","261","116","1","86","C0025988"
"6675","6575","2","3","8","45","94","199","240","415","666","C0026205"
"6676","5551","2","5","7","53","51","119","395","549","674","C0026205"
"6677","4125","2","3","7","34","52","216","395","549","674","C0026205"
"6678","1277","2","5","7","53","51","342","454","573","492","C0026205"
"6679","10320","2","5","7","19","119","143","214","236","389","C0026205"
"6680","990","2","3","12","76","31","261","116","1","86","C0026205"
"6681","5605","2","5","7","53","14","20","34","540","68","C0026266"
"6682","4935","2","5","4","68","96","326","427","548","672","C0026266"
"6683","6309","2","3","5","19","151","76","48","69","204","C0026266"
"6684","29119","2","5","7","11","51","335","444","560","373","C0026266"
"6685","7305","2","5","7","34","52","216","395","549","674","C0026266"
"6686","4851","2","3","12","19","221","143","428","236","667","C0026266"
"6687","4693","2","5","7","53","51","342","454","573","492","C0026266"
"6688","695","2","5","7","53","14","20","25","40","186","C0026266"
"6689","4843","2","3","5","43","161","305","409","489","416","C0026266"
"6690","5447","2","3","5","91","214","271","372","471","586","C0026266"
"6691","4524","2","3","2","15","166","104","369","117","583","C0026266"
"6692","50717","2","3","12","41","116","268","434","468","213","C0026266"
"6693","801","2","5","8","63","45","23","103","464","187","C0026266"
"6694","26191","2","5","7","53","14","20","25","40","186","C0026266"
"6695","23438","2","3","2","110","85","67","76","252","154","C0026266"
"6696","5428","2","3","2","48","170","50","119","167","593","C0026266"
"6697","8314","2","3","12","41","31","1","426","55","78","C0026266"
"6698","3651","2","3","3","19","221","321","428","541","667","C0026266"
"6699","8869","2","3","2","89","124","204","272","347","451","C0026266"
"6700","26278","2","3","12","41","116","268","347","271","356","C0026266"
"6701","54806","2","5","7","76","153","40","38","54","75","C0026266"
"6702","7415","2","3","7","34","52","216","395","536","445","C0026266"
"6703","5194","2","3","5","43","161","305","409","208","482","C0026266"
"6704","9786","2","3","12","76","153","40","38","54","75","C0026266"
"6705","5727","2","3","12","68","221","197","259","560","422","C0026266"
"6706","3651","2","3","3","19","221","321","428","541","667","C0026266"
"6707","5728","2","3","5","80","81","339","156","568","605","C0026266"
"6708","10000","2","5","7","53","14","20","34","540","68","C0026266"
"6709","6531","2","5","8","45","94","199","240","415","666","C0026266"
"6710","4851","2","3","12","19","221","143","428","236","667","C0026266"
"6711","5155","2","5","7","53","51","342","454","573","186","C0026266"
"6712","6335","2","5","8","63","36","166","341","390","158","C0026266"
"6713","8822","2","5","7","53","14","20","25","40","186","C0026266"
"6714","7415","2","3","7","34","52","216","395","536","445","C0026269"
"6715","6335","2","5","8","63","36","166","341","390","158","C0026269"
"6716","6335","2","5","8","63","36","166","341","390","158","C0026269"
"6717","6891","2","3","12","41","116","119","156","568","116","C0026269"
"6718","1499","2","3","12","19","221","197","259","560","422","C0026269"
"6719","2317","2","5","7","63","45","23","103","287","664","C0026351"
"6720","4137","2","3","7","27","36","150","341","223","628","C0026351"
"6721","7276","2","5","7","34","52","216","395","549","674","C0026351"
"6722","2074","2","3","12","19","31","1","426","55","78","C0026351"
"6723","3627","2","5","4","68","96","326","427","548","672","C0026351"
"6724","5063","2","5","7","53","14","20","34","540","68","C0026351"
"6725","51098","2","3","12","76","153","40","38","54","75","C0026351"
"6726","1513","2","5","7","53","51","342","454","573","492","C0026351"
"6727","9652","2","3","2","110","85","237","433","547","671","C0026351"
"6728","7468","2","3","12","19","31","1","426","55","78","C0026351"
"6729","2071","2","3","12","19","31","261","116","159","211","C0026351"
"6730","4627","2","5","7","63","45","184","103","572","658","C0026351"
"6731","51816","2","5","7","34","52","216","395","549","674","C0026351"
"6732","3785","2","5","8","63","36","166","106","110","158","C0026351"
"6733","2720","2","3","7","34","52","216","395","21","599","C0026351"
"6734","27077","2","3","12","76","153","40","38","54","75","C0026351"
"6735","10436","2","3","2","110","85","237","433","547","671","C0026351"
"6736","1161","2","3","12","41","116","268","434","468","213","C0026351"
"6737","7468","2","3","12","19","31","1","426","55","78","C0026351"
"6738","6337","2","5","8","63","45","23","34","464","187","C0026351"
"6739","973","2","5","7","53","14","20","25","40","186","C0026351"
"6740","2071","2","3","12","19","31","261","116","159","211","C0026351"
"6741","672","2","3","12","19","31","261","116","1","86","C0026351"
"6742","4693","2","5","7","53","51","342","454","573","492","C0026351"
"6743","6648","2","3","2","95","151","160","378","173","229","C0026351"
"6744","7422","2","5","7","53","51","342","454","573","702","C0026351"
"6745","3557","2","3","12","41","219","339","156","568","697","C0026351"
"6746","9897","2","3","12","76","18","75","38","1","212","C0026351"
"6747","23534","2","3","2","22","33","323","66","101","136","C0026552"
"6748","5193","2","3","5","43","161","305","409","208","482","C0026552"
"6749","3664","2","5","7","53","184","119","156","287","116","C0026552"
"6750","2074","2","3","12","19","31","1","426","55","78","C0026552"
"6751","1312","2","3","2","87","79","105","426","129","25","C0026552"
"6752","51360","2","3","3","26","35","276","91","433","203","C0026552"
"6753","4547","2","5","7","53","51","342","454","573","492","C0026552"
"6754","1536","2","5","7","34","52","216","395","549","674","C0026613"
"6755","6863","2","5","4","68","96","326","427","548","672","C0026613"
"6756","3425","2","3","5","80","81","166","454","573","492","C0026613"
"6757","2261","2","5","7","53","14","20","25","40","186","C0026613"
"6758","4214","2","3","12","41","219","339","34","540","117","C0026613"
"6759","5830","2","3","5","43","161","305","409","208","482","C0026613"
"6760","9056","2","3","8","45","94","199","240","415","666","C0026613"
"6761","2562","2","5","8","27","70","99","162","216","290","C0026633"
"6762","8425","2","5","7","53","51","342","454","573","492","C0026633"
"6763","3209","2","3","3","19","221","321","428","541","667","C0026633"
"6764","4538","2","3","2","48","170","50","119","444","556","C0026633"
"6765","6935","2","3","3","19","221","321","428","541","667","C0026633"
"6766","1969","2","5","7","53","14","20","25","560","186","C0026633"
"6767","5195","2","3","5","43","161","305","409","208","482","C0026633"
"6768","6017","2","3","2","69","83","101","126","170","224","C0026633"
"6769","7555","2","3","2","110","85","237","433","547","671","C0026633"
"6770","1041","2","1","6","11","142","225","142","220","298","C0026633"
"6771","10102","2","3","2","48","182","67","76","463","153","C0026633"
"6772","51114","2","5","5","68","96","326","162","216","290","C0026633"
"6773","7189","2","3","12","41","219","339","156","568","697","C0026633"
"6774","23405","2","3","2","22","33","323","66","146","194","C0026633"
"6775","1280","2","5","7","53","51","342","454","573","492","C0026636"
"6776","50964","2","5","3","68","221","197","259","423","422","C0026636"
"6777","582","2","3","12","76","153","76","38","54","75","C0026636"
"6778","57412","2","3","5","80","81","105","426","129","586","C0026636"
"6779","7461","2","3","7","60","153","40","38","93","75","C0026636"
"6780","2812","2","5","7","53","51","342","454","573","492","C0026636"
"6781","9533","2","3","2","19","31","1","426","55","78","C0026636"
"6782","3425","2","3","5","80","81","166","454","573","492","C0026636"
"6783","2131","2","3","2","74","58","112","148","181","416","C0026636"
"6784","9829","2","5","7","60","14","184","341","544","669","C0026636"
"6785","1294","2","5","7","53","51","342","454","573","492","C0026636"
"6786","8481","2","3","12","76","153","40","38","54","75","C0026636"
"6787","6834","2","3","2","48","170","50","119","444","556","C0026654"
"6788","9640","2","3","12","19","31","261","116","159","211","C0026654"
"6789","51360","2","3","3","26","35","276","91","433","203","C0026691"
"6790","6324","2","5","7","63","36","166","341","223","158","C0026691"
"6791","80310","2","5","7","53","51","342","454","573","492","C0026691"
"6792","1636","2","3","5","80","81","166","397","418","568","C0026691"
"6793","3872","2","1","6","11","142","225","142","220","298","C0026706"
"6794","4010","2","3","3","19","221","321","428","541","667","C0026706"
"6795","80199","2","3","12","76","153","40","38","54","75","C0026706"
"6796","1610","2","3","5","80","81","305","409","208","482","C0026706"
"6797","59","2","5","8","63","45","23","103","464","187","C0026707"
"6798","2796","2","5","4","68","96","326","427","548","672","C0026707"
"6799","973","2","5","7","53","14","20","25","40","186","C0026760"
"6800","6900","2","5","7","53","51","342","454","223","373","C0026760"
"6801","55112","2","3","12","76","153","40","38","54","75","C0026760"
"6802","585","2","3","12","76","153","40","38","54","75","C0026760"
"6803","23431","2","5","7","60","18","184","341","544","669","C0026760"
"6804","4582","2","5","7","53","206","324","430","429","544","C0026760"
"6805","6135","2","3","2","110","85","237","433","547","671","C0026764"
"6806","462","2","5","7","53","51","342","454","573","492","C0026764"
"6807","5617","2","5","12","19","31","1","426","55","78","C0026764"
"6808","5568","2","3","12","53","14","20","34","540","68","C0026764"
"6809","3482","2","5","7","34","52","216","395","544","669","C0026764"
"6810","4023","2","3","5","24","51","342","91","20","27","C0026764"
"6811","3815","2","5","7","53","14","20","25","40","186","C0026764"
"6812","4000","2","3","12","26","105","178","226","297","156","C0026764"
"6813","5932","2","3","12","19","31","261","116","1","86","C0026764"
"6814","54919","2","3","2","41","96","279","304","370","257","C0026764"
"6815","7545","2","5","3","34","52","216","142","220","298","C0026764"
"6816","3892","2","1","6","11","142","225","142","220","298","C0026764"
"6817","8626","2","3","3","19","221","321","428","541","667","C0026764"
"6818","55806","2","3","12","19","31","1","426","55","78","C0026764"
"6819","9227","2","3","2","69","51","101","126","170","224","C0026764"
"6820","2260","2","5","7","53","14","20","25","40","186","C0026764"
"6821","2688","2","5","7","53","51","119","25","40","186","C0026764"
"6822","25978","2","3","2","48","57","110","141","359","462","C0026764"
"6823","1717","2","3","2","19","151","276","48","69","204","C0026764"
"6824","340024","2","3","8","45","94","199","240","415","666","C0026764"
"6825","2131","2","3","2","74","58","112","148","181","416","C0026764"
"6826","6165","2","3","2","110","85","237","433","547","671","C0026764"
"6827","3559","2","5","7","53","14","20","25","40","186","C0026764"
"6828","1280","2","5","7","53","51","342","454","573","492","C0026764"
"6829","811","2","3","2","41","116","342","423","536","342","C0026764"
"6830","4784","2","3","2","22","33","261","116","159","211","C0026764"
"6831","27077","2","3","12","76","153","40","38","54","75","C0026764"
"6832","3070","2","3","12","76","31","1","426","55","78","C0026764"
"6833","1376","2","3","2","19","151","276","91","433","118","C0026764"
"6834","6913","2","3","3","19","221","321","428","541","667","C0026764"
"6835","5604","2","5","7","53","14","20","34","540","68","C0026764"
"6836","4893","2","5","7","34","52","24","30","46","72","C0026764"
"6837","8891","2","3","2","110","85","237","433","547","671","C0026764"
"6838","2130","2","3","2","22","33","323","66","491","609","C0026766"
"6839","4352","2","5","7","53","14","20","25","40","186","C0026766"
"6840","6531","2","5","8","45","94","199","240","415","666","C0026766"
"6841","1289","2","5","7","53","51","342","454","573","492","C0026766"
"6842","773","2","5","8","27","36","166","341","223","628","C0026766"
"6843","257","2","3","3","19","221","321","428","541","667","C0026766"
"6844","4893","2","5","7","34","52","24","30","46","72","C0026766"
"6845","7353","2","3","12","41","219","339","156","568","605","C0026846"
"6846","5925","2","3","12","19","31","1","426","55","78","C0026846"
"6847","10806","2","3","12","76","153","40","38","54","75","C0026846"
"6848","729262","2","3","12","22","142","225","366","362","468","C0026846"
"6849","6868","2","5","7","53","51","342","454","236","492","C0026846"
"6850","1956","2","5","7","53","14","184","45","544","669","C0026846"
"6851","51057","2","3","12","76","153","40","38","54","75","C0026846"
"6852","9394","2","3","2","74","58","112","148","193","263","C0026846"
"6853","2260","2","5","7","53","14","20","25","40","186","C0026846"
"6854","4722","2","3","2","48","170","50","119","444","556","C0026846"
"6855","1834","2","5","7","53","51","342","454","573","492","C0026846"
"6856","4598","2","3","2","19","151","276","198","259","427","C0026846"
"6857","2132","2","3","2","74","58","112","148","193","263","C0026846"
"6858","8220","2","3","2","22","33","323","66","101","136","C0026846"
"6859","8799","2","3","5","43","161","305","409","208","482","C0026847"
"6860","4688","2","5","7","60","14","20","25","40","215","C0026847"
"6861","4000","2","3","12","26","105","178","226","297","156","C0026847"
"6862","1896","2","5","12","41","219","339","156","568","697","C0026847"
"6863","1788","2","3","12","19","31","1","426","55","78","C0026847"
"6864","3674","2","5","7","53","51","342","454","573","492","C0026847"
"6865","4041","2","5","3","68","221","197","259","560","422","C0026847"
"6866","1281","2","5","7","53","51","342","454","573","492","C0026847"
"6867","4534","2","3","5","80","81","296","399","362","468","C0026847"
"6868","6005","2","3","2","16","197","45","155","78","695","C0026847"
"6869","1497","2","5","2","63","182","50","103","297","628","C0026847"
"6870","5147","2","3","5","60","54","24","30","46","72","C0026847"
"6871","5156","2","5","7","53","14","20","25","40","186","C0026847"
"6872","4166","2","3","2","89","60","99","7","211","217","C0026847"
"6873","6295","2","3","4","68","45","272","427","518","621","C0026851"
"6874","885","2","5","4","68","96","326","427","548","672","C0026851"
"6875","5447","2","3","5","91","214","271","372","471","586","C0026858"
"6876","3664","2","5","7","53","184","119","156","287","116","C0026858"
"6877","6792","2","5","7","53","14","20","34","540","68","C0026858"
"6878","9180","2","5","7","53","51","119","25","549","416","C0026884"
"6879","5176","2","5","7","53","51","342","454","573","492","C0026884"
"6880","6654","2","5","7","60","54","24","30","46","72","C0026884"
"6881","2074","2","3","12","19","31","1","426","55","78","C0026884"
"6882","9573","2","5","7","53","51","342","259","423","389","C0026884"
"6883","1012","2","5","7","53","51","335","444","560","373","C0026884"
"6884","7021","2","3","12","19","31","261","91","433","664","C0026884"
"6885","10269","2","3","2","48","182","50","119","444","556","C0026884"
"6886","79848","2","3","12","76","153","40","38","54","75","C0026884"
"6887","23178","2","5","7","53","14","20","34","540","68","C0026884"
"6888","4851","2","3","12","19","221","143","428","236","667","C0026896"
"6889","2677","2","5","7","53","51","342","454","573","492","C0026896"
"6890","3549","2","5","3","53","51","197","259","560","422","C0026896"
"6891","4221","2","3","12","19","31","342","454","573","492","C0026896"
"6892","9049","2","3","3","41","151","276","378","271","356","C0026896"
"6893","919","2","5","7","53","14","119","25","40","186","C0026896"
"6894","7124","2","3","12","41","219","339","156","568","697","C0026919"
"6895","3077","2","5","7","53","51","119","395","549","674","C0026919"
"6896","50485","2","3","12","19","31","261","116","1","86","C0026919"
"6897","8626","2","3","3","19","221","321","428","541","667","C0026919"
"6898","22909","2","3","12","19","31","261","116","1","86","C0026919"
"6899","10483","2","3","7","60","54","24","30","46","72","C0026936"
"6900","4541","2","3","2","48","170","50","119","444","24","C0026936"
"6901","4914","2","3","2","22","18","266","202","252","252","C0026936"
"6902","11113","2","5","7","53","14","20","34","540","68","C0026948"
"6903","2263","2","5","7","53","14","20","25","40","186","C0026948"
"6904","650","2","5","7","53","51","342","259","423","389","C0026948"
"6905","56262","2","5","2","63","182","50","103","297","628","C0026985"
"6906","7287","2","5","7","11","142","71","341","560","219","C0026985"
"6907","4000","2","3","12","26","105","178","226","297","156","C0026987"
"6908","1540","2","3","12","41","219","339","156","568","605","C0026987"
"6909","7809","2","5","8","63","45","23","34","464","187","C0026987"
"6910","871","2","5","7","53","51","342","454","573","492","C0026987"
"6911","672","2","3","12","19","31","261","116","1","86","C0026987"
"6912","6331","2","5","8","63","36","166","341","223","158","C0026987"
"6913","6329","2","5","8","63","36","166","341","390","158","C0026987"
"6914","604","2","3","12","19","151","276","91","489","416","C0026987"
"6915","675","2","3","12","19","31","261","116","1","86","C0026998"
"6916","112476","2","3","2","48","170","50","119","444","556","C0026998"
"6917","633","2","5","7","53","51","342","454","573","492","C0027022"
"6918","5727","2","3","12","68","221","197","259","560","422","C0027022"
"6919","57728","2","3","12","76","153","40","38","54","75","C0027022"
"6920","5818","2","5","7","53","51","335","444","560","373","C0027022"
"6921","94160","2","3","12","41","116","268","423","536","445","C0027022"
"6922","2263","2","5","7","53","14","20","25","40","186","C0027022"
"6923","1080","2","3","12","41","219","339","156","544","669","C0027022"
"6924","8200","2","5","7","53","51","342","259","423","389","C0027022"
"6925","50617","2","3","5","29","88","100","125","168","223","C0027022"
"6926","54941","2","3","12","41","116","268","434","468","213","C0027022"
"6927","23545","2","3","5","29","88","132","85","222","346","C0027022"
"6928","7157","2","3","12","19","31","261","402","489","551","C0027022"
"6929","5243","2","3","12","41","116","268","423","536","445","C0027022"
"6930","2110","2","3","2","48","170","50","119","444","556","C0027022"
"6931","50814","2","3","2","69","221","73","360","86","119","C0027022"
"6932","9990","2","5","8","45","94","199","240","415","666","C0027022"
"6933","4920","2","5","7","53","14","20","259","560","373","C0027059"
"6934","8820","2","3","3","19","221","321","428","541","667","C0027059"
"6935","3070","2","3","12","76","31","1","426","55","78","C0027059"
"6936","5447","2","3","5","91","214","271","372","471","586","C0027059"
"6937","9993","2","5","7","53","51","342","454","573","492","C0027059"
"6938","4054","2","5","7","53","51","342","454","573","492","C0027080"
"6939","4882","2","3","4","68","96","326","427","548","672","C0027080"
"6940","30062","2","3","3","19","221","321","428","541","667","C0027080"
"6941","4625","2","3","8","63","45","23","103","464","187","C0027080"
"6942","5155","2","5","7","53","51","342","454","573","186","C0027080"
"6943","6187","2","3","2","110","85","237","433","547","671","C0027080"
"6944","8481","2","3","12","76","153","40","38","54","75","C0027080"
"6945","9451","2","3","2","110","51","335","226","297","380","C0027080"
"6946","2206","2","3","12","41","14","20","25","40","186","C0027080"
"6947","142","2","3","12","19","31","261","116","1","86","C0027080"
"6948","112398","2","3","12","41","116","268","434","568","605","C0027080"
"6949","5446","2","3","5","80","147","236","328","411","528","C0027121"
"6950","3784","2","5","8","63","36","166","106","110","158","C0027121"
"6951","149233","2","5","7","53","51","119","25","489","416","C0027121"
"6952","1281","2","5","7","53","51","342","454","573","492","C0027121"
"6953","633","2","5","7","53","51","342","454","573","492","C0027121"
"6954","2121","2","3","12","41","116","268","434","568","605","C0027121"
"6955","1278","2","5","7","53","51","342","454","573","492","C0027121"
"6956","64087","2","3","2","35","40","130","166","57","435","C0027125"
"6957","7015","2","3","12","19","31","1","426","55","78","C0027125"
"6958","9627","2","3","12","19","31","1","426","55","78","C0027125"
"6959","3592","2","5","7","53","51","119","25","489","416","C0027125"
"6960","338","2","5","7","53","51","342","454","573","492","C0027125"
"6961","2009","2","3","12","76","153","40","38","54","75","C0027125"
"6962","644","2","3","2","42","49","93","192","253","338","C0027125"
"6963","7473","2","5","3","68","221","197","259","560","422","C0027125"
"6964","3845","2","5","7","60","54","24","30","46","72","C0027125"
"6965","5160","2","3","2","67","92","293","55","75","311","C0027125"
"6966","79915","2","3","12","19","31","261","116","1","86","C0027126"
"6967","5080","2","3","3","19","221","321","428","541","667","C0027126"
"6968","26160","2","3","12","76","153","40","38","54","75","C0027126"
"6969","1130","2","5","7","60","54","326","141","359","462","C0027127"
"6970","4893","2","5","7","34","52","24","30","46","72","C0027127"
"6971","53834","2","5","7","53","51","342","454","573","492","C0027339"
"6972","3123","2","5","7","53","51","119","156","287","116","C0027339"
"6973","5573","2","3","12","19","184","118","155","287","116","C0027339"
"6974","1299","2","5","7","53","51","342","454","573","492","C0027339"
"6975","1812","2","5","4","68","96","326","427","548","672","C0027339"
"6976","4920","2","5","7","53","14","20","259","560","373","C0027339"
"6977","6885","2","3","12","41","219","339","156","568","697","C0027339"
"6978","2006","2","5","7","53","51","342","454","573","492","C0027339"
"6979","100","2","3","5","33","21","47","56","80","199","C0027339"
"6980","4068","2","5","7","53","51","119","25","549","674","C0027339"
"6981","57045","2","5","7","53","51","342","259","573","492","C0027339"
"6982","2205","2","5","7","53","51","119","25","568","186","C0027339"
"6983","4359","2","5","7","53","51","342","454","573","492","C0027339"
"6984","2627","2","3","12","19","31","118","155","287","116","C0027339"
"6985","3315","2","3","12","41","181","160","362","402","215","C0027339"
"6986","2296","2","3","3","19","221","321","428","541","667","C0027339"
"6987","5745","2","5","4","68","96","326","427","548","672","C0027339"
"6988","9365","2","3","7","53","14","20","25","40","186","C0027339"
"6989","176","2","5","7","53","51","342","454","573","492","C0027339"
"6990","2542","2","3","5","80","81","296","399","500","577","C0027339"
"6991","8573","2","5","7","53","36","71","341","223","219","C0027339"
"6992","4758","2","3","7","34","52","216","395","549","517","C0027339"
"6993","9786","2","3","12","76","153","40","38","54","75","C0027339"
"6994","2969","2","3","12","19","31","276","91","433","118","C0027339"
"6995","3909","2","5","7","53","51","342","454","573","492","C0027404"
"6996","2731","2","3","2","106","104","214","234","67","53","C0027404"
"6997","55687","2","3","2","48","170","152","119","252","154","C0027404"
"6998","240","2","3","7","34","52","216","395","489","416","C0027404"
"6999","9031","2","3","12","19","31","1","426","55","78","C0027404"
"7000","3123","2","5","7","53","51","119","156","287","116","C0027404"
"7001","5335","2","3","7","53","14","20","25","40","186","C0027404"
"7002","23363","2","3","12","41","116","268","434","468","213","C0027404"
"7003","2767","2","5","4","68","96","326","427","548","672","C0027404"
"7004","3248","2","3","2","69","83","133","167","224","301","C0027404"
"7005","6341","2","3","2","48","170","50","119","444","556","C0027404"
"7006","1417","2","5","6","11","142","225","142","177","673","C0027404"
"7007","4914","2","3","2","22","18","266","202","252","252","C0027404"
"7008","8820","2","3","3","19","221","321","428","541","667","C0027404"
"7009","959","2","5","7","53","51","119","395","549","674","C0027404"
"7010","5167","2","3","5","32","93","163","207","303","126","C0027404"
"7011","3594","2","5","7","53","51","119","25","560","373","C0027412"
"7012","10161","2","5","4","68","96","326","427","548","672","C0027412"
"7013","2629","2","3","5","80","81","250","291","152","420","C0027412"
"7014","3617","2","5","7","86","221","321","454","311","518","C0027412"
"7015","64241","2","3","5","47","144","185","238","310","392","C0027412"
"7016","8813","2","3","2","48","116","142","136","280","363","C0027412"
"7017","1855","2","5","12","76","153","197","259","560","422","C0027412"
"7018","590","2","3","5","85","143","286","51","488","604","C0027424"
"7019","3914","2","5","7","53","51","342","454","573","492","C0027424"
"7020","701","2","3","12","76","153","40","38","54","75","C0027429"
"7021","1292","2","5","7","53","51","342","454","573","492","C0027429"
"7022","11322","2","5","7","34","52","216","395","549","674","C0027429"
"7023","4593","2","5","7","53","14","20","454","573","492","C0027430"
"7024","6689","2","3","12","19","31","276","91","433","118","C0027430"
"7025","5743","2","3","5","53","175","119","167","489","416","C0027430"
"7026","1723","2","3","2","48","170","50","119","444","556","C0027430"
"7027","6218","2","3","2","110","85","237","433","547","671","C0027430"
"7028","658","2","5","7","53","51","342","259","423","389","C0027430"
"7029","22891","2","3","12","76","153","40","341","54","75","C0027430"
"7030","4846","2","3","5","41","219","75","243","44","64","C0027430"
"7031","2778","2","5","4","68","96","326","427","548","672","C0027430"
"7032","356","2","5","7","53","219","339","25","489","697","C0027430"
"7033","5144","2","3","4","68","96","326","427","548","672","C0027439"
"7034","6662","2","3","3","19","221","321","428","541","667","C0027439"
"7035","26229","2","3","2","74","205","191","396","408","257","C0027439"
"7036","4645","2","3","4","67","92","293","55","75","311","C0027439"
"7037","9213","2","5","7","68","96","184","219","380","666","C0027439"
"7038","23322","2","3","12","76","153","40","38","54","75","C0027439"
"7039","6885","2","3","12","41","219","339","156","568","697","C0027439"
"7040","51741","2","3","2","22","33","323","66","101","127","C0027439"
"7041","10484","2","3","7","60","153","40","38","54","203","C0027439"
"7042","51091","2","3","2","110","85","237","433","547","671","C0027443"
"7043","208","2","5","7","53","14","20","34","540","68","C0027443"
"7044","10516","2","5","7","53","51","342","454","573","492","C0027443"
"7045","22931","2","5","7","34","54","24","30","46","72","C0027443"
"7046","5894","2","5","7","60","54","23","34","464","187","C0027443"
"7047","5573","2","3","12","19","184","118","155","287","116","C0027443"
"7048","1716","2","3","2","27","36","150","221","138","188","C0027443"
"7049","5290","2","3","7","53","14","20","25","40","186","C0027443"
"7050","5447","2","3","5","91","214","271","372","471","586","C0027443"
"7051","411","2","3","7","34","52","216","395","549","674","C0027497"
"7052","8647","2","3","5","46","158","252","352","449","563","C0027497"
"7053","5318","2","1","6","11","142","225","142","220","298","C0027497"
"7054","57680","2","3","12","19","31","1","426","55","78","C0027497"
"7055","8625","2","3","12","19","31","276","91","236","118","C0027497"
"7056","4193","2","3","12","19","31","1","116","89","605","C0027497"
"7057","2099","2","3","12","19","151","276","91","433","118","C0027497"
"7058","6399","2","5","7","60","54","24","30","46","72","C0027497"
"7059","4000","2","3","12","26","105","178","226","297","156","C0027497"
"7060","9427","2","5","5","53","51","119","252","489","416","C0027497"
"7061","1415","2","3","6","63","45","160","362","177","673","C0027497"
"7062","8842","2","5","5","53","82","147","184","179","328","C0027497"
"7063","2617","2","3","2","110","85","237","433","252","154","C0027497"
"7064","4282","2","5","7","34","52","216","395","549","674","C0027497"
"7065","54463","2","3","2","48","57","110","141","359","462","C0027497"
"7066","4137","2","3","7","27","36","150","341","223","628","C0027497"
"7067","5818","2","5","7","53","51","335","444","560","373","C0027497"
"7068","2253","2","5","7","53","14","20","25","40","186","C0027613"
"7069","4125","2","3","7","34","52","216","395","549","674","C0027613"
"7070","720","2","5","7","53","51","342","454","573","492","C0027643"
"7071","1281","2","5","7","53","51","342","454","573","492","C0027643"
"7072","51128","2","5","7","60","153","24","38","46","72","C0027643"
"7073","2690","2","5","7","53","14","20","25","40","186","C0027643"
"7074","23513","2","5","7","42","36","71","177","223","219","C0027643"
"7075","8260","2","3","12","41","85","266","76","287","78","C0027643"
"7076","4210","2","3","12","41","219","339","156","568","697","C0027643"
"7077","2556","2","5","8","27","70","99","162","216","290","C0027643"
"7078","6495","2","3","3","19","221","321","428","541","667","C0027643"
"7079","5368","2","5","4","68","96","326","427","548","672","C0027643"
"7080","85480","2","3","12","53","14","20","25","40","186","C0027643"
"7081","5317","2","5","7","34","52","216","142","220","298","C0027643"
"7082","5506","2","3","12","76","137","76","136","82","658","C0027643"
"7083","182","2","5","7","53","51","143","428","236","667","C0027643"
"7084","8398","2","3","5","116","183","40","38","352","455","C0027643"
"7085","3767","2","5","8","63","36","166","106","110","158","C0027643"
"7086","1030","2","3","12","19","31","1","426","55","78","C0027643"
"7087","9342","2","5","7","34","52","216","395","549","674","C0027643"
"7088","3784","2","5","8","63","36","166","106","110","158","C0027643"
"7089","974","2","5","7","53","51","119","395","549","674","C0027643"
"7090","1736","2","3","2","110","85","237","433","547","671","C0027643"
"7091","4893","2","5","7","34","52","24","30","46","72","C0027643"
"7092","2956","2","3","12","19","31","261","116","1","86","C0027643"
"7093","5373","2","3","2","90","167","123","158","207","278","C0027643"
"7094","5111","2","3","12","19","31","261","116","1","86","C0027643"
"7095","2132","2","3","2","74","58","112","148","193","263","C0027643"
"7096","7516","2","3","12","19","31","261","116","1","86","C0027643"
"7097","2705","2","3","12","76","153","40","38","54","75","C0027643"
"7098","3514","2","5","7","53","51","119","395","549","674","C0027643"
"7099","6866","2","5","4","68","96","326","427","548","672","C0027643"
"7100","4297","2","3","12","19","31","1","426","55","78","C0027658"
"7101","5727","2","3","12","68","221","197","259","560","422","C0027658"
"7102","3984","2","5","7","53","14","20","34","540","68","C0027658"
"7103","4088","2","3","12","19","219","339","259","423","605","C0027658"
"7104","10269","2","3","2","48","182","50","119","444","556","C0027658"
"7105","3785","2","5","8","63","36","166","106","110","158","C0027658"
"7106","1019","2","3","12","19","31","1","116","1","86","C0027658"
"7107","1280","2","5","7","53","51","342","454","573","492","C0027658"
"7108","53904","2","5","7","53","14","20","34","540","68","C0027658"
"7109","1312","2","3","2","87","79","105","426","129","25","C0027658"
"7110","8287","2","3","12","41","219","339","156","568","605","C0027658"
"7111","5194","2","3","5","43","161","305","409","208","482","C0027658"
"7112","9217","2","3","2","50","47","39","100","321","255","C0027658"
"7113","4000","2","3","12","26","105","178","226","297","156","C0027660"
"7114","7298","2","3","12","76","153","40","38","54","75","C0027660"
"7115","1723","2","3","2","48","170","50","119","444","556","C0027661"
"7116","2912","2","5","4","68","96","326","427","548","672","C0027661"
"7117","4638","2","5","7","53","45","23","103","464","187","C0027661"
"7118","2146","2","3","12","19","31","1","426","55","78","C0027686"
"7119","2767","2","5","4","68","96","326","427","548","672","C0027686"
"7120","5979","2","5","7","53","14","20","25","40","186","C0027686"
"7121","5994","2","3","12","19","31","276","91","491","118","C0027686"
"7122","5194","2","3","5","43","161","305","409","208","482","C0027686"
"7123","401","2","3","3","19","221","321","428","541","667","C0027686"
"7124","6197","2","3","12","19","14","20","34","540","68","C0027697"
"7125","4882","2","3","4","68","96","326","427","548","672","C0027697"
"7126","7169","2","5","8","63","45","23","103","464","187","C0027697"
"7127","4010","2","3","3","19","221","321","428","541","667","C0027697"
"7128","1959","2","3","3","19","151","276","91","433","118","C0027697"
"7129","1281","2","5","7","53","51","342","454","573","492","C0027697"
"7130","5290","2","3","7","53","14","20","25","40","186","C0027697"
"7131","1406","2","3","3","19","221","321","428","541","667","C0027697"
"7132","11200","2","3","12","19","31","261","116","1","86","C0027697"
"7133","5897","2","3","12","41","116","268","141","568","605","C0027697"
"7134","26608","2","3","2","22","170","50","119","463","153","C0027697"
"7135","860","2","3","12","19","31","276","91","433","118","C0027697"
"7136","79621","2","3","2","22","137","76","149","195","435","C0027697"
"7137","6532","2","5","8","45","94","199","240","415","666","C0027697"
"7138","23171","2","3","5","116","183","295","398","552","622","C0027697"
"7139","4514","2","3","2","48","57","110","141","359","5","C0027697"
"7140","30008","2","5","7","53","51","342","454","573","492","C0027697"
"7141","2261","2","5","7","53","14","20","25","40","186","C0027706"
"7142","2158","2","5","7","68","51","119","395","549","674","C0027706"
"7143","7299","2","3","5","23","18","138","250","332","407","C0027707"
"7144","2719","2","5","7","53","51","342","454","573","492","C0027707"
"7145","9499","2","5","7","53","51","23","103","464","187","C0027707"
"7146","2200","2","5","7","53","51","342","454","573","492","C0027707"
"7147","54888","2","3","2","110","85","152","129","252","154","C0027707"
"7148","8312","2","3","12","41","219","339","156","568","605","C0027707"
"7149","5921","2","5","7","60","14","24","25","40","215","C0027707"
"7150","5346","2","3","3","19","151","276","91","433","118","C0027707"
"7151","546","2","3","12","19","31","261","426","1","86","C0027707"
"7152","6528","2","5","8","45","94","199","240","415","666","C0027707"
"7153","5076","2","3","3","19","221","321","428","541","667","C0027708"
"7154","4621","2","5","8","63","45","23","103","464","187","C0027708"
"7155","4512","2","3","2","48","170","110","141","359","8","C0027708"
"7156","8985","2","5","7","53","51","342","454","573","492","C0027708"
"7157","55612","2","5","7","60","36","71","177","560","701","C0027708"
"7158","9775","2","3","2","22","33","323","66","101","136","C0027708"
"7159","7471","2","5","3","68","221","197","259","560","422","C0027708"
"7160","23111","2","3","12","41","219","339","156","568","697","C0027708"
"7161","4312","2","5","7","53","51","342","454","573","492","C0027708"
"7162","2068","2","3","12","19","31","261","116","159","211","C0027708"
"7163","3914","2","5","7","53","51","342","454","573","492","C0027708"
"7164","51168","2","5","7","60","14","20","25","40","215","C0027708"
"7165","5592","2","5","4","53","14","20","34","540","68","C0027708"
"7166","6663","2","3","3","19","221","321","428","541","667","C0027708"
"7167","10000","2","5","7","53","14","20","34","540","68","C0027708"
"7168","10763","2","3","12","76","36","150","74","73","100","C0027708"
"7169","1280","2","5","7","53","51","342","454","573","492","C0027708"
"7170","8516","2","5","7","53","51","342","454","573","492","C0027708"
"7171","6253","2","5","4","27","36","326","402","489","187","C0027709"
"7172","5354","2","5","7","27","36","150","341","223","628","C0027709"
"7173","1917","2","3","12","41","219","339","347","572","658","C0027709"
"7174","3663","2","3","12","53","184","119","156","287","116","C0027709"
"7175","4703","2","5","7","60","45","23","103","464","187","C0027709"
"7176","8195","2","3","12","76","153","76","38","54","75","C0027709"
"7177","2294","2","3","3","19","221","321","428","541","667","C0027709"
"7178","9076","2","5","6","42","36","71","177","64","219","C0027709"
"7179","1281","2","5","7","53","51","342","454","573","492","C0027709"
"7180","1528","2","3","5","91","214","271","372","471","586","C0027709"
"7181","673","2","5","7","53","14","20","34","540","68","C0027709"
"7182","51305","2","5","8","63","36","166","106","110","158","C0027709"
"7183","100","2","3","5","33","21","47","56","80","199","C0027709"
"7184","26580","2","5","8","27","70","99","162","216","290","C0027709"
"7185","6197","2","3","12","19","14","20","34","540","68","C0027709"
"7186","4358","2","3","5","43","161","305","409","208","482","C0027709"
"7187","4247","2","3","2","68","67","320","98","180","279","C0027709"
"7188","2581","2","3","5","80","81","250","291","152","420","C0027709"
"7189","4148","2","5","7","53","51","342","454","573","492","C0027709"
"7190","4000","2","3","12","26","105","178","226","297","156","C0027709"
"7191","7299","2","3","5","23","18","138","250","332","407","C0027709"
"7192","2324","2","5","7","53","14","20","25","40","186","C0027709"
"7193","7290","2","3","12","19","31","1","426","55","78","C0027709"
"7194","11340","2","3","2","110","85","237","433","547","671","C0027709"
"7195","51151","2","3","5","23","18","138","250","332","407","C0027719"
"7196","3240","2","5","7","34","52","216","395","549","674","C0027719"
"7197","3543","2","5","7","53","51","119","395","549","674","C0027719"
"7198","3717","2","5","7","53","14","20","25","40","186","C0027720"
"7199","7353","2","3","12","41","219","339","156","568","605","C0027720"
"7200","6926","2","5","7","53","51","335","259","560","373","C0027720"
"7201","4361","2","3","12","19","31","261","116","1","86","C0027720"
"7202","7299","2","3","5","23","18","138","250","332","407","C0027720"
"7203","595","2","3","12","19","31","1","426","489","416","C0027720"
"7204","56729","2","5","7","34","52","216","395","549","674","C0027720"
"7205","3753","2","5","8","63","36","166","341","223","158","C0027720"
"7206","1747","2","3","3","19","221","321","428","541","667","C0027720"
"7207","8200","2","5","7","53","51","342","259","423","389","C0027720"
"7208","23554","2","5","3","68","221","197","259","518","492","C0027720"
"7209","2200","2","5","7","53","51","342","454","573","492","C0027720"
"7210","11200","2","3","12","19","31","261","116","1","86","C0027720"
"7211","2200","2","5","7","53","51","342","454","573","492","C0027720"
"7212","6689","2","3","12","19","31","276","91","433","118","C0027720"
"7213","5450","2","3","12","19","221","261","116","159","211","C0027766"
"7214","8878","2","3","12","41","219","339","156","568","697","C0027766"
"7215","1277","2","5","7","53","51","342","454","573","492","C0027766"
"7216","5648","2","5","7","53","51","119","395","549","674","C0027766"
"7217","5277","2","3","2","61","77","142","176","235","317","C0027766"
"7218","27086","2","3","12","19","221","321","428","541","667","C0027766"
"7219","2317","2","5","7","63","45","23","103","287","664","C0027766"
"7220","2260","2","5","7","53","14","20","25","40","186","C0027766"
"7221","673","2","5","7","53","14","20","34","540","68","C0027794"
"7222","6497","2","5","3","19","221","342","259","423","389","C0027794"
"7223","2702","2","3","12","76","153","40","38","54","75","C0027794"
"7224","51151","2","3","5","23","18","138","250","332","407","C0027794"
"7225","2560","2","5","8","27","70","99","162","216","290","C0027794"
"7226","1636","2","3","5","80","81","166","397","418","568","C0027794"
"7227","3516","2","3","12","19","31","143","428","236","667","C0027794"
"7228","440275","2","3","2","110","85","237","433","547","671","C0027794"
"7229","1128","2","5","4","68","96","326","427","548","672","C0027794"
"7230","2317","2","5","7","63","45","23","103","287","664","C0027794"
"7231","6736","2","3","12","19","31","276","91","433","667","C0027794"
"7232","1019","2","3","12","19","31","1","116","1","86","C0027794"
"7233","3284","2","3","2","69","98","169","299","183","243","C0027794"
"7234","5313","2","3","2","90","167","321","428","541","115","C0027794"
"7235","26050","2","5","7","53","51","335","444","560","373","C0027794"
"7236","2752","2","3","2","101","62","189","182","509","409","C0027794"
"7237","23431","2","5","7","60","18","184","341","544","669","C0027794"
"7238","8864","2","3","3","19","151","276","91","433","118","C0027794"
"7239","1130","2","5","7","60","54","326","141","359","462","C0027794"
"7240","285489","2","5","7","60","36","71","341","223","219","C0027794"
"7241","54","2","3","5","80","81","178","195","256","342","C0027794"
"7242","3908","2","5","7","53","51","342","454","573","492","C0027794"
"7243","7148","2","5","7","53","51","342","454","573","492","C0027794"
"7244","4256","2","5","7","53","51","342","454","573","492","C0027794"
"7245","5917","2","3","2","110","85","237","433","547","154","C0027794"
"7246","6335","2","5","8","63","36","166","341","390","158","C0027794"
"7247","2235","2","3","2","17","24","51","132","175","473","C0027794"
"7248","2261","2","5","7","53","14","20","25","40","186","C0027794"
"7249","5075","2","3","3","19","221","321","428","541","667","C0027794"
"7250","885","2","5","4","68","96","326","427","548","672","C0027794"
"7251","2316","2","5","7","53","51","342","454","573","702","C0027796"
"7252","3845","2","5","7","60","54","24","30","46","72","C0027796"
"7253","51004","2","3","5","48","74","135","171","227","63","C0027796"
"7254","875","2","3","5","80","137","44","21","451","316","C0027796"
"7255","1387","2","3","12","19","31","276","91","433","118","C0027796"
"7256","6635","2","3","2","22","33","323","66","101","136","C0027796"
"7257","4843","2","3","5","43","161","305","409","489","416","C0027796"
"7258","3552","2","3","12","53","51","119","156","489","416","C0027796"
"7259","5351","2","5","7","53","51","342","454","573","492","C0027796"
"7260","8915","2","3","12","41","219","339","156","568","697","C0027796"
"7261","9255","2","3","2","110","85","237","433","547","154","C0027796"
"7262","8398","2","3","5","116","183","40","38","352","455","C0027796"
"7263","54","2","3","5","80","81","178","195","256","342","C0027796"
"7264","6750","2","5","4","68","96","326","427","548","672","C0027796"
"7265","1827","2","5","7","63","45","23","402","518","621","C0027809"
"7266","2779","2","5","4","68","96","326","427","548","672","C0027809"
"7267","7295","2","3","2","48","57","110","141","359","229","C0027809"
"7268","5663","2","5","7","34","52","216","395","549","667","C0027809"
"7269","5728","2","3","5","80","81","339","156","568","605","C0027809"
"7270","336","2","5","7","53","51","342","454","573","492","C0027809"
"7271","54345","2","5","3","19","221","321","428","541","667","C0027809"
"7272","7490","2","3","3","19","221","321","428","541","667","C0027830"
"7273","50964","2","5","3","68","221","197","259","423","422","C0027830"
"7274","29926","2","3","2","68","66","123","158","207","278","C0027831"
"7275","23405","2","3","2","22","33","323","66","146","194","C0027831"
"7276","3458","2","5","7","53","184","119","156","287","116","C0027831"
"7277","94","2","5","7","53","51","342","259","423","389","C0027854"
"7278","8036","2","5","7","60","54","296","399","359","658","C0027854"
"7279","5728","2","3","5","80","81","339","156","568","605","C0027854"
"7280","8892","2","3","2","110","85","237","433","547","671","C0027854"
"7281","56623","2","3","5","80","81","296","118","543","214","C0027859"
"7282","7291","2","3","12","19","151","276","91","489","416","C0027859"
"7283","55670","2","3","5","43","161","305","409","208","482","C0027859"
"7284","3064","2","3","12","48","170","50","444","91","439","C0027859"
"7285","4247","2","3","2","68","67","320","98","180","279","C0027868"
"7286","8622","2","3","4","68","96","326","427","548","672","C0027868"
"7287","5551","2","5","7","53","51","119","395","549","674","C0027873"
"7288","2138","2","3","12","19","31","1","426","55","78","C0027873"
"7289","3763","2","5","8","63","36","166","106","110","158","C0027873"
"7290","2200","2","5","7","53","51","342","454","573","492","C0027877"
"7291","5073","2","3","2","110","85","323","433","146","194","C0027877"
"7292","10195","2","3","2","48","69","99","162","216","290","C0027877"
"7293","54949","2","3","2","48","170","50","119","444","556","C0027877"
"7294","5155","2","5","7","53","51","342","454","573","186","C0027888"
"7295","1509","2","5","7","34","52","216","395","549","568","C0027888"
"7296","6310","2","3","12","22","142","225","366","362","468","C0027888"
"7297","1293","2","5","7","53","51","342","454","573","492","C0027888"
"7298","4514","2","3","2","48","57","110","141","359","5","C0027888"
"7299","26040","2","3","12","19","31","1","116","297","78","C0027889"
"7300","2200","2","5","7","53","51","342","454","573","492","C0027889"
"7301","4314","2","5","7","53","51","342","454","573","492","C0027889"
"7302","4810","2","3","2","76","57","110","444","560","373","C0027889"
"7303","6635","2","3","2","22","33","323","66","101","136","C0027947"
"7304","2316","2","5","7","53","51","342","454","573","702","C0027947"
"7305","23746","2","3","12","41","83","101","126","271","356","C0027947"
"7306","633","2","5","7","53","51","342","454","573","492","C0027947"
"7307","8626","2","3","3","19","221","321","428","541","667","C0027947"
"7308","552","2","5","4","68","96","326","427","548","672","C0027947"
"7309","8546","2","5","7","60","18","184","341","544","669","C0027947"
"7310","6499","2","3","2","110","85","237","433","547","671","C0027947"
"7311","3620","2","3","5","91","214","183","307","391","507","C0027947"
"7312","538","2","3","8","63","45","23","103","464","187","C0027947"
"7313","4583","2","3","3","89","206","324","430","429","544","C0027947"
"7314","189","2","3","5","43","161","305","409","208","482","C0027947"
"7315","7227","2","3","12","19","31","276","91","433","118","C0027947"
"7316","23322","2","3","12","76","153","40","38","54","75","C0027960"
"7317","2517","2","3","7","34","52","216","395","549","674","C0027960"
"7318","6531","2","5","8","45","94","199","240","415","666","C0027960"
"7319","9394","2","3","2","74","58","112","148","193","263","C0027960"
"7320","80199","2","3","12","76","153","40","38","54","75","C0027960"
"7321","1261","2","5","8","63","36","166","106","110","158","C0027960"
"7322","8644","2","3","2","46","175","227","167","224","301","C0027960"
"7323","779","2","5","8","63","36","166","341","390","158","C0027960"
"7324","7422","2","5","7","53","51","342","454","573","702","C0027960"
"7325","10398","2","5","8","53","45","23","103","464","187","C0027960"
"7326","4620","2","5","8","63","45","23","103","464","187","C0027960"
"7327","50511","2","3","12","19","31","1","426","55","78","C0027960"
"7328","4508","2","3","2","48","170","50","119","444","556","C0027960"
"7329","6329","2","5","8","63","36","166","341","390","158","C0027960"
"7330","6595","2","3","12","19","31","1","426","55","78","C0027960"
"7331","1437","2","5","7","53","14","20","25","40","186","C0027960"
"7332","4689","2","5","7","60","14","20","25","40","215","C0027960"
"7333","7421","2","3","3","19","151","276","91","433","118","C0027960"
"7334","3690","2","5","7","53","51","342","454","573","492","C0027960"
"7335","6444","2","5","8","63","45","23","103","464","187","C0028081"
"7336","10020","2","3","2","89","124","204","42","452","258","C0028081"
"7337","4247","2","3","2","68","67","320","98","180","279","C0028081"
"7338","2492","2","5","4","68","96","326","427","548","672","C0028326"
"7339","714","2","5","7","53","51","119","395","549","674","C0028326"
"7340","673","2","5","7","53","14","20","34","540","68","C0028326"
"7341","4629","2","5","8","63","45","23","103","464","187","C0028326"
"7342","1281","2","5","7","53","51","342","454","573","492","C0028326"
"7343","3762","2","5","8","63","36","166","106","110","158","C0028326"
"7344","5373","2","3","2","90","167","123","158","207","278","C0028326"
"7345","4311","2","5","7","34","52","216","395","549","674","C0028326"
"7346","4952","2","3","5","60","54","184","30","544","669","C0028326"
"7347","6559","2","5","8","45","94","199","240","415","666","C0028326"
"7348","5972","2","5","5","34","52","216","397","418","568","C0028326"
"7349","8878","2","3","12","41","219","339","156","568","697","C0028326"
"7350","1639","2","3","12","76","153","40","38","54","75","C0028326"
"7351","190","2","3","3","19","151","276","91","433","118","C0028326"
"7352","695","2","5","7","53","14","20","25","40","186","C0028326"
"7353","7840","2","3","12","76","153","40","38","54","75","C0028326"
"7354","7468","2","3","12","19","31","1","426","55","78","C0028326"
"7355","3481","2","5","7","53","51","342","454","573","492","C0028756"
"7356","540","2","5","8","63","45","23","103","464","187","C0028756"
"7357","4763","2","5","7","60","54","24","30","46","214","C0028756"
"7358","2033","2","3","12","19","31","1","91","433","118","C0028756"
"7359","2760","2","3","7","34","52","216","395","549","674","C0028768"
"7360","4204","2","3","12","19","31","1","426","55","78","C0028768"
"7361","9401","2","3","12","76","31","261","116","1","86","C0028768"
"7362","6756","2","3","12","19","31","1","426","55","78","C0028768"
"7363","6662","2","3","3","19","221","321","428","541","667","C0028768"
"7364","5122","2","5","4","27","36","184","141","359","411","C0028768"
"7365","1536","2","5","7","34","52","216","395","549","674","C0028768"
"7366","4615","2","3","12","41","219","339","156","568","697","C0028768"
"7367","2720","2","3","7","34","52","216","395","21","599","C0028768"
"7368","9719","2","5","7","53","51","342","454","573","492","C0028768"
"7369","79574","2","5","7","60","14","20","25","40","215","C0028768"
"7370","204","2","3","4","72","109","182","235","307","506","C0028768"
"7371","26291","2","5","7","53","14","337","25","40","186","C0028768"
"7372","3954","2","3","2","48","170","67","119","444","593","C0028768"
"7373","50485","2","3","12","19","31","261","116","1","86","C0028768"
"7374","5906","2","5","7","34","52","216","30","46","72","C0028768"
"7375","6496","2","3","3","19","221","321","428","541","667","C0028768"
"7376","641","2","3","12","19","31","261","116","1","86","C0028768"
"7377","54209","2","5","7","53","51","119","395","549","674","C0028768"
"7378","4683","2","3","12","19","31","261","116","1","86","C0028768"
"7379","2006","2","5","7","53","51","342","454","573","492","C0028768"
"7380","3596","2","5","7","53","51","119","25","489","416","C0028768"
"7381","9401","2","3","12","76","31","261","116","1","86","C0028768"
"7382","6319","2","3","5","19","151","340","45","22","698","C0028768"
"7383","11107","2","3","12","19","31","1","426","55","78","C0028768"
"7384","3081","2","3","2","91","51","3","267","308","429","C0028768"
"7385","4838","2","5","3","53","221","321","259","423","389","C0028768"
"7386","3614","2","3","7","34","52","216","395","549","674","C0028768"
"7387","1326","2","3","12","41","14","20","34","540","68","C0028768"
"7388","3762","2","5","8","63","36","166","106","110","158","C0028768"
"7389","3918","2","5","7","53","51","342","454","573","492","C0028768"
"7390","4233","2","5","7","53","14","20","25","40","186","C0028768"
"7391","3172","2","3","3","19","151","276","91","433","118","C0028796"
"7392","7157","2","3","12","19","31","261","402","489","551","C0028796"
"7393","5205","2","3","8","63","45","23","103","464","619","C0028796"
"7394","3990","2","3","5","26","35","178","9","414","220","C0028796"
"7395","29940","2","5","7","53","51","342","454","573","492","C0028797"
"7396","6324","2","5","7","63","36","166","341","223","158","C0028797"
"7397","54499","2","3","2","48","170","50","119","444","593","C0028797"
"7398","23312","2","5","7","60","36","71","341","223","624","C0028797"
"7399","5146","2","3","5","86","72","258","318","403","518","C0028797"
"7400","3891","2","1","6","11","142","225","142","220","298","C0028797"
"7401","257","2","3","3","19","221","321","428","541","667","C0028797"
"7402","10087","2","3","7","50","47","39","100","321","255","C0028797"
"7403","23767","2","5","7","53","14","20","25","40","186","C0028797"
"7404","658","2","5","7","53","51","342","259","423","389","C0028797"
"7405","7412","2","5","7","53","51","119","454","287","116","C0028797"
"7406","7469","2","3","12","19","31","261","116","159","211","C0028797"
"7407","4254","2","5","7","53","14","20","25","40","186","C0028840"
"7408","7468","2","3","12","19","31","1","426","55","78","C0028840"
"7409","5424","2","3","12","19","31","261","116","1","86","C0028840"
"7410","51371","2","3","12","41","116","268","434","568","605","C0028866"
"7411","667","2","5","7","53","51","342","454","573","492","C0028866"
"7412","6863","2","5","4","68","96","326","427","548","672","C0028945"
"7413","4893","2","5","7","34","52","24","30","46","72","C0028945"
"7414","9469","2","3","2","103","189","303","29","475","467","C0028945"
"7415","242","2","3","5","11","142","223","142","220","298","C0028945"
"7416","23426","2","5","7","42","36","71","177","223","219","C0028945"
"7417","3596","2","5","7","53","51","119","25","489","416","C0028945"
"7418","6331","2","5","8","63","36","166","341","223","158","C0028945"
"7419","4784","2","3","2","22","33","261","116","159","211","C0028949"
"7420","50814","2","3","2","69","221","73","360","86","119","C0028949"
"7421","2006","2","5","7","53","51","342","454","573","492","C0028949"
"7422","1674","2","5","8","63","45","23","103","464","187","C0028949"
"7423","7827","2","5","7","53","170","335","25","560","373","C0028949"
"7424","4524","2","3","2","15","166","104","369","117","583","C0028949"
"7425","4284","2","3","5","80","81","166","397","374","486","C0028949"
"7426","6905","2","3","12","76","153","40","38","54","75","C0028949"
"7427","57282","2","3","2","45","94","199","240","415","666","C0028949"
"7428","4137","2","3","7","27","36","150","341","223","628","C0028949"
"7429","57492","2","3","12","19","31","1","426","55","78","C0028949"
"7430","5428","2","3","2","48","170","50","119","167","593","C0028949"
"7431","9469","2","3","2","103","189","303","29","475","467","C0028949"
"7432","5447","2","3","5","91","214","271","372","471","586","C0028949"
"7433","6138","2","3","2","110","85","237","433","547","671","C0028949"
"7434","1959","2","3","3","19","151","276","91","433","118","C0028949"
"7435","5002","2","5","8","45","94","199","240","415","666","C0028949"
"7436","5189","2","3","5","43","161","305","409","208","482","C0028960"
"7437","6331","2","5","8","63","36","166","341","223","158","C0028960"
"7438","30008","2","5","7","53","51","342","454","573","492","C0028960"
"7439","51684","2","3","12","41","116","268","38","54","75","C0028960"
"7440","2146","2","3","12","19","31","1","426","55","78","C0028960"
"7441","53947","2","3","2","78","114","192","254","319","408","C0028960"
"7442","3425","2","3","5","80","81","166","454","573","492","C0028960"
"7443","8200","2","5","7","53","51","342","259","423","389","C0028960"
"7444","1736","2","3","2","110","85","237","433","547","671","C0028960"
"7445","1281","2","5","7","53","51","342","454","573","492","C0028960"
"7446","2566","2","5","8","27","70","99","162","216","290","C0028960"
"7447","23141","2","3","12","76","105","40","226","489","435","C0028960"
"7448","617","2","3","2","48","170","50","304","167","593","C0028960"
"7449","54829","2","5","7","53","51","342","454","573","492","C0028960"
"7450","3909","2","5","7","53","51","342","454","573","492","C0028960"
"7451","1289","2","5","7","53","51","342","454","573","492","C0028960"
"7452","39","2","3","2","67","92","293","55","75","311","C0028961"
"7453","2316","2","5","7","53","51","342","454","573","702","C0028961"
"7454","567","2","5","7","34","52","119","395","549","674","C0028961"
"7455","4982","2","5","12","41","219","339","156","568","697","C0028961"
"7456","22858","2","3","7","53","14","20","34","540","68","C0028961"
"7457","2218","2","5","2","53","123","194","255","560","373","C0028961"
"7458","7915","2","3","5","87","39","74","191","250","285","C0028961"
"7459","4000","2","3","12","26","105","178","226","297","156","C0028961"
"7460","2697","2","3","7","76","153","40","38","54","75","C0028968"
"7461","10891","2","3","3","19","151","276","91","433","118","C0028968"
"7462","23414","2","3","12","19","31","118","155","287","116","C0028968"
"7463","6497","2","5","3","19","221","342","259","423","389","C0028968"
"7464","7421","2","3","3","19","151","276","91","433","118","C0028968"
"7465","4286","2","3","12","19","31","261","116","1","664","C0028968"
"7466","5277","2","3","2","61","77","142","176","235","317","C0029125"
"7467","6391","2","3","2","48","170","50","119","444","556","C0029125"
"7468","1289","2","5","7","53","51","342","454","573","492","C0029131"
"7469","4287","2","3","12","41","116","268","434","468","215","C0029131"
"7470","545","2","3","12","19","31","261","116","1","86","C0029131"
"7471","4921","2","5","7","53","14","20","25","573","186","C0029131"
"7472","6916","2","3","5","91","175","119","167","224","301","C0029131"
"7473","4221","2","3","12","19","31","342","454","573","492","C0029172"
"7474","5979","2","5","7","53","14","20","25","40","186","C0029172"
"7475","90","2","5","7","53","51","342","259","423","389","C0029172"
"7476","1235","2","5","4","68","96","326","427","548","672","C0029172"
"7477","2778","2","5","4","68","96","326","427","548","672","C0029172"
"7478","4352","2","5","7","53","14","20","25","40","186","C0029172"
"7479","6885","2","3","12","41","219","339","156","568","697","C0029172"
"7480","2542","2","3","5","80","81","296","399","500","577","C0029172"
"7481","2673","2","3","2","110","94","178","226","297","380","C0029172"
"7482","8864","2","3","3","19","151","276","91","433","118","C0029172"
"7483","11186","2","5","7","60","54","24","30","46","72","C0029172"
"7484","8516","2","5","7","53","51","342","454","573","492","C0029172"
"7485","81622","2","3","2","48","219","50","156","444","697","C0029172"
"7486","9333","2","1","6","11","142","225","142","220","298","C0029172"
"7487","55650","2","3","2","61","77","142","176","235","557","C0029172"
"7488","9533","2","3","2","19","31","1","426","55","78","C0029172"
"7489","6392","2","3","2","48","170","50","119","444","556","C0029191"
"7490","2261","2","5","7","53","14","20","25","40","186","C0029191"
"7491","4221","2","3","12","19","31","342","454","573","492","C0029191"
"7492","860","2","3","12","19","31","276","91","433","118","C0029191"
"7493","6663","2","3","3","19","221","321","428","541","667","C0029191"
"7494","1280","2","5","7","53","51","342","454","573","492","C0029191"
"7495","10686","2","5","6","42","36","71","177","64","219","C0029191"
"7496","5333","2","3","5","18","16","40","417","103","58","C0029191"
"7497","7124","2","3","12","41","219","339","156","568","697","C0029191"
"7498","4072","2","5","7","53","51","119","454","573","492","C0029191"
"7499","4221","2","3","12","19","31","342","454","573","492","C0029191"
"7500","1292","2","5","7","53","51","342","454","573","492","C0029191"
"7501","2239","2","3","2","74","51","342","454","573","492","C0029295"
"7502","1280","2","5","7","53","51","342","454","573","492","C0029295"
"7503","3014","2","3","12","19","31","1","426","55","78","C0029295"
"7504","54463","2","3","2","48","57","110","141","359","462","C0029295"
"7505","2322","2","5","7","53","14","20","25","40","186","C0029396"
"7506","6492","2","3","3","19","151","276","91","433","118","C0029396"
"7507","4359","2","5","7","53","51","342","454","573","492","C0029396"
"7508","8626","2","3","3","19","221","321","428","541","667","C0029401"
"7509","4784","2","3","2","22","33","261","116","159","211","C0029401"
"7510","2068","2","3","12","19","31","261","116","159","211","C0029401"
"7511","7249","2","3","7","60","57","110","141","359","462","C0029401"
"7512","207","2","3","7","53","14","20","34","489","416","C0029401"
"7513","1812","2","5","4","68","96","326","427","548","672","C0029401"
"7514","5982","2","3","12","19","31","261","116","1","86","C0029401"
"7515","6390","2","3","2","48","170","50","119","444","556","C0029401"
"7516","1559","2","3","5","91","214","226","11","348","172","C0029410"
"7517","429","2","3","3","19","221","321","428","541","667","C0029410"
"7518","7099","2","5","7","41","219","339","156","568","697","C0029410"
"7519","2969","2","3","12","19","31","276","91","433","118","C0029410"
"7520","5913","2","5","7","27","36","71","341","223","219","C0029410"
"7521","3075","2","5","7","53","51","119","395","549","674","C0029410"
"7522","54949","2","3","2","48","170","50","119","444","556","C0029411"
"7523","9210","2","5","7","53","51","342","454","573","492","C0029411"
"7524","4914","2","3","2","22","18","266","202","252","252","C0029421"
"7525","3981","2","3","12","19","31","261","116","1","86","C0029421"
"7526","3984","2","5","7","53","14","20","34","540","68","C0029423"
"7527","5184","2","3","5","80","81","166","52","105","349","C0029423"
"7528","2184","2","3","5","76","153","138","236","332","407","C0029434"
"7529","1861","2","5","7","60","14","184","341","544","669","C0029434"
"7530","26503","2","3","2","89","124","204","272","347","442","C0029434"
"7531","4540","2","3","2","48","170","50","119","444","556","C0029434"
"7532","9394","2","3","2","74","58","112","148","193","263","C0029442"
"7533","3094","2","3","2","48","170","266","367","500","78","C0029442"
"7534","2159","2","5","7","68","51","119","454","549","674","C0029442"
"7535","3559","2","5","7","53","14","20","25","40","186","C0029442"
"7536","3123","2","5","7","53","51","119","156","287","116","C0029442"
"7537","7046","2","3","12","41","219","339","259","423","605","C0029442"
"7538","22948","2","3","12","76","137","76","136","472","435","C0029442"
"7539","1605","2","5","7","53","51","342","454","573","492","C0029442"
"7540","1643","2","3","12","41","116","268","434","468","213","C0029442"
"7541","7535","2","5","7","53","14","20","25","40","186","C0029442"
"7542","2068","2","3","12","19","31","261","116","159","211","C0029442"
"7543","3930","2","3","2","22","33","323","66","3","464","C0029443"
"7544","6775","2","5","7","53","14","119","25","40","186","C0029443"
"7545","50717","2","3","12","41","116","268","434","468","213","C0029443"
"7546","9215","2","5","2","27","36","150","430","215","628","C0029443"
"7547","4803","2","5","7","60","54","24","30","46","72","C0029443"
"7548","4125","2","3","7","34","52","216","395","549","674","C0029443"
"7549","185","2","5","4","68","96","326","427","548","672","C0029443"
"7550","7389","2","3","2","17","24","51","132","210","123","C0029443"
"7551","3852","2","1","6","11","142","225","142","220","298","C0029443"
"7552","2260","2","5","7","53","14","20","25","40","186","C0029443"
"7553","7809","2","5","8","63","45","23","34","464","187","C0029443"
"7554","8504","2","3","5","47","144","185","238","310","392","C0029443"
"7555","1282","2","5","7","53","51","342","454","573","492","C0029443"
"7556","2261","2","5","7","53","14","20","25","40","186","C0029443"
"7557","5328","2","5","7","34","52","216","395","549","674","C0029443"
"7558","526","2","3","5","29","88","132","172","199","308","C0029443"
"7559","5159","2","5","7","53","14","20","25","40","186","C0029443"
"7560","126133","2","3","2","41","119","266","136","341","182","C0029445"
"7561","368","2","3","12","41","116","268","423","536","445","C0029445"
"7562","5727","2","3","12","68","221","197","259","560","422","C0029445"
"7563","4621","2","5","8","63","45","23","103","464","187","C0029445"
"7564","7136","2","5","8","63","45","23","103","464","187","C0029445"
"7565","3560","2","5","7","53","14","20","25","40","186","C0029445"
"7566","1288","2","5","7","53","51","342","454","573","492","C0029445"
"7567","4747","2","5","7","27","36","150","341","223","628","C0029445"
"7568","8856","2","3","3","19","151","276","91","433","118","C0029445"
"7569","58","2","5","8","63","45","23","103","464","187","C0029454"
"7570","6341","2","3","2","48","170","50","119","444","556","C0029454"
"7571","3248","2","3","2","69","83","133","167","224","301","C0029454"
"7572","2068","2","3","12","19","31","261","116","159","211","C0029454"
"7573","2006","2","5","7","53","51","342","454","573","492","C0029454"
"7574","2263","2","5","7","53","14","20","25","40","186","C0029454"
"7575","3766","2","5","8","63","36","166","106","110","158","C0029454"
"7576","5468","2","3","3","19","151","276","91","433","118","C0029454"
"7577","5728","2","3","5","80","81","339","156","568","605","C0029454"
"7578","30008","2","5","7","53","51","342","454","573","492","C0029454"
"7579","3552","2","3","12","53","51","119","156","489","416","C0029454"
"7580","4846","2","3","5","41","219","75","243","44","64","C0029454"
"7581","5193","2","3","5","43","161","305","409","208","482","C0029455"
"7582","5592","2","5","4","53","14","20","34","540","68","C0029455"
"7583","5125","2","5","6","11","51","225","142","220","298","C0029458"
"7584","2776","2","5","4","68","96","326","427","548","672","C0029458"
"7585","4001","2","3","12","76","31","40","38","54","75","C0029458"
"7586","9364","2","5","7","60","54","24","30","46","72","C0029458"
"7587","55636","2","3","3","19","221","321","428","423","389","C0029458"
"7588","7545","2","5","3","34","52","216","142","220","298","C0029458"
"7589","1301","2","5","7","53","51","342","454","573","492","C0029464"
"7590","91942","2","3","2","48","170","50","119","444","556","C0029464"
"7591","847","2","3","7","34","52","216","395","549","674","C0029464"
"7592","1380","2","5","7","53","51","119","395","549","674","C0029464"
"7593","57822","2","3","12","19","31","1","426","55","78","C0029464"
"7594","291","2","3","2","48","170","50","304","167","593","C0029464"
"7595","23224","2","3","12","19","31","1","426","55","78","C0029464"
"7596","3315","2","3","12","41","181","160","362","402","215","C0029464"
"7597","9896","2","3","5","80","81","296","399","201","274","C0029464"
"7598","10981","2","5","7","60","54","24","30","46","72","C0029464"
"7599","7252","2","5","4","68","96","326","427","548","672","C0029464"
"7600","3949","2","5","7","60","14","184","341","544","669","C0029464"
"7601","1528","2","3","5","91","214","271","372","471","586","C0029464"
"7602","55505","2","3","2","110","85","237","433","547","671","C0029464"
"7603","6347","2","5","7","53","51","119","427","489","416","C0029464"
"7604","6532","2","5","8","45","94","199","240","415","666","C0029464"
"7605","7020","2","3","12","19","31","276","91","433","664","C0029464"
"7606","3559","2","5","7","53","14","20","25","40","186","C0029464"
"7607","6662","2","3","3","19","221","321","428","541","667","C0029464"
"7608","6868","2","5","7","53","51","342","454","236","492","C0029464"
"7609","2671","2","3","2","48","170","50","304","167","593","C0029464"
"7610","1947","2","5","7","53","51","20","25","560","373","C0029464"
"7611","540","2","5","8","63","45","23","103","464","187","C0029464"
"7612","2218","2","5","2","53","123","194","255","560","373","C0029882"
"7613","54714","2","5","8","63","36","166","106","110","158","C0029882"
"7614","4352","2","5","7","53","14","20","25","40","186","C0029882"
"7615","6239","2","3","12","19","119","330","214","454","144","C0029882"
"7616","6531","2","5","8","45","94","199","240","415","666","C0029882"
"7617","8518","2","3","12","19","31","1","426","55","78","C0029882"
"7618","4221","2","3","12","19","31","342","454","573","492","C0029882"
"7619","2077","2","3","12","76","153","40","38","54","75","C0029882"
"7620","641","2","3","12","19","31","261","116","1","86","C0029882"
"7621","9573","2","5","7","53","51","342","259","423","389","C0029882"
"7622","6335","2","5","8","63","36","166","341","390","158","C0029882"
"7623","1717","2","3","2","19","151","276","48","69","204","C0029882"
"7624","4998","2","3","12","76","31","261","116","1","86","C0029882"
"7625","392255","2","5","7","53","51","342","259","423","389","C0029882"
"7626","3284","2","3","2","69","98","169","299","183","243","C0029882"
"7627","55325","2","5","7","34","181","23","119","544","187","C0029882"
"7628","445","2","3","2","84","97","167","210","278","360","C0029882"
"7629","9509","2","5","7","53","51","342","454","573","492","C0029882"
"7630","6261","2","5","8","63","45","23","34","464","187","C0029882"
"7631","5468","2","3","3","19","151","276","91","433","118","C0029882"
"7632","1967","2","3","2","110","85","237","433","547","671","C0029882"
"7633","1312","2","3","2","87","79","105","426","129","25","C0029899"
"7634","144568","2","3","6","11","142","225","142","220","298","C0029899"
"7635","4322","2","5","7","53","51","342","454","573","492","C0029928"
"7636","10161","2","5","4","68","96","326","427","548","672","C0029928"
"7637","1281","2","5","7","53","51","342","454","573","492","C0029928"
"7638","7490","2","3","3","19","221","321","428","541","667","C0029944"
"7639","2161","2","5","7","68","51","119","395","549","674","C0029944"
"7640","9533","2","3","2","19","31","1","426","55","78","C0030044"
"7641","9896","2","3","5","80","81","296","399","201","274","C0030044"
"7642","10743","2","3","3","19","151","276","91","433","118","C0030044"
"7643","3033","2","3","2","67","80","145","179","239","618","C0030044"
"7644","3284","2","3","2","69","98","169","299","183","243","C0030044"
"7645","2068","2","3","12","19","31","261","116","159","211","C0030044"
"7646","5077","2","3","3","19","221","321","428","541","667","C0030044"
"7647","6524","2","5","8","45","94","199","240","415","666","C0030044"
"7648","4094","2","3","12","19","31","276","91","433","118","C0030044"
"7649","4983","2","5","7","60","54","24","30","46","72","C0030044"
"7650","472","2","3","12","19","31","261","116","1","86","C0030044"
"7651","27316","2","3","2","22","33","323","66","101","136","C0030044"
"7652","4537","2","3","2","48","170","50","119","444","556","C0030196"
"7653","1806","2","3","2","49","23","186","149","195","61","C0030196"
"7654","4952","2","3","5","60","54","184","30","544","669","C0030246"
"7655","5660","2","5","7","34","52","326","427","548","702","C0030246"
"7656","1236","2","5","4","68","96","326","427","548","672","C0030252"
"7657","10225","2","5","7","53","51","119","395","549","674","C0030252"
"7658","5816","2","5","5","63","36","166","332","175","158","C0030252"
"7659","55612","2","5","7","60","36","71","177","560","701","C0030252"
"7660","3339","2","5","7","53","51","342","454","573","492","C0030252"
"7661","1736","2","3","2","110","85","237","433","547","671","C0030252"
"7662","2488","2","5","4","68","96","326","427","548","672","C0030252"
"7663","2773","2","5","4","68","96","326","427","548","672","C0030252"
"7664","4352","2","5","7","53","14","20","25","40","186","C0030252"
"7665","5573","2","3","12","19","184","118","155","287","116","C0030252"
"7666","4929","2","3","3","19","151","276","91","433","118","C0030252"
"7667","4004","2","3","12","19","31","1","426","55","78","C0030252"
"7668","5292","2","5","7","53","14","20","34","540","68","C0030252"
"7669","6473","2","3","3","19","221","321","428","541","667","C0030252"
"7670","54757","2","5","7","53","51","342","454","573","492","C0030252"
"7671","2200","2","5","7","53","51","342","454","573","492","C0030252"
"7672","8600","2","5","7","41","219","339","156","568","697","C0030252"
"7673","7037","2","5","7","60","14","184","341","544","669","C0030252"
"7674","5582","2","5","7","53","14","20","34","540","68","C0030283"
"7675","2072","2","3","12","19","31","261","116","1","86","C0030283"
"7676","1890","2","3","5","80","81","296","62","94","150","C0030283"
"7677","2132","2","3","2","74","58","112","148","193","263","C0030283"
"7678","7140","2","5","8","63","45","23","103","464","187","C0030286"
"7679","8622","2","3","4","68","96","326","427","548","672","C0030286"
"7680","9790","2","3","2","110","85","237","433","547","671","C0030286"
"7681","2146","2","3","12","19","31","1","426","55","78","C0030286"
"7682","1586","2","3","5","79","98","256","335","425","540","C0030286"
"7683","30","2","3","7","34","52","216","395","208","482","C0030286"
"7684","3162","2","3","5","53","51","119","402","489","416","C0030286"
"7685","6391","2","3","2","48","170","50","119","444","556","C0030286"
"7686","26580","2","5","8","27","70","99","162","216","290","C0030293"
"7687","92667","2","3","2","48","170","50","119","167","593","C0030293"
"7688","5244","2","3","3","41","151","276","91","433","118","C0030293"
"7689","4976","2","3","2","48","170","50","119","444","556","C0030293"
"7690","6239","2","3","12","19","119","330","214","454","144","C0030293"
"7691","9076","2","5","6","42","36","71","177","64","219","C0030293"
"7692","6949","2","3","2","110","85","237","164","390","311","C0030293"
"7693","6347","2","5","7","53","51","119","427","489","416","C0030293"
"7694","1584","2","3","5","79","159","256","276","353","456","C0030293"
"7695","5116","2","3","12","76","153","40","38","54","75","C0030293"
"7696","7403","2","3","12","19","31","1","426","55","78","C0030293"
"7697","2187","2","3","12","19","31","261","116","1","86","C0030293"
"7698","1788","2","3","12","19","31","1","426","55","78","C0030293"
"7699","148","2","5","4","68","96","326","427","548","672","C0030299"
"7700","5932","2","3","12","19","31","261","116","1","86","C0030299"
"7701","3938","2","3","5","80","81","337","448","565","562","C0030319"
"7702","2006","2","5","7","53","51","342","454","573","492","C0030319"
"7703","207","2","3","7","53","14","20","34","489","416","C0030319"
"7704","9056","2","3","8","45","94","199","240","415","666","C0030319"
"7705","23321","2","5","7","53","184","119","156","287","116","C0030319"
"7706","10847","2","3","12","19","31","1","426","55","78","C0030326"
"7707","27019","2","3","12","76","153","40","38","54","75","C0030326"
"7708","9897","2","3","12","76","18","75","38","1","212","C0030326"
"7709","1717","2","3","2","19","151","276","48","69","204","C0030353"
"7710","8425","2","5","7","53","51","342","454","573","492","C0030353"
"7711","5745","2","5","4","68","96","326","427","548","672","C0030353"
"7712","2023","2","3","5","80","81","266","367","500","577","C0030353"
"7713","4091","2","3","12","53","219","342","259","423","389","C0030353"
"7714","4683","2","3","12","19","31","261","116","1","86","C0030353"
"7715","7341","2","3","12","19","31","261","116","1","664","C0030353"
"7716","7421","2","3","3","19","151","276","91","433","118","C0030354"
"7717","4713","2","3","2","48","170","50","119","444","556","C0030354"
"7718","3690","2","5","7","53","51","342","454","573","492","C0030354"
"7719","6606","2","3","2","22","33","323","66","101","136","C0030354"
"7720","27019","2","3","12","76","153","40","38","54","75","C0030354"
"7721","8328","2","3","12","19","31","1","426","55","78","C0030354"
"7722","26154","2","3","5","47","144","185","238","310","392","C0030354"
"7723","3717","2","5","7","53","14","20","25","40","186","C0030354"
"7724","4068","2","5","7","53","51","119","25","549","674","C0030354"
"7725","715","2","5","7","53","51","119","395","549","674","C0030354"
"7726","51422","2","3","2","48","57","110","141","359","462","C0030354"
"7727","4137","2","3","7","27","36","150","341","223","628","C0030354"
"7728","930","2","5","7","53","14","119","25","40","186","C0030354"
"7729","8905","2","5","7","60","153","184","341","544","669","C0030354"
"7730","23345","2","3","12","19","31","1","426","55","78","C0030354"
"7731","8139","2","3","12","41","116","268","434","468","213","C0030354"
"7732","2263","2","5","7","53","14","20","25","40","186","C0030354"
"7733","7227","2","3","12","19","31","276","91","433","118","C0030354"
"7734","3043","2","5","7","34","52","216","395","549","116","C0030354"
"7735","8076","2","5","7","53","51","342","454","573","492","C0030354"
"7736","51151","2","3","5","23","18","138","250","332","407","C0030354"
"7737","2534","2","5","7","53","14","20","25","40","186","C0030354"
"7738","5621","2","5","8","27","36","342","454","573","628","C0030354"
"7739","1028","2","3","12","19","31","1","116","1","86","C0030354"
"7740","4621","2","5","8","63","45","23","103","464","187","C0030354"
"7741","3295","2","3","5","43","161","305","409","208","482","C0030421"
"7742","1571","2","3","5","91","214","271","372","471","26","C0030421"
"7743","2629","2","3","5","80","81","250","291","152","420","C0030421"
"7744","1584","2","3","5","79","159","256","276","353","456","C0030421"
"7745","4000","2","3","12","26","105","178","226","297","156","C0030421"
"7746","3458","2","5","7","53","184","119","156","287","116","C0030421"
"7747","29926","2","3","2","68","66","123","158","207","278","C0030436"
"7748","3440","2","3","12","19","184","118","155","287","116","C0030436"
"7749","1437","2","5","7","53","14","20","25","40","186","C0030436"
"7750","10166","2","3","2","84","97","167","210","278","360","C0030436"
"7751","2121","2","3","12","41","116","268","434","568","605","C0030436"
"7752","1969","2","5","7","53","14","20","25","560","186","C0030436"
"7753","9401","2","3","12","76","31","261","116","1","86","C0030436"
"7754","4629","2","5","8","63","45","23","103","464","187","C0030446"
"7755","9966","2","5","12","41","219","339","156","568","697","C0030446"
"7756","64175","2","5","7","53","51","342","454","573","492","C0030486"
"7757","6335","2","5","8","63","36","166","341","390","158","C0030486"
"7758","10908","2","3","2","97","173","275","377","473","592","C0030486"
"7759","9966","2","5","12","41","219","339","156","568","697","C0030486"
"7760","596","2","3","12","19","219","339","402","489","416","C0030486"
"7761","1134","2","5","8","27","70","99","162","216","290","C0030491"
"7762","55605","2","3","12","76","153","40","38","54","75","C0030491"
"7763","4536","2","3","2","48","170","50","119","444","556","C0030524"
"7764","2517","2","3","7","34","52","216","395","549","674","C0030524"
"7765","3748","2","5","8","63","36","166","106","110","158","C0030524"
"7766","10059","2","3","2","48","170","50","304","167","304","C0030524"
"7767","2260","2","5","7","53","14","20","25","40","186","C0030524"
"7768","859","2","5","8","63","45","23","103","464","187","C0030524"
"7769","51091","2","3","2","110","85","237","433","547","671","C0030552"
"7770","3074","2","3","7","34","52","216","395","549","607","C0030552"
"7771","9915","2","3","3","27","151","276","91","433","118","C0030554"
"7772","1027","2","3","12","19","31","1","116","1","86","C0030554"
"7773","4621","2","5","8","63","45","23","103","464","187","C0030554"
"7774","8323","2","5","3","68","221","197","259","560","422","C0030554"
"7775","2153","2","5","7","53","51","342","454","573","492","C0030554"
"7776","3953","2","5","7","53","14","20","25","40","186","C0030554"
"7777","5826","2","3","7","48","161","105","139","186","245","C0030554"
"7778","538","2","3","8","63","45","23","103","464","187","C0030554"
"7779","8792","2","3","12","41","219","339","156","568","697","C0030554"
"7780","1081","2","5","4","68","96","326","427","548","672","C0030554"
"7781","11152","2","3","2","48","57","110","141","359","462","C0030554"
"7782","5144","2","3","4","68","96","326","427","548","672","C0030554"
"7783","4256","2","5","7","53","51","342","454","573","492","C0030554"
"7784","406","2","3","3","19","151","276","91","433","118","C0030554"
"7785","3954","2","3","2","48","170","67","119","444","593","C0030554"
"7786","4547","2","5","7","53","51","342","454","573","492","C0030554"
"7787","51021","2","3","2","48","182","67","76","463","153","C0030554"
"7788","5828","2","3","5","43","161","305","409","208","482","C0030554"
"7789","7148","2","5","7","53","51","342","454","573","492","C0030554"
"7790","9569","2","3","12","19","31","276","91","433","118","C0030554"
"7791","627","2","5","7","53","51","335","444","423","373","C0030554"
"7792","10555","2","3","7","34","52","216","395","549","622","C0030554"
"7793","6648","2","3","2","95","151","160","378","173","229","C0030554"
"7794","7290","2","3","12","19","31","1","426","55","78","C0030554"
"7795","25978","2","3","2","48","57","110","141","359","462","C0030554"
"7796","2261","2","5","7","53","14","20","25","40","186","C0030554"
"7797","2304","2","3","12","19","221","321","428","541","667","C0030554"
"7798","5538","2","3","2","115","18","340","269","342","444","C0030554"
"7799","9742","2","3","12","76","153","40","38","54","75","C0030554"
"7800","4671","2","3","12","41","219","339","156","568","697","C0030554"
"7801","26235","2","3","12","41","116","268","434","468","213","C0030554"
"7802","22995","2","3","12","76","153","40","38","54","75","C0030554"
"7803","629","2","5","7","53","51","119","395","549","674","C0030569"
"7804","3949","2","5","7","60","14","184","341","544","669","C0030569"
"7805","2521","2","3","2","22","33","323","66","101","136","C0030569"
"7806","1280","2","5","7","53","51","342","454","573","492","C0030569"
"7807","10804","2","3","12","76","153","40","38","54","75","C0030569"
"7808","5428","2","3","2","48","170","50","119","167","593","C0030569"
"7809","26249","2","3","12","41","116","268","434","468","213","C0030569"
"7810","5015","2","3","3","19","221","321","428","541","667","C0030578"
"7811","7249","2","3","7","60","57","110","141","359","462","C0030578"
"7812","2956","2","3","12","19","31","261","116","1","86","C0030578"
"7813","3759","2","5","8","63","36","166","106","110","158","C0030578"
"7814","1302","2","5","7","53","51","342","454","573","492","C0030578"
"7815","9076","2","5","6","42","36","71","177","64","219","C0030578"
"7816","50640","2","3","5","116","183","295","398","243","327","C0030578"
"7817","30008","2","5","7","53","51","342","454","573","492","C0030578"
"7818","5832","2","3","2","101","62","189","182","509","252","C0030578"
"7819","1030","2","3","12","19","31","1","426","55","78","C0030779"
"7820","9427","2","5","5","53","51","119","252","489","416","C0030779"
"7821","2812","2","5","7","53","51","342","454","573","492","C0030805"
"7822","8195","2","3","12","76","153","76","38","54","75","C0030805"
"7823","8085","2","3","12","19","31","1","426","55","78","C0030805"
"7824","5015","2","3","3","19","221","321","428","541","667","C0030846"
"7825","3553","2","5","7","53","51","119","25","489","416","C0030846"
"7826","685","2","5","7","53","14","20","25","40","186","C0030846"
"7827","1727","2","3","7","34","52","216","395","549","197","C0030849"
"7828","5096","2","3","2","48","40","130","166","127","173","C0030849"
"7829","5818","2","5","7","53","51","335","444","560","373","C0030849"
"7830","7252","2","5","4","68","96","326","427","548","672","C0030849"
"7831","26235","2","3","12","41","116","268","434","468","213","C0030920"
"7832","94","2","5","7","53","51","342","259","423","389","C0030920"
"7833","2057","2","5","7","53","14","20","25","40","186","C0030920"
"7834","1200","2","3","5","80","81","178","226","297","380","C0030920"
"7835","7424","2","5","7","53","51","342","454","573","702","C0030920"
"7836","2006","2","5","7","53","51","342","454","573","492","C0030920"
"7837","142","2","3","12","19","31","261","116","1","86","C0030920"
"7838","1371","2","3","5","17","24","261","116","164","6","C0030920"
"7839","5224","2","3","5","90","167","266","367","500","577","C0030922"
"7840","54487","2","3","2","22","33","323","66","101","136","C0030922"
"7841","9841","2","3","6","11","142","225","142","220","298","C0031019"
"7842","51750","2","3","12","19","31","261","116","1","86","C0031019"
"7843","3814","2","5","4","68","96","326","427","548","672","C0031019"
"7844","23630","2","5","8","63","36","166","106","110","158","C0031039"
"7845","3785","2","5","8","63","36","166","106","110","158","C0031039"
"7846","10815","2","5","7","60","36","71","341","223","666","C0031039"
"7847","23299","2","3","12","76","153","40","38","54","75","C0031039"
"7848","2074","2","3","12","19","31","1","426","55","78","C0031039"
"7849","3566","2","5","7","53","51","119","25","489","416","C0031039"
"7850","3329","2","3","2","48","170","50","304","167","593","C0031039"
"7851","2796","2","5","4","68","96","326","427","548","672","C0031046"
"7852","9927","2","3","12","19","31","118","155","287","116","C0031046"
"7853","6622","2","3","7","27","36","150","341","223","628","C0031046"
"7854","120227","2","3","5","91","214","101","126","460","224","C0031090"
"7855","7545","2","5","3","34","52","216","142","220","298","C0031090"
"7856","7852","2","5","4","68","96","326","427","548","672","C0031090"
"7857","4990","2","3","3","19","221","321","428","541","667","C0031090"
"7858","9897","2","3","12","76","18","75","38","1","212","C0031090"
"7859","1419","2","3","6","63","45","160","362","177","673","C0031090"
"7860","84062","2","5","7","60","18","184","341","544","669","C0031090"
"7861","5354","2","5","7","27","36","150","341","223","628","C0031090"
"7862","8048","2","5","8","63","45","23","103","464","187","C0031090"
"7863","5213","2","3","2","90","167","266","367","500","577","C0031090"
"7864","3745","2","5","8","63","36","166","106","110","158","C0031090"
"7865","2053","2","3","5","80","81","305","409","208","482","C0031090"
"7866","51062","2","5","7","27","36","150","402","489","373","C0031090"
"7867","5428","2","3","2","48","170","50","119","167","593","C0031090"
"7868","2077","2","3","12","76","153","40","38","54","75","C0031090"
"7869","6329","2","5","8","63","36","166","341","390","158","C0031090"
"7870","9533","2","3","2","19","31","1","426","55","78","C0031090"
"7871","8220","2","3","2","22","33","323","66","101","136","C0031090"
"7872","3586","2","5","7","53","51","119","25","489","416","C0031090"
"7873","2588","2","3","7","34","52","216","395","549","674","C0031090"
"7874","4036","2","5","7","60","14","184","341","544","669","C0031099"
"7875","5048","2","3","12","76","153","40","38","54","75","C0031099"
"7876","2798","2","5","4","68","96","326","427","548","672","C0031099"
"7877","4952","2","3","5","60","54","184","30","544","669","C0031099"
"7878","658","2","5","7","53","51","342","259","423","389","C0031099"
"7879","282808","2","5","7","60","54","24","30","46","72","C0031099"
"7880","7020","2","3","12","19","31","276","91","433","664","C0031099"
"7881","63901","2","3","12","34","52","216","402","489","551","C0031099"
"7882","3553","2","5","7","53","51","119","25","489","416","C0031099"
"7883","10312","2","3","7","34","52","216","395","549","674","C0031099"
"7884","4853","2","3","12","19","124","143","428","236","667","C0031099"
"7885","7390","2","3","5","80","81","166","132","175","473","C0031099"
"7886","29072","2","3","12","19","31","1","426","55","78","C0031099"
"7887","3181","2","3","2","22","33","323","66","101","136","C0031099"
"7888","3399","2","3","12","19","31","276","91","433","118","C0031099"
"7889","1145","2","5","8","27","70","99","162","216","290","C0031099"
"7890","5297","2","3","2","11","54","225","181","441","555","C0031099"
"7891","3845","2","5","7","60","54","24","30","46","72","C0031099"
"7892","23411","2","3","12","19","31","1","91","433","118","C0031099"
"7893","2065","2","5","7","53","14","20","25","40","186","C0031099"
"7894","2146","2","3","12","19","31","1","426","55","78","C0031099"
"7895","6548","2","3","2","45","94","199","240","415","326","C0031099"
"7896","3309","2","3","12","41","219","342","347","271","702","C0031149"
"7897","478","2","3","8","63","45","23","366","464","187","C0031149"
"7898","359","2","3","5","80","81","166","397","374","486","C0031149"
"7899","27030","2","3","12","19","31","1","426","55","78","C0031149"
"7900","7020","2","3","12","19","31","276","91","433","664","C0031149"
"7901","2896","2","5","7","34","52","216","395","549","674","C0031149"
"7902","686","2","3","5","80","81","166","166","127","173","C0031149"
"7903","5444","2","3","5","80","147","236","328","411","229","C0031149"
"7904","2263","2","5","7","53","14","20","25","40","186","C0031149"
"7905","6521","2","5","8","35","41","199","40","415","666","C0031149"
"7906","6261","2","5","8","63","45","23","34","464","187","C0031154"
"7907","5096","2","3","2","48","40","130","166","127","173","C0031154"
"7908","2916","2","5","4","68","96","326","427","548","672","C0031154"
"7909","5351","2","5","7","53","51","342","454","573","492","C0031154"
"7910","3373","2","3","5","80","51","342","454","573","492","C0031154"
"7911","5524","2","3","12","76","137","76","402","489","435","C0031154"
"7912","4292","2","3","12","19","31","261","116","1","86","C0031190"
"7913","7290","2","3","12","19","31","1","426","55","78","C0031190"
"7914","2260","2","5","7","53","14","20","25","40","186","C0031212"
"7915","2138","2","3","12","19","31","1","426","55","78","C0031212"
"7916","4000","2","3","12","26","105","178","226","297","156","C0031212"
"7917","30813","2","3","3","19","221","321","428","541","667","C0031212"
"7918","7020","2","3","12","19","31","276","91","433","664","C0031212"
"7919","5885","2","3","12","76","153","40","38","54","75","C0031212"
"7920","5144","2","3","4","68","96","326","427","548","672","C0031212"
"7921","8988","2","3","8","63","45","160","103","464","187","C0031256"
"7922","25942","2","3","12","19","31","1","426","55","78","C0031256"
"7923","5187","2","3","3","19","151","276","91","433","118","C0031256"
"7924","6638","2","3","2","22","33","323","66","101","136","C0031256"
"7925","4853","2","3","12","19","124","143","428","236","667","C0031256"
"7926","2670","2","5","7","27","36","150","341","223","628","C0031256"
"7927","8929","2","3","3","19","221","321","428","541","667","C0031256"
"7928","6833","2","5","8","45","36","166","240","415","666","C0031256"
"7929","3098","2","3","2","90","167","266","367","500","577","C0031256"
"7930","9723","2","5","7","53","51","342","79","560","373","C0031256"
"7931","55612","2","5","7","60","36","71","177","560","701","C0031256"
"7932","10293","2","3","12","41","116","268","434","468","213","C0031256"
"7933","26160","2","3","12","76","153","40","38","54","75","C0031256"
"7934","4312","2","5","7","53","51","342","454","573","492","C0031269"
"7935","3717","2","5","7","53","14","20","25","40","186","C0031269"
"7936","147409","2","1","6","11","142","225","142","220","298","C0031347"
"7937","7518","2","3","12","19","31","261","116","1","86","C0031347"
"7938","8214","2","3","6","11","142","225","142","220","298","C0031391"
"7939","207","2","3","7","53","14","20","34","489","416","C0031391"
"7940","3209","2","3","3","19","221","321","428","541","667","C0031391"
"7941","5016","2","5","7","11","51","342","454","573","617","C0031391"
"7942","7415","2","3","7","34","52","216","395","536","445","C0031391"
"7943","23384","2","3","12","63","45","184","103","572","658","C0031391"
"7944","27077","2","3","12","76","153","40","38","54","75","C0031391"
"7945","374","2","5","7","60","153","40","202","66","203","C0031485"
"7946","785","2","5","8","63","36","166","106","110","158","C0031485"
"7947","5327","2","5","7","53","51","342","454","573","492","C0031511"
"7948","345","2","5","7","53","51","342","454","573","492","C0031511"
"7949","1417","2","5","6","11","142","225","142","177","673","C0031511"
"7950","595","2","3","12","19","31","1","426","489","416","C0031511"
"7951","6913","2","3","3","19","221","321","428","541","667","C0031511"
"7952","8626","2","3","3","19","221","321","428","541","667","C0031511"
"7953","4292","2","3","12","19","31","261","116","1","86","C0031511"
"7954","51085","2","3","2","48","57","110","141","359","462","C0031511"
"7955","6606","2","3","2","22","33","323","66","101","136","C0031511"
"7956","9573","2","5","7","53","51","342","259","423","389","C0031511"
"7957","5465","2","3","3","19","151","276","91","433","118","C0031511"
"7958","3000","2","5","4","68","96","326","427","548","672","C0031511"
"7959","4519","2","3","2","48","170","50","119","508","312","C0031511"
"7960","3265","2","5","7","60","54","24","30","46","72","C0031511"
"7961","6660","2","3","3","19","221","321","428","541","667","C0031511"
"7962","1184","2","5","8","63","45","23","34","464","187","C0031511"
"7963","1280","2","5","7","53","51","342","454","573","492","C0031511"
"7964","6640","2","5","7","42","36","71","177","223","219","C0031511"
"7965","1499","2","3","12","19","221","197","259","560","422","C0031575"
"7966","1674","2","5","8","63","45","23","103","464","187","C0031575"
"7967","5251","2","3","5","80","81","296","474","593","722","C0031900"
"7968","6709","2","5","7","34","52","216","395","572","158","C0031900"
"7969","2548","2","3","7","34","52","216","395","549","674","C0031900"
"7970","1312","2","3","2","87","79","105","426","129","25","C0031900"
"7971","5498","2","3","5","80","81","166","132","175","473","C0031900"
"7972","26608","2","3","2","22","170","50","119","463","153","C0031900"
"7973","9949","2","3","2","22","33","225","142","220","298","C0031900"
"7974","6341","2","3","2","48","170","50","119","444","556","C0031900"
"7975","2239","2","3","2","74","51","342","454","573","492","C0031900"
"7976","54585","2","3","12","76","153","76","38","54","75","C0031900"
"7977","60529","2","3","3","19","221","321","428","541","667","C0031900"
"7978","658","2","5","7","53","51","342","259","423","389","C0032000"
"7979","54332","2","3","2","60","170","40","98","66","203","C0032000"
"7980","2006","2","5","7","53","51","342","454","573","492","C0032000"
"7981","54332","2","3","2","60","170","40","98","66","203","C0032000"
"7982","55505","2","3","2","110","85","237","433","547","671","C0032000"
"7983","7170","2","5","8","63","45","23","103","464","187","C0032000"
"7984","3459","2","5","7","53","184","119","156","287","116","C0032019"
"7985","538","2","3","8","63","45","23","103","464","187","C0032019"
"7986","2290","2","3","3","19","221","321","428","541","667","C0032019"
"7987","4920","2","5","7","53","14","20","259","560","373","C0032019"
"7988","3115","2","5","7","53","184","119","156","287","116","C0032019"
"7989","10585","2","5","2","27","206","324","430","215","290","C0032019"
"7990","10743","2","3","3","19","151","276","91","433","118","C0032045"
"7991","183","2","5","4","68","96","326","427","548","672","C0032045"
"7992","6337","2","5","8","63","45","23","34","464","187","C0032045"
"7993","595","2","3","12","19","31","1","426","489","416","C0032045"
"7994","26275","2","3","2","67","92","67","76","155","153","C0032209"
"7995","2074","2","3","12","19","31","1","426","55","78","C0032209"
"7996","2033","2","3","12","19","31","1","91","433","118","C0032209"
"7997","5447","2","3","5","91","214","271","372","471","586","C0032209"
"7998","1030","2","3","12","19","31","1","426","55","78","C0032209"
"7999","3062","2","5","4","68","96","326","427","548","672","C0032209"
"8000","7852","2","5","4","68","96","326","427","548","672","C0032209"
"8001","367","2","3","12","19","31","276","91","433","118","C0032209"
"8002","3339","2","5","7","53","51","342","454","573","492","C0032209"
"8003","8074","2","5","7","53","14","20","25","40","186","C0032209"
"8004","5195","2","3","5","43","161","305","409","208","482","C0032209"
"8005","2177","2","3","2","110","90","261","431","545","443","C0032209"
"8006","3689","2","5","7","34","52","216","395","549","674","C0032209"
"8007","7291","2","3","12","19","151","276","91","489","416","C0032226"
"8008","5745","2","5","4","68","96","326","427","548","672","C0032226"
"8009","3190","2","3","2","22","33","323","66","101","136","C0032226"
"8010","2773","2","5","4","68","96","326","427","548","672","C0032226"
"8011","3990","2","3","5","26","35","178","9","414","220","C0032226"
"8012","2990","2","3","7","34","52","216","395","549","674","C0032226"
"8013","2261","2","5","7","53","14","20","25","40","186","C0032226"
"8014","5443","2","5","4","68","96","326","427","548","672","C0032226"
"8015","4715","2","3","2","48","170","50","119","444","556","C0032226"
"8016","79923","2","3","3","19","221","321","428","541","667","C0032226"
"8017","207","2","3","7","53","14","20","34","489","416","C0032227"
"8018","2316","2","5","7","53","51","342","454","573","702","C0032227"
"8019","4000","2","3","12","26","105","178","226","297","156","C0032227"
"8020","8642","2","5","7","53","51","335","444","560","373","C0032227"
"8021","6575","2","3","8","45","94","199","240","415","666","C0032227"
"8022","2653","2","3","2","67","104","214","234","306","388","C0032227"
"8023","29110","2","3","12","41","219","339","156","568","697","C0032229"
"8024","7248","2","3","2","48","57","110","141","359","462","C0032229"
"8025","26229","2","3","2","74","205","191","396","408","257","C0032231"
"8026","716","2","5","7","53","51","119","395","549","674","C0032231"
"8027","2239","2","3","2","74","51","342","454","573","492","C0032231"
"8028","1071","2","5","7","53","51","342","454","573","492","C0032231"
"8029","6655","2","5","7","60","54","24","30","46","72","C0032231"
"8030","55612","2","5","7","60","36","71","177","560","701","C0032231"
"8031","3954","2","3","2","48","170","67","119","444","593","C0032231"
"8032","2778","2","5","4","68","96","326","427","548","672","C0032231"
"8033","5116","2","3","12","76","153","40","38","54","75","C0032273"
"8034","3561","2","5","7","53","14","20","25","40","186","C0032273"
"8035","9632","2","3","7","60","153","40","38","54","203","C0032273"
"8036","2239","2","3","2","74","51","342","454","573","492","C0032273"
"8037","4000","2","3","12","26","105","178","226","297","156","C0032273"
"8038","54361","2","5","3","68","221","197","259","560","422","C0032273"
"8039","3853","2","1","6","11","142","225","142","220","298","C0032273"
"8040","2657","2","5","7","53","51","342","259","423","389","C0032273"
"8041","5604","2","5","7","53","14","20","34","540","68","C0032273"
"8042","5894","2","5","7","60","54","23","34","464","187","C0032273"
"8043","5192","2","3","5","43","161","305","409","208","482","C0032273"
"8044","4791","2","3","12","41","219","339","156","568","697","C0032273"
"8045","9723","2","5","7","53","51","342","79","560","373","C0032273"
"8046","55102","2","3","12","76","153","266","367","500","462","C0032273"
"8047","7018","2","5","7","53","51","342","454","573","669","C0032290"
"8048","7471","2","5","3","68","221","197","259","560","422","C0032290"
"8049","7157","2","3","12","19","31","261","402","489","551","C0032326"
"8050","2324","2","5","7","53","14","20","25","40","186","C0032326"
"8051","7555","2","3","2","110","85","237","433","547","671","C0032326"
"8052","207","2","3","7","53","14","20","34","489","416","C0032326"
"8053","51604","2","3","2","61","77","142","176","235","317","C0032326"
"8054","5728","2","3","5","80","81","339","156","568","605","C0032326"
"8055","2033","2","3","12","19","31","1","91","433","118","C0032326"
"8056","8050","2","3","2","67","92","293","55","75","311","C0032461"
"8057","6775","2","5","7","53","14","119","25","40","186","C0032461"
"8058","3313","2","3","2","48","170","50","304","167","593","C0032461"
"8059","5972","2","5","5","34","52","216","397","418","568","C0032461"
"8060","11251","2","5","4","68","96","326","427","548","672","C0032461"
"8061","4645","2","3","4","67","92","293","55","75","311","C0032461"
"8062","9896","2","3","5","80","81","296","399","201","274","C0032461"
"8063","3549","2","5","3","53","51","197","259","560","422","C0032461"
"8064","2516","2","3","3","19","151","276","91","433","118","C0032461"
"8065","2581","2","3","5","80","81","250","291","152","420","C0032461"
"8066","29110","2","3","12","41","219","339","156","568","697","C0032461"
"8067","5308","2","3","3","19","221","321","428","541","667","C0032461"
"8068","55315","2","3","5","80","81","296","62","94","150","C0032463"
"8069","8518","2","3","12","19","31","1","426","55","78","C0032463"
"8070","5889","2","3","12","19","31","261","116","1","86","C0032463"
"8071","54790","2","3","12","19","31","1","426","55","78","C0032463"
"8072","29925","2","3","2","68","66","123","158","207","278","C0032463"
"8073","2947","2","3","5","91","175","271","372","471","586","C0032463"
"8074","6295","2","3","4","68","45","272","427","518","621","C0032578"
"8075","3265","2","5","7","60","54","24","30","46","72","C0032578"
"8076","1969","2","5","7","53","14","20","25","560","186","C0032578"
"8077","5149","2","3","5","68","38","16","477","596","725","C0032578"
"8078","4128","2","3","5","80","81","119","402","489","416","C0032580"
"8079","7409","2","5","7","60","54","24","30","46","72","C0032580"
"8080","526","2","3","5","29","88","132","172","199","308","C0032580"
"8081","2899","2","5","4","68","96","326","427","548","672","C0032580"
"8082","2720","2","3","7","34","52","216","395","21","599","C0032580"
"8083","2516","2","3","3","19","151","276","91","433","118","C0032580"
"8084","1001","2","5","7","53","51","335","444","560","373","C0032580"
"8085","6658","2","3","12","19","221","321","428","541","667","C0032580"
"8086","5894","2","5","7","60","54","23","34","464","187","C0032580"
"8087","4351","2","3","2","90","167","266","367","500","577","C0032580"
"8088","51085","2","3","2","48","57","110","141","359","462","C0032580"
"8089","11107","2","3","12","19","31","1","426","55","78","C0032580"
"8090","477","2","3","8","63","45","23","103","464","187","C0032580"
"8091","6571","2","3","8","60","36","71","341","223","624","C0032580"
"8092","112802","2","1","6","11","142","225","142","220","298","C0032617"
"8093","24","2","3","12","41","116","268","423","536","445","C0032617"
"8094","6575","2","3","8","45","94","199","240","415","666","C0032617"
"8095","1203","2","3","2","41","170","342","423","536","342","C0032617"
"8096","2668","2","5","7","53","14","20","25","40","186","C0032617"
"8097","3280","2","3","12","19","31","143","428","236","667","C0032617"
"8098","2290","2","3","3","19","221","321","428","541","667","C0032617"
"8099","4803","2","5","7","60","54","24","30","46","72","C0032617"
"8100","4351","2","3","2","90","167","266","367","500","577","C0032617"
"8101","2317","2","5","7","63","45","23","103","287","664","C0032617"
"8102","2697","2","3","7","76","153","40","38","54","75","C0032617"
"8103","1736","2","3","2","110","85","237","433","547","671","C0032617"
"8104","4170","2","3","12","41","219","339","402","489","416","C0032617"
"8105","5590","2","5","7","53","14","20","34","540","68","C0032617"
"8106","1836","2","3","2","35","41","94","260","330","375","C0032617"
"8107","547","2","3","7","76","153","40","38","54","75","C0032617"
"8108","3630","2","5","7","53","14","20","25","40","186","C0032617"
"8109","3991","2","3","5","80","81","166","57","83","658","C0032617"
"8110","10516","2","5","7","53","51","342","454","573","492","C0032617"
"8111","23095","2","3","7","76","153","40","38","54","75","C0032617"
"8112","5144","2","3","4","68","96","326","427","548","672","C0032617"
"8113","2099","2","3","12","19","151","276","91","433","118","C0032617"
"8114","6911","2","5","6","19","142","335","259","560","373","C0032617"
"8115","10157","2","3","5","71","102","175","222","290","371","C0032768"
"8116","4488","2","3","3","19","221","321","428","541","667","C0032768"
"8117","5327","2","5","7","53","51","342","454","573","492","C0032768"
"8118","4436","2","3","12","19","31","261","116","1","86","C0032787"
"8119","23322","2","3","12","76","153","40","38","54","75","C0032787"
"8120","7468","2","3","12","19","31","1","426","55","78","C0032787"
"8121","6712","2","5","7","60","153","40","341","223","203","C0032787"
"8122","2812","2","5","7","53","51","342","454","573","492","C0032897"
"8123","1293","2","5","7","53","51","342","454","573","492","C0032897"
"8124","5340","2","5","7","53","51","342","454","573","492","C0032897"
"8125","1301","2","5","7","53","51","342","454","573","492","C0032914"
"8126","26504","2","3","5","42","81","296","399","201","274","C0032914"
"8127","2200","2","5","7","53","51","342","454","573","492","C0032914"
"8128","1277","2","5","7","53","51","342","454","573","492","C0032914"
"8129","4893","2","5","7","34","52","24","30","46","72","C0032914"
"8130","6195","2","3","12","19","14","20","34","540","68","C0032914"
"8131","7314","2","3","12","41","219","261","409","208","482","C0032914"
"8132","2483","2","3","2","22","33","323","66","101","136","C0032914"
"8133","5728","2","3","5","80","81","339","156","568","605","C0032914"
"8134","2705","2","3","12","76","153","40","38","54","75","C0032914"
"8135","54187","2","3","5","80","81","296","272","452","148","C0032914"
"8136","3265","2","5","7","60","54","24","30","46","72","C0032914"
"8137","1509","2","5","7","34","52","216","395","549","568","C0032914"
"8138","6390","2","3","2","48","170","50","119","444","556","C0032914"
"8139","26128","2","3","12","76","153","40","38","54","154","C0032914"
"8140","1030","2","3","12","19","31","1","426","55","78","C0032914"
"8141","355","2","3","7","41","219","339","156","568","697","C0032914"
"8142","3880","2","1","6","11","142","225","142","220","298","C0032914"
"8143","9652","2","3","2","110","85","237","433","547","671","C0032914"
"8144","2200","2","5","7","53","51","342","454","573","492","C0032914"
"8145","2178","2","3","12","19","31","261","116","1","86","C0032914"
"8146","778","2","5","8","63","36","166","341","223","158","C0032914"
"8147","25939","2","3","12","53","184","119","156","287","116","C0032962"
"8148","1499","2","3","12","19","221","197","259","560","422","C0032962"
"8149","2332","2","3","2","22","33","71","373","466","609","C0032962"
"8150","23476","2","3","12","19","31","1","426","159","211","C0032963"
"8151","23322","2","3","12","76","153","40","38","54","75","C0032963"
"8152","4594","2","3","7","48","92","261","116","186","245","C0032963"
"8153","2176","2","3","12","19","31","261","116","1","86","C0032963"
"8154","6567","2","5","8","35","41","77","40","57","80","C0033054"
"8155","6342","2","3","5","80","161","305","409","208","482","C0033054"
"8156","846","2","5","4","68","96","326","427","548","672","C0033054"
"8157","1896","2","5","12","41","219","339","156","568","697","C0033054"
"8158","4359","2","5","7","53","51","342","454","573","492","C0033054"
"8159","5617","2","5","12","19","31","1","426","55","78","C0033054"
"8160","23095","2","3","7","76","153","40","38","54","75","C0033054"
"8161","5443","2","5","4","68","96","326","427","548","672","C0033054"
"8162","9632","2","3","7","60","153","40","38","54","203","C0033054"
"8163","50484","2","3","5","80","109","182","235","307","506","C0033054"
"8164","4868","2","5","7","53","51","335","25","560","373","C0033300"
"8165","7276","2","5","7","34","52","216","395","549","674","C0033300"
"8166","3689","2","5","7","34","52","216","395","549","674","C0033300"
"8167","37","2","3","2","110","105","178","226","297","380","C0033300"
"8168","8517","2","3","12","41","219","339","156","568","697","C0033300"
"8169","6945","2","3","12","19","31","110","141","488","102","C0033375"
"8170","7474","2","5","3","68","221","184","259","544","669","C0033375"
"8171","8803","2","3","8","67","92","293","55","75","311","C0033375"
"8172","10060","2","3","8","41","45","23","423","464","445","C0033375"
"8173","779","2","5","8","63","36","166","341","390","158","C0033375"
"8174","23090","2","3","12","19","151","276","91","433","118","C0033375"
"8175","163882","2","3","12","76","153","40","38","54","658","C0033375"
"8176","8139","2","3","12","41","116","268","434","468","213","C0033375"
"8177","7020","2","3","12","19","31","276","91","433","664","C0033375"
"8178","7133","2","5","7","34","52","216","395","549","697","C0033375"
"8179","3845","2","5","7","60","54","24","30","46","72","C0033581"
"8180","3575","2","5","7","53","51","184","341","544","669","C0033581"
"8181","8626","2","3","3","19","221","321","428","541","667","C0033581"
"8182","51715","2","5","7","60","54","24","30","46","72","C0033626"
"8183","5195","2","3","5","43","161","305","409","208","482","C0033626"
"8184","5830","2","3","5","43","161","305","409","208","482","C0033626"
"8185","2697","2","3","7","76","153","40","38","54","75","C0033680"
"8186","207","2","3","7","53","14","20","34","489","416","C0033680"
"8187","11285","2","3","2","74","205","191","396","408","620","C0033680"
"8188","27032","2","5","8","63","45","23","103","464","187","C0033790"
"8189","6945","2","3","12","19","31","110","141","488","102","C0033790"
"8190","3082","2","5","7","53","51","342","25","40","186","C0033790"
"8191","5146","2","3","5","86","72","258","318","403","518","C0033790"
"8192","16","2","3","2","110","85","237","433","547","154","C0033805"
"8193","6948","2","5","7","48","51","105","139","186","245","C0033805"
"8194","5727","2","3","12","68","221","197","259","560","422","C0033805"
"8195","27089","2","3","2","48","170","50","119","444","542","C0033805"
"8196","7157","2","3","12","19","31","261","402","489","551","C0033805"
"8197","1493","2","5","7","53","51","119","25","40","186","C0033805"
"8198","55624","2","3","2","78","123","194","255","215","412","C0033805"
"8199","270","2","3","5","33","21","47","84","261","246","C0033805"
"8200","6662","2","3","3","19","221","321","428","541","667","C0033805"
"8201","1758","2","5","7","53","51","342","454","573","492","C0033805"
"8202","5192","2","3","5","43","161","305","409","208","482","C0033806"
"8203","4719","2","3","2","48","170","50","119","444","556","C0033806"
"8204","5728","2","3","5","80","81","339","156","568","605","C0033806"
"8205","4976","2","3","2","48","170","50","119","444","556","C0033806"
"8206","1911","2","3","12","19","31","1","426","55","78","C0033847"
"8207","401","2","3","3","19","221","321","428","541","667","C0033847"
"8208","1289","2","5","7","53","51","342","454","573","492","C0033847"
"8209","51082","2","3","2","19","31","1","426","55","78","C0033847"
"8210","229","2","3","2","90","167","266","367","500","577","C0033922"
"8211","2033","2","3","12","19","31","1","91","433","118","C0033922"
"8212","2720","2","3","7","34","52","216","395","21","599","C0033922"
"8213","1062","2","3","12","76","153","40","38","54","75","C0033922"
"8214","4998","2","3","12","76","31","261","116","1","86","C0033922"
"8215","6888","2","3","2","90","167","266","367","500","577","C0033922"
"8216","4000","2","3","12","26","105","178","226","297","156","C0033922"
"8217","92482","2","3","12","76","153","76","38","54","75","C0033937"
"8218","2799","2","3","7","34","52","216","395","549","33","C0033937"
"8219","4625","2","3","8","63","45","23","103","464","187","C0033937"
"8220","54949","2","3","2","48","170","50","119","444","556","C0033937"
"8221","4998","2","3","12","76","31","261","116","1","86","C0033937"
"8222","55650","2","3","2","61","77","142","176","235","557","C0033937"
"8223","860","2","3","12","19","31","276","91","433","118","C0033937"
"8224","4763","2","5","7","60","54","24","30","46","214","C0033937"
"8225","6654","2","5","7","60","54","24","30","46","72","C0033937"
"8226","8200","2","5","7","53","51","342","259","423","389","C0033941"
"8227","6736","2","3","12","19","31","276","91","433","667","C0033941"
"8228","9096","2","5","7","53","51","335","259","560","373","C0033941"
"8229","760","2","3","5","35","41","77","40","78","178","C0033941"
"8230","2353","2","3","12","19","31","1","91","489","416","C0033941"
"8231","51151","2","3","5","23","18","138","250","332","407","C0033941"
"8232","8928","2","3","12","19","221","321","259","423","389","C0033941"
"8233","2668","2","5","7","53","14","20","25","40","186","C0033941"
"8234","1690","2","5","7","27","51","342","454","573","492","C0033941"
"8235","8642","2","5","7","53","51","335","444","560","373","C0033941"
"8236","5261","2","5","7","53","14","20","34","540","68","C0033941"
"8237","1544","2","3","5","91","214","271","372","471","586","C0033941"
"8238","3028","2","3","2","67","92","152","32","252","154","C0033941"
"8239","2778","2","5","4","68","96","326","427","548","672","C0033941"
"8240","8659","2","3","2","67","103","177","225","295","378","C0033941"
"8241","5352","2","5","7","53","51","342","454","573","492","C0033941"
"8242","5648","2","5","7","53","51","119","395","549","674","C0033941"
"8243","23414","2","3","12","19","31","118","155","287","116","C0033953"
"8244","5781","2","5","7","53","14","20","25","40","186","C0033953"
"8245","8626","2","3","3","19","221","321","428","541","667","C0033953"
"8246","9968","2","4","3","24","119","330","214","454","144","C0033953"
"8247","5828","2","3","5","43","161","305","409","208","482","C0033953"
"8248","3586","2","5","7","53","51","119","25","489","416","C0033953"
"8249","3977","2","5","7","53","51","119","25","40","416","C0033999"
"8250","9247","2","5","7","53","221","197","259","423","389","C0033999"
"8251","8481","2","3","12","76","153","40","38","54","75","C0033999"
"8252","7314","2","3","12","41","219","261","409","208","482","C0034013"
"8253","4148","2","5","7","53","51","342","454","573","492","C0034013"
"8254","6608","2","3","3","68","221","321","428","560","667","C0034013"
"8255","2255","2","5","7","53","14","20","25","40","186","C0034013"
"8256","6663","2","3","3","19","221","321","428","541","667","C0034013"
"8257","2332","2","3","2","22","33","71","373","466","609","C0034013"
"8258","7020","2","3","12","19","31","276","91","433","664","C0034013"
"8259","6868","2","5","7","53","51","342","454","236","492","C0034013"
"8260","2697","2","3","7","76","153","40","38","54","75","C0034013"
"8261","10585","2","5","2","27","206","324","430","215","290","C0034013"
"8262","2706","2","3","12","76","153","40","38","54","75","C0034013"
"8263","3756","2","5","8","63","36","166","106","110","158","C0034013"
"8264","1021","2","3","12","19","31","1","426","55","78","C0034013"
"8265","1906","2","5","4","68","96","326","427","548","672","C0034013"
"8266","5190","2","3","5","43","161","305","409","208","482","C0034013"
"8267","2261","2","5","7","53","14","20","25","40","186","C0034013"
"8268","7507","2","3","12","19","31","261","116","1","86","C0034013"
"8269","9051","2","5","7","60","14","20","25","40","215","C0034013"
"8270","4935","2","5","4","68","96","326","427","548","672","C0034013"
"8271","55280","2","3","2","22","33","323","66","101","136","C0034013"
"8272","54551","2","3","12","41","219","197","156","568","422","C0034013"
"8273","3758","2","5","8","63","36","166","106","110","158","C0034013"
"8274","6845","2","5","7","60","14","184","341","544","669","C0034013"
"8275","55650","2","3","2","61","77","142","176","235","557","C0034013"
"8276","6348","2","5","4","68","96","326","427","548","672","C0034013"
"8277","27031","2","3","6","11","142","225","38","331","506","C0034013"
"8278","8626","2","3","3","19","221","321","428","541","667","C0034013"
"8279","6899","2","5","7","53","184","335","259","560","373","C0034050"
"8280","1776","2","5","7","105","219","261","402","129","215","C0034050"
"8281","930","2","5","7","53","14","119","25","40","186","C0034050"
"8282","6910","2","3","12","19","51","335","444","560","373","C0034050"
"8283","23224","2","3","12","19","31","1","426","55","78","C0034050"
"8284","3973","2","5","4","68","96","326","427","548","672","C0034050"
"8285","6915","2","5","4","68","96","326","427","548","672","C0034063"
"8286","4830","2","3","2","72","109","182","235","307","506","C0034063"
"8287","2067","2","3","12","19","31","261","116","1","86","C0034063"
"8288","368","2","3","12","41","116","268","423","536","445","C0034063"
"8289","6638","2","3","2","22","33","323","66","101","136","C0034063"
"8290","1287","2","5","2","53","51","342","454","573","492","C0034063"
"8291","55315","2","3","5","80","81","296","62","94","150","C0034063"
"8292","440","2","3","2","101","62","189","182","509","154","C0034065"
"8293","207","2","3","7","53","14","20","34","489","416","C0034065"
"8294","22827","2","3","2","22","33","323","66","101","136","C0034065"
"8295","4854","2","5","7","53","51","143","428","236","667","C0034065"
"8296","22909","2","3","12","19","31","261","116","1","86","C0034065"
"8297","538","2","3","8","63","45","23","103","464","187","C0034065"
"8298","7291","2","3","12","19","151","276","91","489","416","C0034065"
"8299","348","2","5","7","53","51","342","454","573","492","C0034065"
"8300","646960","2","3","2","48","184","50","119","444","116","C0034065"
"8301","3752","2","5","8","63","36","166","106","110","158","C0034065"
"8302","9076","2","5","6","42","36","71","177","64","219","C0034065"
"8303","596","2","3","12","19","219","339","402","489","416","C0034065"
"8304","8292","2","5","5","27","51","342","454","573","492","C0034065"
"8305","2033","2","3","12","19","31","1","91","433","118","C0034065"
"8306","5624","2","5","7","53","51","342","454","573","492","C0034065"
"8307","9968","2","4","3","24","119","330","214","454","144","C0034065"
"8308","3423","2","3","5","74","3","342","374","294","590","C0034065"
"8309","8643","2","5","3","68","221","197","259","560","422","C0034065"
"8310","53834","2","5","7","53","51","342","454","573","492","C0034065"
"8311","6895","2","3","2","22","33","323","66","146","194","C0034065"
"8312","3190","2","3","2","22","33","323","66","101","136","C0034065"
"8313","6391","2","3","2","48","170","50","119","444","556","C0034067"
"8314","9227","2","3","2","69","51","101","126","170","224","C0034067"
"8315","811","2","3","2","41","116","342","423","536","342","C0034067"
"8316","7373","2","5","7","53","51","342","454","573","492","C0034067"
"8317","410","2","3","7","34","52","216","395","549","674","C0034067"
"8318","3054","2","3","12","19","31","1","426","55","78","C0034067"
"8319","1201","2","3","2","48","170","50","304","167","593","C0034067"
"8320","1896","2","5","12","41","219","339","156","568","697","C0034067"
"8321","10743","2","3","3","19","151","276","91","433","118","C0034067"
"8322","5352","2","5","7","53","51","342","454","573","492","C0034067"
"8323","23479","2","3","2","48","170","50","119","100","556","C0034067"
"8324","1289","2","5","7","53","51","342","454","573","492","C0034067"
"8325","4803","2","5","7","60","54","24","30","46","72","C0034067"
"8326","51204","2","3","2","48","170","50","119","444","556","C0034067"
"8327","4089","2","3","12","19","219","339","259","423","605","C0034067"
"8328","545","2","3","12","19","31","261","116","1","86","C0034067"
"8329","4292","2","3","12","19","31","261","116","1","86","C0034067"
"8330","2773","2","5","4","68","96","326","427","548","672","C0034067"
"8331","415","2","3","5","105","155","250","291","152","420","C0034067"
"8332","11277","2","3","12","19","31","261","116","1","86","C0034067"
"8333","4000","2","3","12","26","105","178","226","297","156","C0034067"
"8334","547","2","3","7","76","153","40","38","54","75","C0034067"
"8335","9152","2","5","8","45","94","199","240","415","666","C0034067"
"8336","5159","2","5","7","53","14","20","25","40","186","C0034072"
"8337","4000","2","3","12","26","105","178","226","297","156","C0034072"
"8338","54345","2","5","3","19","221","321","428","541","667","C0034072"
"8339","6892","2","3","12","41","116","119","156","568","116","C0034088"
"8340","8518","2","3","12","19","31","1","426","55","78","C0034088"
"8341","3293","2","3","2","69","83","169","94","133","70","C0034088"
"8342","23141","2","3","12","76","105","40","226","489","435","C0034088"
"8343","51314","2","3","2","76","153","178","378","54","229","C0034088"
"8344","9968","2","4","3","24","119","330","214","454","144","C0034091"
"8345","5406","2","3","5","80","81","166","454","76","106","C0034091"
"8346","3052","2","3","2","48","170","50","119","444","556","C0034150"
"8347","5159","2","5","7","53","14","20","25","40","186","C0034150"
"8348","8443","2","3","5","43","161","305","409","208","482","C0034150"
"8349","51626","2","3","12","76","153","40","38","54","75","C0034150"
"8350","64324","2","3","12","19","31","1","426","55","78","C0034150"
"8351","9394","2","3","2","74","58","112","148","193","263","C0034150"
"8352","6329","2","5","8","63","36","166","341","390","158","C0034150"
"8353","26277","2","3","12","19","31","1","426","1","78","C0034150"
"8354","50964","2","5","3","68","221","197","259","423","422","C0034150"
"8355","3592","2","5","7","53","51","119","25","489","416","C0034150"
"8356","6899","2","5","7","53","184","335","259","560","373","C0034150"
"8357","836","2","3","12","41","219","339","402","489","697","C0034150"
"8358","675","2","3","12","19","31","261","116","1","86","C0034150"
"8359","2072","2","3","12","19","31","261","116","1","86","C0034150"
"8360","4893","2","5","7","34","52","24","30","46","72","C0034150"
"8361","699","2","3","12","76","153","40","38","54","75","C0034150"
"8362","9031","2","3","12","19","31","1","426","55","78","C0034150"
"8363","2313","2","3","12","19","31","276","91","433","118","C0034150"
"8364","8878","2","3","12","41","219","339","156","568","697","C0034150"
"8365","11041","2","3","2","27","36","150","341","223","628","C0034150"
"8366","5428","2","3","2","48","170","50","119","167","593","C0034150"
"8367","6833","2","5","8","45","36","166","240","415","666","C0034150"
"8368","5745","2","5","4","68","96","326","427","548","672","C0034150"
"8369","64327","2","5","4","68","96","326","427","548","672","C0034150"
"8370","5551","2","5","7","53","51","119","395","549","674","C0034150"
"8371","11093","2","5","7","53","51","342","454","573","492","C0034150"
"8372","4591","2","3","12","41","116","268","434","468","213","C0034150"
"8373","5328","2","5","7","34","52","216","395","549","674","C0034152"
"8374","3981","2","3","12","19","31","261","116","1","86","C0034152"
"8375","1280","2","5","7","53","51","342","454","573","492","C0034155"
"8376","5961","2","5","7","27","51","326","126","414","702","C0034155"
"8377","3586","2","5","7","53","51","119","25","489","416","C0034155"
"8378","162514","2","5","8","63","45","193","306","390","158","C0034155"
"8379","1063","2","3","12","76","153","40","38","54","75","C0034186"
"8380","5621","2","5","8","27","36","342","454","573","628","C0034186"
"8381","11254","2","3","8","45","94","199","240","415","666","C0034186"
"8382","23064","2","3","6","11","31","261","142","220","664","C0034212"
"8383","6648","2","3","2","95","151","160","378","173","229","C0034212"
"8384","355","2","3","7","41","219","339","156","568","697","C0034212"
"8385","2159","2","5","7","68","51","119","454","549","674","C0034345"
"8386","2121","2","3","12","41","116","268","434","568","605","C0034345"
"8387","650","2","5","7","53","51","342","259","423","389","C0034362"
"8388","9149","2","5","7","53","14","20","34","540","68","C0034362"
"8389","60","2","3","12","60","45","184","155","287","78","C0034362"
"8390","7454","2","5","7","60","14","20","25","40","215","C0034362"
"8391","5119","2","3","2","48","57","110","141","359","462","C0034362"
"8392","1294","2","5","7","53","51","342","454","573","492","C0034372"
"8393","2896","2","5","7","34","52","216","395","549","674","C0034372"
"8394","5743","2","3","5","53","175","119","167","489","416","C0034372"
"8395","5351","2","5","7","53","51","342","454","573","492","C0034372"
"8396","9742","2","3","12","76","153","40","38","54","75","C0034372"
"8397","55703","2","3","2","22","33","261","116","159","211","C0034372"
"8398","2263","2","5","7","53","14","20","25","40","186","C0034372"
"8399","7305","2","5","7","34","52","216","395","549","674","C0034372"
"8400","841","2","3","12","41","219","339","156","568","697","C0034372"
"8401","3981","2","3","12","19","31","261","116","1","86","C0034372"
"8402","8629","2","3","12","19","221","1","428","541","667","C0034734"
"8403","2588","2","3","7","34","52","216","395","549","674","C0034734"
"8404","23230","2","5","7","11","142","71","341","560","219","C0034734"
"8405","54567","2","5","7","53","51","143","428","236","667","C0034880"
"8406","5173","2","5","4","68","96","326","427","548","672","C0034880"
"8407","51082","2","3","2","19","31","1","426","55","78","C0034880"
"8408","2077","2","3","12","76","153","40","38","54","75","C0034880"
"8409","547","2","3","7","76","153","40","38","54","75","C0034880"
"8410","1031","2","3","12","19","31","1","426","55","78","C0034880"
"8411","10243","2","3","2","27","91","71","204","267","352","C0034880"
"8412","5979","2","5","7","53","14","20","25","40","186","C0034880"
"8413","7170","2","5","8","63","45","23","103","464","187","C0034880"
"8414","4593","2","5","7","53","14","20","454","573","492","C0034880"
"8415","9126","2","3","12","76","153","40","38","54","75","C0034880"
"8416","5340","2","5","7","53","51","342","454","573","492","C0034885"
"8417","7508","2","3","12","19","31","261","116","1","664","C0034885"
"8418","9394","2","3","2","74","58","112","148","193","263","C0034885"
"8419","11128","2","3","2","22","33","261","116","159","211","C0034885"
"8420","8284","2","3","12","19","31","1","426","55","78","C0034885"
"8421","1839","2","5","7","53","14","20","25","40","186","C0034885"
"8422","54101","2","3","2","48","170","50","347","167","593","C0034885"
"8423","5119","2","3","2","48","57","110","141","359","462","C0034885"
"8424","5308","2","3","3","19","221","321","428","541","667","C0034885"
"8425","3851","2","3","12","76","153","40","38","54","75","C0034885"
"8426","23236","2","3","4","68","96","326","427","548","672","C0034885"
"8427","128178","2","3","12","41","219","339","156","568","697","C0034885"
"8428","1545","2","3","5","91","175","271","372","443","558","C0034885"
"8429","7507","2","3","12","19","31","261","116","1","86","C0034885"
"8430","7157","2","3","12","19","31","261","402","489","551","C0034885"
"8431","2175","2","3","12","19","31","261","116","1","86","C0034885"
"8432","4000","2","3","12","26","105","178","226","297","156","C0034885"
"8433","5146","2","3","5","86","72","258","318","403","518","C0034885"
"8434","1545","2","3","5","91","175","271","372","443","558","C0034888"
"8435","5618","2","5","7","53","51","119","25","40","186","C0034888"
"8436","5831","2","3","2","101","62","189","182","566","409","C0034888"
"8437","3643","2","5","7","53","14","20","25","40","186","C0034888"
"8438","112","2","5","4","68","96","326","427","548","672","C0034888"
"8439","635","2","3","8","45","94","199","240","415","666","C0034888"
"8440","51204","2","3","2","48","170","50","119","444","556","C0034888"
"8441","1280","2","5","7","53","51","342","454","573","492","C0034888"
"8442","1509","2","5","7","34","52","216","395","549","568","C0034895"
"8443","7124","2","3","12","41","219","339","156","568","697","C0034895"
"8444","6928","2","3","3","19","221","321","428","541","667","C0034895"
"8445","5979","2","5","7","53","14","20","25","40","186","C0034895"
"8446","2954","2","3","5","91","175","271","372","471","586","C0034895"
"8447","3930","2","3","2","22","33","323","66","3","464","C0034933"
"8448","7353","2","3","12","41","219","339","156","568","605","C0034933"
"8449","1302","2","5","7","53","51","342","454","573","492","C0034933"
"8450","7026","2","3","3","19","151","276","91","433","118","C0034933"
"8451","10060","2","3","8","41","45","23","423","464","445","C0034933"
"8452","1308","2","5","7","53","51","119","454","573","492","C0034951"
"8453","9469","2","3","2","103","189","303","29","475","467","C0034951"
"8454","1356","2","3","7","53","51","342","454","573","492","C0034951"
"8455","64127","2","3","12","41","219","339","156","568","697","C0034960"
"8456","5243","2","3","12","41","116","268","423","536","445","C0034960"
"8457","10060","2","3","8","41","45","23","423","464","445","C0035067"
"8458","4512","2","3","2","48","170","110","141","359","8","C0035067"
"8459","4221","2","3","12","19","31","342","454","573","492","C0035067"
"8460","71","2","5","7","60","14","184","103","544","669","C0035067"
"8461","1103","2","3","2","67","92","293","55","75","311","C0035067"
"8462","3507","2","5","7","53","51","119","395","549","674","C0035067"
"8463","2109","2","3","2","48","170","50","119","444","556","C0035067"
"8464","5157","2","5","7","80","81","342","367","500","577","C0035067"
"8465","4254","2","5","7","53","14","20","25","40","186","C0035067"
"8466","29123","2","3","12","19","151","276","91","433","118","C0035204"
"8467","9101","2","3","12","41","219","339","156","568","605","C0035204"
"8468","727","2","5","4","68","96","326","427","548","672","C0035204"
"8469","4683","2","3","12","19","31","261","116","1","86","C0035220"
"8470","5894","2","5","7","60","54","23","34","464","187","C0035220"
"8471","6736","2","3","12","19","31","276","91","433","667","C0035220"
"8472","6309","2","3","5","19","151","76","48","69","204","C0035220"
"8473","2796","2","5","4","68","96","326","427","548","672","C0035228"
"8474","7314","2","3","12","41","219","261","409","208","482","C0035228"
"8475","7439","2","5","8","63","45","23","34","464","187","C0035228"
"8476","10395","2","5","7","60","54","24","30","46","72","C0035228"
"8477","6440","2","5","5","68","96","185","238","310","272","C0035228"
"8478","10243","2","3","2","27","91","71","204","267","352","C0035228"
"8479","8647","2","3","5","46","158","252","352","449","563","C0035228"
"8480","5745","2","5","4","68","96","326","427","548","672","C0035228"
"8481","8314","2","3","12","41","31","1","426","55","78","C0035228"
"8482","2073","2","3","12","19","31","261","116","1","86","C0035228"
"8483","5781","2","5","7","53","14","20","25","40","186","C0035228"
"8484","2316","2","5","7","53","51","342","454","573","702","C0035228"
"8485","5075","2","3","3","19","221","321","428","541","667","C0035228"
"8486","4524","2","3","2","15","166","104","369","117","583","C0035228"
"8487","2643","2","3","5","87","91","75","204","267","352","C0035228"
"8488","6329","2","5","8","63","36","166","341","390","158","C0035228"
"8489","348","2","5","7","53","51","342","454","573","492","C0035228"
"8490","55112","2","3","12","76","153","40","38","54","75","C0035228"
"8491","5476","2","3","7","34","52","216","395","152","310","C0035232"
"8492","23503","2","3","6","11","142","225","142","220","298","C0035232"
"8493","3909","2","5","7","53","51","342","454","573","492","C0035232"
"8494","6347","2","5","7","53","51","119","427","489","416","C0035232"
"8495","3239","2","3","3","19","221","321","428","541","667","C0035232"
"8496","29954","2","5","2","27","206","324","430","215","290","C0035232"
"8497","2074","2","3","12","19","31","1","426","55","78","C0035232"
"8498","2969","2","3","12","19","31","276","91","433","118","C0035234"
"8499","2483","2","3","2","22","33","323","66","101","136","C0035234"
"8500","6223","2","3","2","110","85","237","433","547","671","C0035235"
"8501","7297","2","5","7","53","184","119","25","40","186","C0035235"
"8502","9829","2","5","7","60","14","184","341","544","669","C0035235"
"8503","4088","2","3","12","19","219","339","259","423","605","C0035235"
"8504","8506","2","5","7","53","51","342","454","573","492","C0035235"
"8505","207","2","3","7","53","14","20","34","489","416","C0035238"
"8506","5979","2","5","7","53","14","20","25","40","186","C0035238"
"8507","7474","2","5","3","68","221","184","259","544","669","C0035238"
"8508","4540","2","3","2","48","170","50","119","444","556","C0035242"
"8509","4308","2","5","8","63","45","193","306","390","158","C0035242"
"8510","2138","2","3","12","19","31","1","426","55","78","C0035242"
"8511","1807","2","3","5","80","23","186","79","560","273","C0035242"
"8512","8517","2","3","12","41","219","339","156","568","697","C0035242"
"8513","2055","2","3","2","27","36","150","402","223","628","C0035242"
"8514","4915","2","5","7","53","14","20","25","40","186","C0035243"
"8515","9839","2","3","3","19","221","321","428","541","667","C0035243"
"8516","3257","2","5","7","60","54","24","30","46","72","C0035243"
"8517","6812","2","5","7","27","36","150","341","223","628","C0035243"
"8518","5192","2","3","5","43","161","305","409","208","482","C0035243"
"8519","26090","2","3","2","80","81","166","397","361","466","C0035243"
"8520","1906","2","5","4","68","96","326","427","548","672","C0035243"
"8521","2131","2","3","2","74","58","112","148","181","416","C0035258"
"8522","3784","2","5","8","63","36","166","106","110","158","C0035258"
"8523","7157","2","3","12","19","31","261","402","489","551","C0035258"
"8524","11281","2","3","3","19","221","321","428","541","667","C0035258"
"8525","2314","2","3","12","63","45","184","103","572","658","C0035258"
"8526","4692","2","5","7","53","51","119","402","489","416","C0035305"
"8527","6812","2","5","7","27","36","150","341","223","628","C0035305"
"8528","10058","2","3","5","44","50","209","68","11","141","C0035305"
"8529","3606","2","5","7","53","51","119","156","489","416","C0035305"
"8530","330","2","3","12","41","219","339","156","568","697","C0035305"
"8531","860","2","3","12","19","31","276","91","433","118","C0035305"
"8532","10908","2","3","2","97","173","275","377","473","592","C0035305"
"8533","5332","2","3","4","68","96","326","427","548","672","C0035305"
"8534","10559","2","3","2","89","124","204","272","347","451","C0035305"
"8535","348","2","5","7","53","51","342","454","573","492","C0035305"
"8536","2022","2","5","7","53","51","342","259","423","389","C0035305"
"8537","1147","2","3","12","41","219","339","156","568","697","C0035305"
"8538","28952","2","3","12","41","116","268","434","468","213","C0035305"
"8539","51057","2","3","12","76","153","40","38","54","75","C0035305"
"8540","9451","2","3","2","110","51","335","226","297","380","C0035305"
"8541","3845","2","5","7","60","54","24","30","46","72","C0035305"
"8542","6913","2","3","3","19","221","321","428","541","667","C0035305"
"8543","6678","2","5","7","53","51","342","454","573","492","C0035305"
"8544","28234","2","5","8","35","41","77","40","57","80","C0035305"
"8545","8820","2","3","3","19","221","321","428","541","667","C0035305"
"8546","9978","2","3","12","41","116","268","434","468","213","C0035305"
"8547","1535","2","5","7","34","52","216","395","549","674","C0035305"
"8548","23426","2","5","7","42","36","71","177","223","219","C0035305"
"8549","7040","2","5","7","53","51","342","454","573","492","C0035305"
"8550","5604","2","5","7","53","14","20","34","540","68","C0035305"
"8551","3543","2","5","7","53","51","119","395","549","674","C0035305"
"8552","7166","2","3","5","80","81","166","307","258","345","C0035305"
"8553","582","2","3","12","76","153","76","38","54","75","C0035305"
"8554","3239","2","3","3","19","221","321","428","541","667","C0035305"
"8555","2261","2","5","7","53","14","20","25","40","186","C0035305"
"8556","23729","2","3","2","90","167","148","36","51","383","C0035305"
"8557","5831","2","3","2","101","62","189","182","566","409","C0035305"
"8558","51626","2","3","12","76","153","40","38","54","75","C0035305"
"8559","3691","2","5","7","53","51","342","454","573","492","C0035313"
"8560","8291","2","5","8","63","45","23","103","464","187","C0035313"
"8561","10585","2","5","2","27","206","324","430","215","290","C0035313"
"8562","9949","2","3","2","22","33","225","142","220","298","C0035313"
"8563","3479","2","5","7","53","51","342","454","573","492","C0035313"
"8564","3572","2","5","7","53","51","119","25","40","186","C0035313"
"8565","5696","2","3","12","41","116","268","156","568","116","C0035313"
"8566","1376","2","3","2","19","151","276","91","433","118","C0035313"
"8567","3949","2","5","7","60","14","184","341","544","669","C0035313"
"8568","673","2","5","7","53","14","20","34","540","68","C0035313"
"8569","4000","2","3","12","26","105","178","226","297","156","C0035313"
"8570","54888","2","3","2","110","85","152","129","252","154","C0035317"
"8571","8425","2","5","7","53","51","342","454","573","492","C0035317"
"8572","6103","2","3","12","76","153","40","38","54","75","C0035317"
"8573","5788","2","5","7","34","52","216","395","549","674","C0035317"
"8574","7512","2","5","5","27","51","335","444","560","373","C0035317"
"8575","2263","2","5","7","53","14","20","25","40","186","C0035317"
"8576","9247","2","5","7","53","221","197","259","423","389","C0035320"
"8577","5340","2","5","7","53","51","342","454","573","492","C0035320"
"8578","5824","2","3","5","47","144","185","238","310","392","C0035320"
"8579","11093","2","5","7","53","51","342","454","573","492","C0035328"
"8580","1832","2","5","7","34","52","225","142","220","298","C0035328"
"8581","8878","2","3","12","41","219","339","156","568","697","C0035328"
"8582","6559","2","5","8","45","94","199","240","415","666","C0035335"
"8583","3977","2","5","7","53","51","119","25","40","416","C0035335"
"8584","4286","2","3","12","19","31","261","116","1","664","C0035335"
"8585","5032","2","5","4","68","96","326","427","548","672","C0035344"
"8586","3030","2","3","2","48","57","339","44","65","31","C0035344"
"8587","1559","2","3","5","91","214","226","11","348","172","C0035344"
"8588","5290","2","3","7","53","14","20","25","40","186","C0035344"
"8589","22858","2","3","7","53","14","20","34","540","68","C0035372"
"8590","627","2","5","7","53","51","335","444","423","373","C0035372"
"8591","10908","2","3","2","97","173","275","377","473","592","C0035372"
"8592","5396","2","3","3","19","221","321","428","541","667","C0035372"
"8593","3295","2","3","5","43","161","305","409","208","482","C0035372"
"8594","2876","2","3","5","80","81","110","378","173","229","C0035372"
"8595","56729","2","5","7","34","52","216","395","549","674","C0035410"
"8596","6229","2","3","2","110","85","237","433","547","671","C0035410"
"8597","3872","2","1","6","11","142","225","142","220","298","C0035410"
"8598","64327","2","5","4","68","96","326","427","548","672","C0035410"
"8599","11232","2","3","3","19","151","276","91","433","118","C0035410"
"8600","1947","2","5","7","53","51","20","25","560","373","C0035410"
"8601","6913","2","3","3","19","221","321","428","541","667","C0035410"
"8602","30813","2","3","3","19","221","321","428","541","667","C0035410"
"8603","2071","2","3","12","19","31","261","116","159","211","C0035410"
"8604","6497","2","5","3","19","221","342","259","423","389","C0035410"
"8605","2239","2","3","2","74","51","342","454","573","492","C0035410"
"8606","2052","2","3","5","91","130","114","290","367","475","C0035410"
"8607","4160","2","5","4","68","96","326","427","548","672","C0035410"
"8608","2395","2","3","2","48","170","50","304","167","593","C0035410"
"8609","23165","2","3","12","22","33","323","66","101","664","C0035410"
"8610","8924","2","3","12","41","116","268","434","468","213","C0035412"
"8611","2632","2","3","2","28","22","48","232","82","114","C0035412"
"8612","7432","2","5","4","68","96","326","427","548","672","C0035412"
"8613","2138","2","3","12","19","31","1","426","55","78","C0035412"
"8614","2161","2","5","7","68","51","119","395","549","674","C0035412"
"8615","4221","2","3","12","19","31","342","454","573","492","C0035412"
"8616","8036","2","5","7","60","54","296","399","359","658","C0035412"
"8617","5592","2","5","4","53","14","20","34","540","68","C0035412"
"8618","51684","2","3","12","41","116","268","38","54","75","C0035412"
"8619","860","2","3","12","19","31","276","91","433","118","C0035412"
"8620","6335","2","5","8","63","36","166","341","390","158","C0035412"
"8621","7021","2","3","12","19","31","261","91","433","664","C0035412"
"8622","23189","2","3","12","19","31","1","426","55","78","C0035412"
"8623","5551","2","5","7","53","51","119","395","549","674","C0035412"
"8624","4148","2","5","7","53","51","342","454","573","492","C0035412"
"8625","19","2","3","3","19","151","276","91","433","118","C0035455"
"8626","1586","2","3","5","79","98","256","335","425","540","C0035455"
"8627","6916","2","3","5","91","175","119","167","224","301","C0035455"
"8628","3909","2","5","7","53","51","342","454","573","492","C0035455"
"8629","6616","2","5","7","34","52","216","341","223","628","C0035455"
"8630","5447","2","3","5","91","214","271","372","471","586","C0035455"
"8631","23204","2","3","2","48","57","110","141","359","462","C0035455"
"8632","2074","2","3","12","19","31","1","426","55","78","C0035455"
"8633","51360","2","3","3","26","35","276","91","433","203","C0035455"
"8634","25836","2","3","12","76","153","40","38","54","75","C0035455"
"8635","54101","2","3","2","48","170","50","347","167","593","C0035455"
"8636","5626","2","3","3","19","221","321","428","541","667","C0035455"
"8637","85358","2","5","7","60","14","71","341","223","219","C0035455"
"8638","2146","2","3","12","19","31","1","426","55","78","C0035455"
"8639","2263","2","5","7","53","14","20","25","40","186","C0035579"
"8640","37","2","3","2","110","105","178","226","297","380","C0035579"
"8641","763","2","3","5","35","41","77","40","526","647","C0035579"
"8642","5982","2","3","12","19","31","261","116","1","86","C0035579"
"8643","1387","2","3","12","19","31","276","91","433","118","C0035579"
"8644","23426","2","5","7","42","36","71","177","223","219","C0035579"
"8645","10297","2","3","12","27","36","150","444","223","628","C0035579"
"8646","10804","2","3","12","76","153","40","38","54","75","C0035579"
"8647","25836","2","3","12","76","153","40","38","54","75","C0035579"
"8648","10020","2","3","2","89","124","204","42","452","258","C0035579"
"8649","4920","2","5","7","53","14","20","259","560","373","C0035579"
"8650","5663","2","5","7","34","52","216","395","549","667","C0035579"
"8651","3675","2","5","7","53","51","342","454","573","492","C0035579"
"8652","9401","2","3","12","76","31","261","116","1","86","C0035579"
"8653","55135","2","3","12","76","137","76","136","472","435","C0035579"
"8654","57817","2","5","7","34","51","342","350","243","561","C0035579"
"8655","5195","2","3","5","43","161","305","409","208","482","C0035579"
"8656","50964","2","5","3","68","221","197","259","423","422","C0035619"
"8657","5395","2","3","12","19","31","261","116","1","86","C0035619"
"8658","51085","2","3","2","48","57","110","141","359","462","C0035619"
"8659","26229","2","3","2","74","205","191","396","408","257","C0035828"
"8660","4016","2","5","7","53","51","342","454","573","492","C0035828"
"8661","2304","2","3","12","19","221","321","428","541","667","C0035828"
"8662","26123","2","3","2","76","153","40","38","54","75","C0035828"
"8663","10758","2","3","12","41","219","339","156","568","697","C0035828"
"8664","10611","2","5","7","60","36","71","177","223","219","C0035828"
"8665","5913","2","5","7","27","36","71","341","223","219","C0035828"
"8666","2317","2","5","7","63","45","23","103","287","664","C0035828"
"8667","10528","2","3","2","110","85","237","433","547","671","C0035828"
"8668","2316","2","5","7","53","51","342","454","573","702","C0035828"
"8669","4654","2","3","12","19","31","276","91","433","118","C0035828"
"8670","4595","2","3","12","19","31","261","116","1","86","C0035828"
"8671","1756","2","5","8","63","45","23","103","464","187","C0035828"
"8672","2068","2","3","12","19","31","261","116","159","211","C0035828"
"8673","1183","2","5","8","63","45","23","34","464","187","C0035854"
"8674","100","2","3","5","33","21","47","56","80","199","C0035854"
"8675","657","2","5","7","53","221","342","259","423","389","C0035854"
"8676","2737","2","3","12","19","116","321","428","54","667","C0035854"
"8677","4598","2","3","2","19","151","276","198","259","427","C0035934"
"8678","1719","2","3","2","76","153","40","116","54","75","C0035934"
"8679","6770","2","5","7","27","36","273","341","100","589","C0036202"
"8680","9031","2","3","12","19","31","1","426","55","78","C0036202"
"8681","5506","2","3","12","76","137","76","136","82","658","C0036202"
"8682","2969","2","3","12","19","31","276","91","433","118","C0036202"
"8683","860","2","3","12","19","31","276","91","433","118","C0036202"
"8684","1585","2","3","5","79","159","256","351","100","589","C0036202"
"8685","6948","2","5","7","48","51","105","139","186","245","C0036202"
"8686","5567","2","3","12","53","14","20","34","540","68","C0036202"
"8687","8200","2","5","7","53","51","342","259","423","389","C0036202"
"8688","5741","2","5","4","68","96","326","427","548","672","C0036323"
"8689","2068","2","3","12","19","31","261","116","159","211","C0036323"
"8690","4921","2","5","7","53","14","20","25","573","186","C0036323"
"8691","126328","2","3","2","48","170","50","119","444","556","C0036330"
"8692","4621","2","5","8","63","45","23","103","464","187","C0036330"
"8693","9215","2","5","2","27","36","150","430","215","628","C0036330"
"8694","3977","2","5","7","53","51","119","25","40","416","C0036337"
"8695","5979","2","5","7","53","14","20","25","40","186","C0036337"
"8696","8481","2","3","12","76","153","40","38","54","75","C0036337"
"8697","2316","2","5","7","53","51","342","454","573","702","C0036337"
"8698","26353","2","3","12","76","45","160","347","271","356","C0036337"
"8699","10577","2","5","7","34","52","216","395","549","674","C0036337"
"8700","2261","2","5","7","53","14","20","25","40","186","C0036337"
"8701","3105","2","5","7","53","51","119","156","287","116","C0036337"
"8702","5595","2","3","7","53","14","20","34","540","68","C0036337"
"8703","8643","2","5","3","68","221","197","259","560","422","C0036337"
"8704","183","2","5","4","68","96","326","427","548","672","C0036337"
"8705","2314","2","3","12","63","45","184","103","572","658","C0036337"
"8706","2796","2","5","4","68","96","326","427","548","672","C0036337"
"8707","9031","2","3","12","19","31","1","426","55","78","C0036337"
"8708","1230","2","5","4","68","96","326","427","548","672","C0036337"
"8709","2706","2","3","12","76","153","40","38","54","75","C0036337"
"8710","3643","2","5","7","53","14","20","25","40","186","C0036337"
"8711","5264","2","3","5","43","161","305","409","208","482","C0036337"
"8712","4514","2","3","2","48","57","110","141","359","5","C0036337"
"8713","6392","2","3","2","48","170","50","119","444","556","C0036337"
"8714","2760","2","3","7","34","52","216","395","549","674","C0036344"
"8715","4990","2","3","3","19","221","321","428","541","667","C0036344"
"8716","7025","2","3","3","19","151","276","91","433","118","C0036344"
"8717","1387","2","3","12","19","31","276","91","433","118","C0036344"
"8718","6497","2","5","3","19","221","342","259","423","389","C0036349"
"8719","5551","2","5","7","53","51","119","395","549","674","C0036349"
"8720","6785","2","3","5","67","7","5","239","311","393","C0036349"
"8721","51259","2","3","2","76","153","40","38","54","75","C0036349"
"8722","3845","2","5","7","60","54","24","30","46","72","C0036349"
"8723","2176","2","3","12","19","31","261","116","1","86","C0036349"
"8724","3757","2","5","8","63","36","166","106","110","158","C0036349"
"8725","3265","2","5","7","60","54","24","30","46","72","C0036349"
"8726","2314","2","3","12","63","45","184","103","572","658","C0036349"
"8727","2316","2","5","7","53","51","342","454","573","702","C0036349"
"8728","462","2","5","7","53","51","342","454","573","492","C0036349"
"8729","1161","2","3","12","41","116","268","434","468","213","C0036349"
"8730","8822","2","5","7","53","14","20","25","40","186","C0036349"
"8731","3209","2","3","3","19","221","321","428","541","667","C0036349"
"8732","3664","2","5","7","53","184","119","156","287","116","C0036349"
"8733","2294","2","3","3","19","221","321","428","541","667","C0036349"
"8734","673","2","5","7","53","14","20","34","540","68","C0036349"
"8735","324","2","3","12","41","219","197","70","255","422","C0036351"
"8736","1387","2","3","12","19","31","276","91","433","118","C0036351"
"8737","4352","2","5","7","53","14","20","25","40","186","C0036400"
"8738","5696","2","3","12","41","116","268","156","568","116","C0036400"
"8739","51057","2","3","12","76","153","40","38","54","75","C0036420"
"8740","4193","2","3","12","19","31","1","116","89","605","C0036420"
"8741","1268","2","5","4","68","96","326","427","548","672","C0036420"
"8742","5897","2","3","12","41","116","268","141","568","605","C0036421"
"8743","427","2","3","7","34","52","216","395","549","420","C0036421"
"8744","3848","2","5","7","34","52","225","142","220","298","C0036421"
"8745","8085","2","3","12","19","31","1","426","55","78","C0036421"
"8746","2624","2","3","12","19","31","1","155","287","116","C0036421"
"8747","23209","2","5","8","63","45","23","103","464","187","C0036421"
"8748","4137","2","3","7","27","36","150","341","223","628","C0036421"
"8749","5781","2","5","7","53","14","20","25","40","186","C0036421"
"8750","23384","2","3","12","63","45","184","103","572","658","C0036421"
"8751","3730","2","5","7","53","14","20","25","40","186","C0036421"
"8752","23327","2","3","12","41","116","268","434","468","213","C0036421"
"8753","2798","2","5","4","68","96","326","427","548","672","C0036439"
"8754","6870","2","5","4","68","96","326","427","548","672","C0036439"
"8755","4322","2","5","7","53","51","342","454","573","492","C0036454"
"8756","6499","2","3","2","110","85","237","433","547","671","C0036454"
"8757","3043","2","5","7","34","52","216","395","549","116","C0036454"
"8758","26040","2","3","12","19","31","1","116","297","78","C0036454"
"8759","6658","2","3","12","19","221","321","428","541","667","C0036454"
"8760","6647","2","3","2","95","2","342","378","173","702","C0036454"
"8761","6572","2","3","7","60","14","184","341","544","669","C0036454"
"8762","3759","2","5","8","63","36","166","106","110","158","C0036454"
"8763","51086","2","3","2","68","45","232","321","406","520","C0036454"
"8764","2776","2","5","4","68","96","326","427","548","672","C0036454"
"8765","7276","2","5","7","34","52","216","395","549","674","C0036454"
"8766","2273","2","5","8","63","45","23","103","464","187","C0036457"
"8767","1749","2","3","3","19","221","321","428","541","667","C0036457"
"8768","411","2","3","7","34","52","216","395","549","674","C0036457"
"8769","1736","2","3","2","110","85","237","433","547","671","C0036489"
"8770","9759","2","3","12","19","31","276","91","433","118","C0036489"
"8771","6532","2","5","8","45","94","199","240","415","666","C0036489"
"8772","1896","2","5","12","41","219","339","156","568","697","C0036489"
"8773","2176","2","3","12","19","31","261","116","1","86","C0036489"
"8774","1281","2","5","7","53","51","342","454","573","492","C0036508"
"8775","2316","2","5","7","53","51","342","454","573","702","C0036508"
"8776","1290","2","5","7","53","51","342","454","573","492","C0036508"
"8777","4852","2","5","4","68","96","326","427","548","672","C0036508"
"8778","54808","2","3","12","76","153","40","38","54","75","C0036508"
"8779","673","2","5","7","53","14","20","34","540","68","C0036508"
"8780","3576","2","5","4","68","96","326","427","548","672","C0036508"
"8781","2530","2","5","2","68","67","320","98","180","279","C0036508"
"8782","269","2","5","7","53","14","20","259","423","389","C0036508"
"8783","25836","2","3","12","76","153","40","38","54","75","C0036508"
"8784","2260","2","5","7","53","14","20","25","40","186","C0036508"
"8785","7248","2","3","2","48","57","110","141","359","462","C0036508"
"8786","8314","2","3","12","41","31","1","426","55","78","C0036508"
"8787","7291","2","3","12","19","151","276","91","489","416","C0036601"
"8788","6608","2","3","3","68","221","321","428","560","667","C0036601"
"8789","6655","2","5","7","60","54","24","30","46","72","C0036601"
"8790","8456","2","3","3","19","221","321","428","541","667","C0036601"
"8791","51574","2","3","2","22","33","323","66","101","136","C0036601"
"8792","22897","2","3","12","76","153","40","38","54","75","C0036601"
"8793","673","2","5","7","53","14","20","34","540","68","C0036601"
"8794","1717","2","3","2","19","151","276","48","69","204","C0036601"
"8795","4624","2","5","8","63","45","23","103","464","187","C0036601"
"8796","9791","2","3","8","45","94","199","240","415","666","C0036601"
"8797","3560","2","5","7","53","14","20","25","40","186","C0036601"
"8798","673","2","5","7","53","14","20","34","540","68","C0036601"
"8799","51604","2","3","2","61","77","142","176","235","317","C0036601"
"8800","3784","2","5","8","63","36","166","106","110","158","C0036601"
"8801","2697","2","3","7","76","153","40","38","54","75","C0036631"
"8802","2916","2","5","4","68","96","326","427","548","672","C0036631"
"8803","6309","2","3","5","19","151","76","48","69","204","C0036631"
"8804","94","2","5","7","53","51","342","259","423","389","C0036631"
"8805","1294","2","5","7","53","51","342","454","573","492","C0036631"
"8806","4688","2","5","7","60","14","20","25","40","215","C0036651"
"8807","5130","2","3","2","85","143","286","51","488","102","C0036651"
"8808","4851","2","3","12","19","221","143","428","236","667","C0036651"
"8809","54453","2","5","7","60","54","24","30","46","72","C0036651"
"8810","6794","2","3","12","53","14","20","34","540","68","C0036651"
"8811","10555","2","3","7","34","52","216","395","549","622","C0036651"
"8812","2263","2","5","7","53","14","20","25","40","186","C0036651"
"8813","3209","2","3","3","19","221","321","428","541","667","C0036651"
"8814","6938","2","3","12","19","31","1","426","55","78","C0036651"
"8815","6154","2","3","2","110","85","237","433","547","671","C0036651"
"8816","2780","2","5","4","68","96","326","427","548","672","C0036690"
"8817","3691","2","5","7","53","51","342","454","573","492","C0036690"
"8818","7040","2","5","7","53","51","342","454","573","492","C0036690"
"8819","4292","2","3","12","19","31","261","116","1","86","C0036690"
"8820","55997","2","5","3","53","221","321","259","423","389","C0036690"
"8821","118429","2","5","8","53","51","197","454","540","422","C0036690"
"8822","1589","2","3","5","79","186","215","297","379","491","C0036875"
"8823","1585","2","3","5","79","159","256","351","100","589","C0036875"
"8824","5625","2","3","2","101","103","177","225","271","356","C0036875"
"8825","9863","2","5","7","42","36","71","177","223","219","C0036875"
"8826","4784","2","3","2","22","33","261","116","159","211","C0036875"
"8827","2969","2","3","12","19","31","276","91","433","118","C0036920"
"8828","5350","2","5","8","63","45","23","103","464","187","C0036920"
"8829","3052","2","3","2","48","170","50","119","444","556","C0036920"
"8830","3930","2","3","2","22","33","323","66","3","464","C0036920"
"8831","10806","2","3","12","76","153","40","38","54","75","C0036920"
"8832","2778","2","5","4","68","96","326","427","548","672","C0036920"
"8833","7174","2","3","12","41","116","268","434","468","213","C0036920"
"8834","2719","2","5","7","53","51","342","454","573","492","C0036920"
"8835","6774","2","3","12","53","14","276","25","489","416","C0036920"
"8836","6010","2","5","4","68","96","326","427","548","672","C0036920"
"8837","6870","2","5","4","68","96","326","427","548","672","C0036920"
"8838","7040","2","5","7","53","51","342","454","573","492","C0036920"
"8839","3664","2","5","7","53","184","119","156","287","116","C0036920"
"8840","857","2","5","7","53","45","23","57","83","422","C0036920"
"8841","27316","2","3","2","22","33","323","66","101","136","C0036920"
"8842","51218","2","3","2","48","170","50","119","100","556","C0036920"
"8843","2521","2","3","2","22","33","323","66","101","136","C0036920"
"8844","2492","2","5","4","68","96","326","427","548","672","C0036920"
"8845","5648","2","5","7","53","51","119","395","549","674","C0036920"
"8846","2074","2","3","12","19","31","1","426","55","78","C0036920"
"8847","1954","2","5","7","53","51","342","454","573","492","C0036920"
"8848","5824","2","3","5","47","144","185","238","310","392","C0036920"
"8849","23592","2","3","12","26","105","342","259","423","389","C0036920"
"8850","1857","2","3","12","76","153","40","38","54","422","C0036920"
"8851","585","2","3","12","76","153","40","38","54","75","C0036920"
"8852","23098","2","3","12","41","219","339","156","568","697","C0036920"
"8853","2239","2","3","2","74","51","342","454","573","492","C0036920"
"8854","5428","2","3","2","48","170","50","119","167","593","C0036939"
"8855","7138","2","5","8","63","45","23","103","464","187","C0036939"
"8856","2040","2","5","7","34","52","216","395","549","674","C0036939"
"8857","7454","2","5","7","60","14","20","25","40","215","C0036939"
"8858","55112","2","3","12","76","153","40","38","54","75","C0036939"
"8859","9968","2","4","3","24","119","330","214","454","144","C0036980"
"8860","1643","2","3","12","41","116","268","434","468","213","C0036980"
"8861","1636","2","3","5","80","81","166","397","418","568","C0036980"
"8862","3728","2","5","7","34","52","225","142","220","298","C0036982"
"8863","959","2","5","7","53","51","119","395","549","674","C0036982"
"8864","6337","2","5","8","63","45","23","34","464","187","C0036982"
"8865","1646","2","3","2","46","136","227","168","225","490","C0036982"
"8866","871","2","5","7","53","51","342","454","573","492","C0036982"
"8867","4292","2","3","12","19","31","261","116","1","86","C0036982"
"8868","22999","2","5","7","60","36","71","341","223","219","C0036982"
"8869","10060","2","3","8","41","45","23","423","464","445","C0036983"
"8870","51025","2","3","2","48","170","50","304","167","593","C0036983"
"8871","288","2","5","7","76","153","40","38","54","203","C0036983"
"8872","5657","2","5","7","34","52","216","395","549","674","C0036983"
"8873","5993","2","3","12","19","31","1","426","55","78","C0036983"
"8874","2395","2","3","2","48","170","50","304","167","593","C0036996"
"8875","4882","2","3","4","68","96","326","427","548","672","C0036996"
"8876","4646","2","3","12","41","45","184","103","572","658","C0037036"
"8877","5444","2","3","5","80","147","236","328","411","229","C0037036"
"8878","54541","2","3","2","48","57","110","141","359","462","C0037036"
"8879","9126","2","3","12","76","153","40","38","54","75","C0037036"
"8880","10555","2","3","7","34","52","216","395","549","622","C0037036"
"8881","3909","2","5","7","53","51","342","454","573","492","C0037036"
"8882","55703","2","3","2","22","33","261","116","159","211","C0037036"
"8883","5345","2","5","7","53","51","342","454","573","702","C0037036"
"8884","2266","2","5","7","53","51","342","454","573","492","C0037036"
"8885","54809","2","5","7","50","30","193","306","148","624","C0037036"
"8886","6496","2","3","3","19","221","321","428","541","667","C0037036"
"8887","5159","2","5","7","53","14","20","25","40","186","C0037036"
"8888","3977","2","5","7","53","51","119","25","40","416","C0037036"
"8889","2296","2","3","3","19","221","321","428","541","667","C0037036"
"8890","8643","2","5","3","68","221","197","259","560","422","C0037036"
"8891","3845","2","5","7","60","54","24","30","46","72","C0037036"
"8892","5447","2","3","5","91","214","271","372","471","586","C0037036"
"8893","190","2","3","3","19","151","276","91","433","118","C0037036"
"8894","7042","2","5","7","53","51","342","454","573","492","C0037036"
"8895","5396","2","3","3","19","221","321","428","541","667","C0037036"
"8896","4982","2","5","12","41","219","339","156","568","697","C0037036"
"8897","8438","2","3","12","76","153","261","116","1","86","C0037036"
"8898","1293","2","5","7","53","51","342","454","573","492","C0037036"
"8899","1736","2","3","2","110","85","237","433","547","671","C0037036"
"8900","5828","2","3","5","43","161","305","409","208","482","C0037036"
"8901","7468","2","3","12","19","31","1","426","55","78","C0037036"
"8902","716","2","5","7","53","51","119","395","549","674","C0037036"
"8903","7124","2","3","12","41","219","339","156","568","697","C0037036"
"8904","27031","2","3","6","11","142","225","38","331","506","C0037052"
"8905","26504","2","3","5","42","81","296","399","201","274","C0037052"
"8906","5449","2","3","3","19","221","321","428","541","667","C0037052"
"8907","5447","2","3","5","91","214","271","372","471","586","C0037052"
"8908","2741","2","5","8","27","70","99","162","216","290","C0037116"
"8909","5277","2","3","2","61","77","142","176","235","317","C0037116"
"8910","25913","2","3","12","19","31","261","116","1","78","C0037116"
"8911","5913","2","5","7","27","36","71","341","223","219","C0037116"
"8912","5395","2","3","12","19","31","261","116","1","86","C0037116"
"8913","6948","2","5","7","48","51","105","139","186","245","C0037116"
"8914","3694","2","5","7","53","51","342","454","573","492","C0037116"
"8915","5145","2","3","4","68","45","272","259","518","621","C0037198"
"8916","23529","2","5","7","53","51","119","25","40","416","C0037198"
"8917","6648","2","3","2","95","151","160","378","173","229","C0037221"
"8918","197322","2","3","2","67","92","265","35","49","174","C0037221"
"8919","3981","2","3","12","19","31","261","116","1","86","C0037221"
"8920","2697","2","3","7","76","153","40","38","54","75","C0037221"
"8921","1146","2","5","8","27","70","99","162","216","290","C0037221"
"8922","3313","2","3","2","48","170","50","304","167","593","C0037221"
"8923","8600","2","5","7","41","219","339","156","568","697","C0037221"
"8924","2192","2","5","7","53","51","342","454","573","492","C0037221"
"8925","4247","2","3","2","68","67","320","98","180","279","C0037221"
"8926","51199","2","3","12","76","153","40","38","54","75","C0037221"
"8927","2239","2","3","2","74","51","342","454","573","492","C0037221"
"8928","5447","2","3","5","91","214","271","372","471","586","C0037221"
"8929","4867","2","5","7","76","153","40","38","54","75","C0037221"
"8930","6736","2","3","12","19","31","276","91","433","667","C0037221"
"8931","6469","2","5","3","53","221","197","259","560","422","C0037221"
"8932","58","2","5","8","63","45","23","103","464","187","C0037221"
"8933","2316","2","5","7","53","51","342","454","573","702","C0037221"
"8934","9733","2","3","2","22","33","323","66","101","136","C0037221"
"8935","7053","2","3","6","11","142","225","142","220","298","C0037287"
"8936","2799","2","3","7","34","52","216","395","549","33","C0037287"
"8937","617","2","3","2","48","170","50","304","167","593","C0037287"
"8938","1301","2","5","7","53","51","342","454","573","492","C0037293"
"8939","713","2","5","7","53","51","119","395","549","674","C0037293"
"8940","10397","2","3","2","110","81","148","402","51","383","C0037293"
"8941","100","2","3","5","33","21","47","56","80","199","C0037293"
"8942","7157","2","3","12","19","31","261","402","489","551","C0037293"
"8943","2944","2","3","5","91","175","271","372","471","586","C0037293"
"8944","5830","2","3","5","43","161","305","409","208","482","C0037293"
"8945","2187","2","3","12","19","31","261","116","1","86","C0037293"
"8946","567","2","5","7","34","52","119","395","549","674","C0037293"
"8947","5551","2","5","7","53","51","119","395","549","674","C0037293"
"8948","51067","2","3","2","110","85","67","76","252","154","C0037301"
"8949","4647","2","5","7","60","83","101","126","170","224","C0037301"
"8950","4137","2","3","7","27","36","150","341","223","628","C0037301"
"8951","1278","2","5","7","53","51","342","454","573","492","C0037301"
"8952","10082","2","3","2","74","51","342","454","573","492","C0037301"
"8953","6647","2","3","2","95","2","342","378","173","702","C0037301"
"8954","4088","2","3","12","19","219","339","259","423","605","C0037301"
"8955","26040","2","3","12","19","31","1","116","297","78","C0037315"
"8956","4508","2","3","2","48","170","50","119","444","556","C0037315"
"8957","3576","2","5","4","68","96","326","427","548","672","C0037315"
"8958","9401","2","3","12","76","31","261","116","1","86","C0037315"
"8959","8787","2","5","4","68","96","326","427","548","672","C0037315"
"8960","8575","2","3","2","22","33","323","66","101","194","C0037315"
"8961","8322","2","5","3","68","221","184","259","544","669","C0037315"
"8962","55084","2","3","12","19","31","261","402","489","215","C0037315"
"8963","2239","2","3","2","74","51","342","454","573","492","C0037315"
"8964","1293","2","5","7","53","51","342","454","573","492","C0037315"
"8965","3730","2","5","7","53","14","20","25","40","186","C0037315"
"8966","9719","2","5","7","53","51","342","454","573","492","C0037315"
"8967","5119","2","3","2","48","57","110","141","359","462","C0037315"
"8968","8924","2","3","12","41","116","268","434","468","213","C0037315"
"8969","5190","2","3","5","43","161","305","409","208","482","C0037579"
"8970","8722","2","3","7","76","153","40","38","54","75","C0037579"
"8971","7140","2","5","8","63","45","23","103","464","187","C0037579"
"8972","1736","2","3","2","110","85","237","433","547","671","C0037763"
"8973","25913","2","3","12","19","31","261","116","1","78","C0037763"
"8974","4683","2","3","12","19","31","261","116","1","86","C0037763"
"8975","54","2","3","5","80","81","178","195","256","342","C0037763"
"8976","3251","2","3","4","68","96","326","427","341","150","C0037763"
"8977","4983","2","5","7","60","54","24","30","46","72","C0037763"
"8978","10262","2","3","2","22","33","323","66","101","136","C0037769"
"8979","1678","2","3","2","48","170","50","304","167","593","C0037769"
"8980","1294","2","5","7","53","51","342","454","573","492","C0037769"
"8981","3032","2","3","2","48","57","38","347","12","145","C0037769"
"8982","2767","2","5","4","68","96","326","427","548","672","C0037769"
"8983","4359","2","5","7","53","51","342","454","573","492","C0037769"
"8984","9321","2","3","12","76","153","40","38","54","203","C0037769"
"8985","5449","2","3","3","19","221","321","428","541","667","C0037769"
"8986","3708","2","5","8","63","45","23","306","390","158","C0037769"
"8987","10243","2","3","2","27","91","71","204","267","352","C0037769"
"8988","8233","2","3","2","22","33","323","66","101","136","C0037769"
"8989","51364","2","3","6","11","142","225","142","220","298","C0037769"
"8990","11285","2","3","2","74","205","191","396","408","620","C0037769"
"8991","3930","2","3","2","22","33","323","66","3","464","C0037769"
"8992","11093","2","5","7","53","51","342","454","573","492","C0037769"
"8993","5420","2","5","7","34","52","342","454","64","492","C0037769"
"8994","54941","2","3","12","41","116","268","434","468","213","C0037769"
"8995","3107","2","5","7","34","52","119","395","549","674","C0037769"
"8996","5602","2","3","12","19","14","150","34","540","68","C0037771"
"8997","51085","2","3","2","48","57","110","141","359","462","C0037771"
"8998","1908","2","5","4","68","96","326","427","548","672","C0037771"
"8999","727","2","5","4","68","96","326","427","548","672","C0037771"
"9000","4524","2","3","2","15","166","104","369","117","583","C0037771"
"9001","3284","2","3","2","69","98","169","299","183","243","C0037771"
"9002","23600","2","3","5","80","81","305","409","208","482","C0037771"
"9003","10312","2","3","7","34","52","216","395","549","674","C0037771"
"9004","4893","2","5","7","34","52","24","30","46","72","C0037771"
"9005","11277","2","3","12","19","31","261","116","1","86","C0037771"
"9006","5190","2","3","5","43","161","305","409","208","482","C0037771"
"9007","7039","2","3","12","19","31","1","426","55","203","C0037771"
"9008","51601","2","3","2","67","92","293","55","75","311","C0037771"
"9009","6247","2","5","7","53","51","342","454","573","492","C0037771"
"9010","2353","2","3","12","19","31","1","91","489","416","C0037771"
"9011","11136","2","3","5","80","94","199","240","415","666","C0037771"
"9012","2260","2","5","7","53","14","20","25","40","186","C0037773"
"9013","3569","2","5","7","53","51","342","454","573","416","C0037773"
"9014","6905","2","3","12","76","153","40","38","54","75","C0037773"
"9015","3476","2","3","12","76","137","76","136","472","435","C0037773"
"9016","1131","2","5","4","68","96","326","427","548","672","C0037773"
"9017","2006","2","5","7","53","51","342","454","573","492","C0037859"
"9018","4540","2","3","2","48","170","50","119","444","556","C0037859"
"9019","2911","2","5","4","68","96","326","427","548","672","C0037889"
"9020","2332","2","3","2","22","33","71","373","466","609","C0037889"
"9021","6324","2","5","7","63","36","166","341","223","158","C0037889"
"9022","26229","2","3","2","74","205","191","396","408","257","C0037889"
"9023","6323","2","5","8","63","36","166","341","390","158","C0037889"
"9024","23261","2","5","7","27","36","150","341","223","628","C0037889"
"9025","5781","2","5","7","53","14","20","25","40","186","C0037889"
"9026","1106","2","3","12","19","31","1","426","55","78","C0037889"
"9027","3098","2","3","2","90","167","266","367","500","577","C0037917"
"9028","5310","2","5","7","53","51","335","444","560","373","C0037917"
"9029","3440","2","3","12","19","184","118","155","287","116","C0037921"
"9030","1285","2","5","7","53","51","342","454","573","492","C0037921"
"9031","2879","2","3","5","80","81","166","378","173","229","C0037921"
"9032","5339","2","5","7","53","51","342","454","573","492","C0037921"
"9033","6103","2","3","12","76","153","40","38","54","75","C0037921"
"9034","1140","2","5","8","27","70","99","162","216","290","C0037926"
"9035","51651","2","3","12","41","219","339","156","568","605","C0037926"
"9036","5019","2","3","2","67","92","293","55","75","311","C0037926"
"9037","1301","2","5","7","53","51","342","454","573","492","C0037926"
"9038","54840","2","3","12","19","31","261","116","1","86","C0037926"
"9039","2253","2","5","7","53","14","20","25","40","186","C0037926"
"9040","23556","2","3","2","61","77","142","176","235","317","C0037926"
"9041","1161","2","3","12","41","116","268","434","468","213","C0037926"
"9042","5476","2","3","7","34","52","216","395","152","310","C0037926"
"9043","60482","2","5","8","45","94","199","240","415","666","C0037926"
"9044","3178","2","3","2","22","33","323","66","101","136","C0037928"
"9045","5896","2","3","12","41","116","268","434","568","605","C0037928"
"9046","5172","2","5","8","45","94","199","240","415","666","C0037928"
"9047","4041","2","5","3","68","221","197","259","560","422","C0037930"
"9048","6507","2","3","2","45","94","199","240","415","666","C0037930"
"9049","3930","2","3","2","22","33","323","66","3","464","C0037997"
"9050","2717","2","3","7","34","52","216","395","549","674","C0037997"
"9051","650","2","5","7","53","51","342","259","423","389","C0037997"
"9052","3664","2","5","7","53","184","119","156","287","116","C0038013"
"9053","545","2","3","12","19","31","261","116","1","86","C0038013"
"9054","860","2","3","12","19","31","276","91","433","118","C0038013"
"9055","7249","2","3","7","60","57","110","141","359","462","C0038013"
"9056","6559","2","5","8","45","94","199","240","415","666","C0038013"
"9057","5982","2","3","12","19","31","261","116","1","86","C0038013"
"9058","2702","2","3","12","76","153","40","38","54","75","C0038013"
"9059","1947","2","5","7","53","51","20","25","560","373","C0038013"
"9060","2010","2","3","12","26","105","296","226","488","156","C0038013"
"9061","4624","2","5","8","63","45","23","103","464","187","C0038013"
"9062","1031","2","3","12","19","31","1","426","55","78","C0038013"
"9063","2668","2","5","7","53","14","20","25","40","186","C0038013"
"9064","5925","2","3","12","19","31","1","426","55","78","C0038015"
"9065","658","2","5","7","53","51","342","259","423","389","C0038015"
"9066","6772","2","3","12","53","184","119","156","287","116","C0038015"
"9067","3655","2","5","7","53","51","342","454","573","492","C0038015"
"9068","2688","2","5","7","53","51","119","25","40","186","C0038015"
"9069","4715","2","3","2","48","170","50","119","444","556","C0038015"
"9070","9533","2","3","2","19","31","1","426","55","78","C0038015"
"9071","5859","2","3","2","110","85","237","433","547","154","C0038016"
"9072","10269","2","3","2","48","182","50","119","444","556","C0038016"
"9073","6833","2","5","8","45","36","166","240","415","666","C0038016"
"9074","3592","2","5","7","53","51","119","25","489","416","C0038016"
"9075","652","2","5","7","53","51","342","454","573","492","C0038016"
"9076","4155","2","5","7","27","36","150","341","223","628","C0038016"
"9077","871","2","5","7","53","51","342","454","573","492","C0038016"
"9078","6628","2","3","2","22","33","323","66","101","136","C0038018"
"9079","1001","2","5","7","53","51","335","444","560","373","C0038018"
"9080","51816","2","5","7","34","52","216","395","549","674","C0038018"
"9081","2263","2","5","7","53","14","20","25","40","186","C0038018"
"9082","7249","2","3","7","60","57","110","141","359","462","C0038018"
"9083","6662","2","3","3","19","221","321","428","541","667","C0038160"
"9084","6154","2","3","2","110","85","237","433","547","671","C0038160"
"9085","6683","2","3","12","76","153","40","38","54","75","C0038160"
"9086","10804","2","3","12","76","153","40","38","54","75","C0038160"
"9087","9895","2","3","2","48","57","110","141","359","462","C0038238"
"9088","805","2","5","8","53","45","20","34","464","187","C0038238"
"9089","658","2","5","7","53","51","342","259","423","389","C0038238"
"9090","23630","2","5","8","63","36","166","106","110","158","C0038238"
"9091","23396","2","3","7","60","14","184","341","544","669","C0038238"
"9092","6442","2","5","8","63","45","23","103","464","187","C0038238"
"9093","1785","2","5","7","60","14","184","341","544","669","C0038238"
"9094","3557","2","3","12","41","219","339","156","568","697","C0038238"
"9095","3592","2","5","7","53","51","119","25","489","416","C0038238"
"9096","1062","2","3","12","76","153","40","38","54","75","C0038238"
"9097","255239","2","5","8","67","36","71","177","75","311","C0038238"
"9098","355","2","3","7","41","219","339","156","568","697","C0038238"
"9099","4791","2","3","12","41","219","339","156","568","697","C0038238"
"9100","7476","2","5","3","68","221","197","259","560","422","C0038238"
"9101","374291","2","3","2","48","170","50","119","444","556","C0038238"
"9102","3265","2","5","7","60","54","24","30","46","72","C0038238"
"9103","27130","2","3","12","48","45","143","38","236","69","C0038238"
"9104","1437","2","5","7","53","14","20","25","40","186","C0038325"
"9105","112755","2","5","7","60","36","71","341","223","203","C0038325"
"9106","598","2","3","12","41","219","339","402","489","416","C0038325"
"9107","6299","2","3","12","19","221","321","428","541","667","C0038325"
"9108","3549","2","5","3","53","51","197","259","560","422","C0038325"
"9109","1490","2","5","7","53","51","342","454","573","492","C0038325"
"9110","55869","2","3","12","19","153","40","38","54","75","C0038325"
"9111","8722","2","3","7","76","153","40","38","54","75","C0038325"
"9112","5728","2","3","5","80","81","339","156","568","605","C0038325"
"9113","2690","2","5","7","53","14","20","25","40","186","C0038325"
"9114","3339","2","5","7","53","51","342","454","573","492","C0038325"
"9115","3704","2","3","5","80","195","300","308","15","633","C0038325"
"9116","30813","2","3","3","19","221","321","428","541","667","C0038325"
"9117","7140","2","5","8","63","45","23","103","464","187","C0038325"
"9118","54756","2","5","7","41","219","238","118","543","214","C0038325"
"9119","7175","2","3","12","22","33","323","66","101","664","C0038325"
"9120","50814","2","3","2","69","221","73","360","86","119","C0038325"
"9121","23111","2","3","12","41","219","339","156","568","697","C0038325"
"9122","51524","2","5","7","45","94","199","240","415","666","C0038325"
"9123","2261","2","5","7","53","14","20","25","40","186","C0038325"
"9124","857","2","5","7","53","45","23","57","83","422","C0038325"
"9125","9401","2","3","12","76","31","261","116","1","86","C0038325"
"9126","8878","2","3","12","41","219","339","156","568","697","C0038325"
"9127","1290","2","5","7","53","51","342","454","573","492","C0038325"
"9128","9509","2","5","7","53","51","342","454","573","492","C0038325"
"9129","5604","2","5","7","53","14","20","34","540","68","C0038325"
"9130","537","2","3","5","29","88","132","85","222","346","C0038325"
"9131","3861","2","1","6","11","142","225","142","220","298","C0038325"
"9132","8626","2","3","3","19","221","321","428","541","667","C0038325"
"9133","3954","2","3","2","48","170","67","119","444","593","C0038325"
"9134","540","2","5","8","63","45","23","103","464","187","C0038354"
"9135","1535","2","5","7","34","52","216","395","549","674","C0038354"
"9136","5116","2","3","12","76","153","40","38","54","75","C0038358"
"9137","9049","2","3","3","41","151","276","378","271","356","C0038358"
"9138","445","2","3","2","84","97","167","210","278","360","C0038358"
"9139","51259","2","3","2","76","153","40","38","54","75","C0038358"
"9140","4286","2","3","12","19","31","261","116","1","664","C0038358"
"9141","215","2","3","5","47","144","185","238","310","392","C0038358"
"9142","10907","2","3","2","22","33","323","66","101","136","C0038358"
"9143","7461","2","3","7","60","153","40","38","93","75","C0038358"
"9144","3123","2","5","7","53","51","119","156","287","116","C0038358"
"9145","2314","2","3","12","63","45","184","103","572","658","C0038358"
"9146","2074","2","3","12","19","31","1","426","55","78","C0038358"
"9147","9531","2","3","12","41","219","339","347","271","356","C0038358"
"9148","4538","2","3","2","48","170","50","119","444","556","C0038358"
"9149","6662","2","3","3","19","221","321","428","541","667","C0038358"
"9150","6647","2","3","2","95","2","342","378","173","702","C0038358"
"9151","6657","2","3","12","19","221","321","428","541","667","C0038358"
"9152","6667","2","3","12","19","31","276","91","433","118","C0038358"
"9153","2690","2","5","7","53","14","20","25","40","186","C0038358"
"9154","26608","2","3","2","22","170","50","119","463","153","C0038362"
"9155","1001","2","5","7","53","51","335","444","560","373","C0038362"
"9156","4758","2","3","7","34","52","216","395","549","517","C0038362"
"9157","779","2","5","8","63","36","166","341","390","158","C0038362"
"9158","1280","2","5","7","53","51","342","454","573","492","C0038362"
"9159","1589","2","3","5","79","186","215","297","379","491","C0038362"
"9160","335","2","5","7","53","51","342","454","573","492","C0038362"
"9161","57728","2","3","12","76","153","40","38","54","75","C0038363"
"9162","5696","2","3","12","41","116","268","156","568","116","C0038363"
"9163","1493","2","5","7","53","51","119","25","40","186","C0038363"
"9164","26137","2","5","7","63","45","184","103","572","658","C0038363"
"9165","23534","2","3","2","22","33","323","66","101","136","C0038363"
"9166","54209","2","5","7","53","51","119","395","549","674","C0038363"
"9167","2177","2","3","2","110","90","261","431","545","443","C0038363"
"9168","2992","2","3","7","34","52","216","395","549","674","C0038363"
"9169","5307","2","3","3","19","221","321","428","541","667","C0038363"
"9170","50964","2","5","3","68","221","197","259","423","422","C0038363"
"9171","54822","2","5","8","63","45","193","306","390","158","C0038363"
"9172","8842","2","5","5","53","82","147","184","179","328","C0038363"
"9173","1001","2","5","7","53","51","335","444","560","373","C0038363"
"9174","5732","2","5","4","68","96","326","427","548","672","C0038363"
"9175","673","2","5","7","53","14","20","34","540","68","C0038363"
"9176","1184","2","5","8","63","45","23","34","464","187","C0038368"
"9177","3115","2","5","7","53","184","119","156","287","116","C0038368"
"9178","4173","2","3","12","76","31","261","116","1","86","C0038449"
"9179","351","2","5","4","68","96","326","188","145","193","C0038449"
"9180","4000","2","3","12","26","105","178","226","297","156","C0038449"
"9181","9569","2","3","12","19","31","276","91","433","118","C0038449"
"9182","10019","2","5","7","53","14","20","25","40","116","C0038450"
"9183","3352","2","5","4","68","96","326","427","548","672","C0038450"
"9184","24","2","3","12","41","116","268","423","536","445","C0038450"
"9185","1364","2","5","6","42","36","71","177","64","219","C0038450"
"9186","11093","2","5","7","53","51","342","454","573","492","C0038450"
"9187","10484","2","3","7","60","153","40","38","54","203","C0038505"
"9188","2717","2","3","7","34","52","216","395","549","674","C0038505"
"9189","1280","2","5","7","53","51","342","454","573","492","C0038525"
"9190","1312","2","3","2","87","79","105","426","129","25","C0038525"
"9191","4306","2","3","3","19","151","276","91","433","118","C0038525"
"9192","4593","2","5","7","53","14","20","454","573","492","C0038525"
"9193","950","2","5","7","60","14","184","341","544","669","C0038525"
"9194","2121","2","3","12","41","116","268","434","568","605","C0038525"
"9195","11322","2","5","7","34","52","216","395","549","674","C0038525"
"9196","1910","2","5","4","68","96","326","427","548","672","C0038605"
"9197","4952","2","3","5","60","54","184","30","544","669","C0038605"
"9198","55651","2","3","2","110","85","237","433","547","671","C0038644"
"9199","27229","2","3","12","76","153","40","38","54","75","C0038644"
"9200","2956","2","3","12","19","31","261","116","1","86","C0038644"
"9201","1299","2","5","7","53","51","342","454","573","492","C0038644"
"9202","54345","2","5","3","19","221","321","428","541","667","C0038644"
"9203","6390","2","3","2","48","170","50","119","444","556","C0038644"
"9204","3265","2","5","7","60","54","24","30","46","72","C0038644"
"9205","58","2","5","8","63","45","23","103","464","187","C0038644"
"9206","472","2","3","12","19","31","261","116","1","86","C0038868"
"9207","788","2","3","2","45","151","199","240","415","666","C0038868"
"9208","9215","2","5","2","27","36","150","430","215","628","C0038868"
"9209","2176","2","3","12","19","31","261","116","1","86","C0038868"
"9210","5073","2","3","2","110","85","323","433","146","194","C0039070"
"9211","26146","2","3","12","76","153","40","38","54","75","C0039070"
"9212","150094","2","3","3","53","14","20","34","540","68","C0039070"
"9213","5728","2","3","5","80","81","339","156","568","605","C0039070"
"9214","538","2","3","8","63","45","23","103","464","187","C0039070"
"9215","8878","2","3","12","41","219","339","156","568","697","C0039070"
"9216","11253","2","3","2","41","116","268","423","536","445","C0039070"
"9217","3356","2","5","4","68","96","326","427","548","672","C0039070"
"9218","775","2","5","8","63","36","166","341","223","158","C0039070"
"9219","7516","2","3","12","19","31","261","116","1","86","C0039070"
"9220","2322","2","5","7","53","14","20","25","40","186","C0039070"
"9221","3560","2","5","7","53","14","20","25","40","186","C0039070"
"9222","10269","2","3","2","48","182","50","119","444","556","C0039070"
"9223","4054","2","5","7","53","51","342","454","573","492","C0039070"
"9224","5727","2","3","12","68","221","197","259","560","422","C0039070"
"9225","1804","2","5","7","27","36","150","341","223","628","C0039070"
"9226","2316","2","5","7","53","51","342","454","573","702","C0039070"
"9227","10806","2","3","12","76","153","40","38","54","75","C0039070"
"9228","3081","2","3","2","91","51","3","267","308","429","C0039070"
"9229","9083","2","3","12","41","116","268","434","468","462","C0039070"
"9230","4221","2","3","12","19","31","342","454","573","492","C0039070"
"9231","10002","2","3","3","19","151","276","91","433","118","C0039070"
"9232","26012","2","3","12","19","31","261","116","159","211","C0039070"
"9233","4000","2","3","12","26","105","178","226","297","156","C0039101"
"9234","2006","2","5","7","53","51","342","454","573","492","C0039101"
"9235","6496","2","3","3","19","221","321","428","541","667","C0039101"
"9236","57560","2","3","12","76","153","40","38","54","75","C0039101"
"9237","4882","2","3","4","68","96","326","427","548","672","C0039101"
"9238","6311","2","3","2","22","33","323","66","362","468","C0039103"
"9239","4540","2","3","2","48","170","50","119","444","556","C0039103"
"9240","25915","2","3","2","48","170","50","119","444","556","C0039103"
"9241","2260","2","5","7","53","14","20","25","40","186","C0039103"
"9242","55636","2","3","3","19","221","321","428","423","389","C0039103"
"9243","54919","2","3","2","41","96","279","304","370","257","C0039103"
"9244","5979","2","5","7","53","14","20","25","40","186","C0039103"
"9245","4878","2","3","12","19","31","1","426","55","78","C0039144"
"9246","1020","2","3","12","19","14","118","34","540","68","C0039144"
"9247","401","2","3","3","19","221","321","428","541","667","C0039144"
"9248","5830","2","3","5","43","161","305","409","208","482","C0039239"
"9249","2673","2","3","2","110","94","178","226","297","380","C0039239"
"9250","25978","2","3","2","48","57","110","141","359","462","C0039239"
"9251","1387","2","3","12","19","31","276","91","433","118","C0039239"
"9252","5009","2","3","2","48","97","50","304","167","593","C0039263"
"9253","1020","2","3","12","19","14","118","34","540","68","C0039263"
"9254","29851","2","5","7","53","14","20","25","40","186","C0039263"
"9255","5192","2","3","5","43","161","305","409","208","482","C0039263"
"9256","5034","2","5","7","53","51","342","454","573","492","C0039338"
"9257","3891","2","1","6","11","142","225","142","220","298","C0039338"
"9258","5290","2","3","7","53","14","20","25","40","186","C0039445"
"9259","51204","2","3","2","48","170","50","119","444","556","C0039445"
"9260","2261","2","5","7","53","14","20","25","40","186","C0039445"
"9261","54714","2","5","8","63","36","166","106","110","158","C0039445"
"9262","23230","2","5","7","11","142","71","341","560","219","C0039446"
"9263","545","2","3","12","19","31","261","116","1","86","C0039446"
"9264","10908","2","3","2","97","173","275","377","473","592","C0039446"
"9265","54903","2","3","12","76","153","40","38","54","75","C0039446"
"9266","54361","2","5","3","68","221","197","259","560","422","C0039446"
"9267","1292","2","5","7","53","51","342","454","573","492","C0039446"
"9268","3952","2","5","3","53","151","276","91","433","118","C0039446"
"9269","5193","2","3","5","43","161","305","409","208","482","C0039446"
"9270","5290","2","3","7","53","14","20","25","40","186","C0039446"
"9271","9935","2","3","12","19","31","1","426","55","78","C0039446"
"9272","1062","2","3","12","76","153","40","38","54","75","C0039446"
"9273","8504","2","3","5","47","144","185","238","310","392","C0039446"
"9274","5476","2","3","7","34","52","216","395","152","310","C0039446"
"9275","919","2","5","7","53","14","119","25","40","186","C0039446"
"9276","2690","2","5","7","53","14","20","25","40","186","C0039446"
"9277","8838","2","5","7","53","51","342","259","423","389","C0039446"
"9278","7319","2","3","12","41","116","268","434","468","213","C0039446"
"9279","668","2","3","12","19","221","321","428","541","664","C0039538"
"9280","6786","2","5","8","63","45","23","103","464","187","C0039538"
"9281","57122","2","3","12","76","153","40","38","54","664","C0039538"
"9282","6473","2","3","3","19","221","321","428","541","667","C0039538"
"9283","4023","2","3","5","24","51","342","91","20","27","C0039584"
"9284","6833","2","5","8","45","36","166","240","415","666","C0039584"
"9285","10878","2","5","7","53","51","119","395","549","674","C0039584"
"9286","6499","2","3","2","110","85","237","433","547","671","C0039584"
"9287","5130","2","3","2","85","143","286","51","488","102","C0039590"
"9288","9927","2","3","12","19","31","118","155","287","116","C0039590"
"9289","6885","2","3","12","41","219","339","156","568","697","C0039590"
"9290","1959","2","3","3","19","151","276","91","433","118","C0039590"
"9291","26525","2","5","7","53","219","119","156","568","697","C0039590"
"9292","472","2","3","12","19","31","261","116","1","86","C0039590"
"9293","411","2","3","7","34","52","216","395","549","674","C0039621"
"9294","175","2","3","7","34","52","216","395","549","674","C0039621"
"9295","4023","2","3","5","24","51","342","91","20","27","C0039621"
"9296","6011","2","5","7","53","14","20","34","540","68","C0039621"
"9297","410","2","3","7","34","52","216","395","549","674","C0039621"
"9298","3977","2","5","7","53","51","119","25","40","416","C0039621"
"9299","54101","2","3","2","48","170","50","347","167","593","C0039621"
"9300","11093","2","5","7","53","51","342","454","573","492","C0039621"
"9301","7040","2","5","7","53","51","342","454","573","492","C0039621"
"9302","2261","2","5","7","53","14","20","25","40","186","C0039621"
"9303","4689","2","5","7","60","14","20","25","40","215","C0039621"
"9304","5251","2","3","5","80","81","296","474","593","722","C0039621"
"9305","8644","2","3","2","46","175","227","167","224","301","C0039621"
"9306","23495","2","3","12","41","219","339","156","568","697","C0039621"
"9307","5447","2","3","5","91","214","271","372","471","586","C0039621"
"9308","26137","2","5","7","63","45","184","103","572","658","C0039621"
"9309","51684","2","3","12","41","116","268","38","54","75","C0039621"
"9310","24","2","3","12","41","116","268","423","536","445","C0039621"
"9311","5860","2","3","2","69","91","75","204","267","352","C0039841"
"9312","8195","2","3","12","76","153","76","38","54","75","C0039841"
"9313","6497","2","5","3","19","221","342","259","423","389","C0039841"
"9314","10891","2","3","3","19","151","276","91","433","118","C0039841"
"9315","23495","2","3","12","41","219","339","156","568","697","C0039978"
"9316","2706","2","3","12","76","153","40","38","54","75","C0039978"
"9317","2200","2","5","7","53","51","342","454","573","492","C0039978"
"9318","1277","2","5","7","53","51","342","454","573","492","C0039981"
"9319","2248","2","5","7","53","14","20","25","40","186","C0039981"
"9320","9531","2","3","12","41","219","339","347","271","356","C0040015"
"9321","3762","2","5","8","63","36","166","106","110","158","C0040015"
"9322","3592","2","5","7","53","51","119","25","489","416","C0040015"
"9323","51259","2","3","2","76","153","40","38","54","75","C0040015"
"9324","4952","2","3","5","60","54","184","30","544","669","C0040028"
"9325","7403","2","3","12","19","31","1","426","55","78","C0040028"
"9326","4157","2","5","4","68","96","326","427","548","672","C0040028"
"9327","51025","2","3","2","48","170","50","304","167","593","C0040028"
"9328","5195","2","3","5","43","161","305","409","208","482","C0040028"
"9329","579","2","3","3","19","221","321","428","541","667","C0040028"
"9330","5728","2","3","5","80","81","339","156","568","605","C0040028"
"9331","5818","2","5","7","53","51","335","444","560","373","C0040028"
"9332","2006","2","5","7","53","51","342","454","573","492","C0040028"
"9333","7124","2","3","12","41","219","339","156","568","697","C0040028"
"9334","1832","2","5","7","34","52","225","142","220","298","C0040028"
"9335","1956","2","5","7","53","14","184","45","544","669","C0040028"
"9336","7136","2","5","8","63","45","23","103","464","187","C0040038"
"9337","9150","2","3","12","19","31","261","116","159","211","C0040038"
"9338","23261","2","5","7","27","36","150","341","223","628","C0040038"
"9339","7353","2","3","12","41","219","339","156","568","605","C0040038"
"9340","857","2","5","7","53","45","23","57","83","422","C0040038"
"9341","6285","2","5","7","41","219","339","156","568","697","C0040038"
"9342","6299","2","3","12","19","221","321","428","541","667","C0040038"
"9343","5447","2","3","5","91","214","271","372","471","586","C0040038"
"9344","54806","2","5","7","76","153","40","38","54","75","C0040038"
"9345","4882","2","3","4","68","96","326","427","548","672","C0040038"
"9346","5831","2","3","2","101","62","189","182","566","409","C0040038"
"9347","8481","2","3","12","76","153","40","38","54","75","C0040038"
"9348","5830","2","3","5","43","161","305","409","208","482","C0040038"
"9349","3094","2","3","2","48","170","266","367","500","78","C0040038"
"9350","5193","2","3","5","43","161","305","409","208","482","C0040038"
"9351","8642","2","5","7","53","51","335","444","560","373","C0040046"
"9352","3293","2","3","2","69","83","169","94","133","70","C0040046"
"9353","1909","2","5","4","68","96","326","427","548","672","C0040046"
"9354","5626","2","3","3","19","221","321","428","541","667","C0040100"
"9355","7474","2","5","3","68","221","184","259","544","669","C0040100"
"9356","3663","2","3","12","53","184","119","156","287","116","C0040100"
"9357","4337","2","3","2","80","91","75","204","267","352","C0040100"
"9358","1760","2","5","8","63","14","20","34","540","68","C0040100"
"9359","7403","2","3","12","19","31","1","426","55","78","C0040128"
"9360","5728","2","3","5","80","81","339","156","568","605","C0040128"
"9361","23509","2","3","2","89","124","143","428","236","667","C0040128"
"9362","11315","2","3","2","48","170","50","399","201","229","C0040128"
"9363","26580","2","5","8","27","70","99","162","216","290","C0040128"
"9364","54101","2","3","2","48","170","50","347","167","593","C0040128"
"9365","9215","2","5","2","27","36","150","430","215","628","C0040128"
"9366","3953","2","5","7","53","14","20","25","40","186","C0040128"
"9367","8813","2","3","2","48","116","142","136","280","363","C0040128"
"9368","5339","2","5","7","53","51","342","454","573","492","C0040128"
"9369","7124","2","3","12","41","219","339","156","568","697","C0040128"
"9370","5290","2","3","7","53","14","20","25","40","186","C0040128"
"9371","3420","2","3","2","67","34","198","33","107","3","C0040128"
"9372","1277","2","5","7","53","51","342","454","573","492","C0040128"
"9373","23384","2","3","12","63","45","184","103","572","658","C0040128"
"9374","9927","2","3","12","19","31","118","155","287","116","C0040128"
"9375","10060","2","3","8","41","45","23","423","464","445","C0040128"
"9376","5351","2","5","7","53","51","342","454","573","492","C0040128"
"9377","54714","2","5","8","63","36","166","106","110","158","C0040128"
"9378","4683","2","3","12","19","31","261","116","1","86","C0040128"
"9379","6578","2","3","5","35","41","77","40","57","80","C0040128"
"9380","10913","2","3","12","41","219","339","156","568","697","C0040128"
"9381","915","2","5","7","53","51","119","341","544","669","C0040128"
"9382","673","2","5","7","53","14","20","34","540","68","C0040128"
"9383","9915","2","3","3","27","151","276","91","433","118","C0040147"
"9384","8517","2","3","12","41","219","339","156","568","697","C0040147"
"9385","11277","2","3","12","19","31","261","116","1","86","C0040147"
"9386","6347","2","5","7","53","51","119","427","489","416","C0040147"
"9387","5663","2","5","7","34","52","216","395","549","667","C0040156"
"9388","6507","2","3","2","45","94","199","240","415","666","C0040156"
"9389","9131","2","3","12","41","219","339","347","271","356","C0040188"
"9390","7133","2","5","7","34","52","216","395","549","697","C0040188"
"9391","6208","2","3","2","110","85","237","433","547","671","C0040261"
"9392","2719","2","5","7","53","51","342","454","573","492","C0040261"
"9393","6331","2","5","8","63","36","166","341","223","158","C0040261"
"9394","3852","2","1","6","11","142","225","142","220","298","C0040261"
"9395","435","2","3","8","84","97","167","210","278","360","C0040261"
"9396","6926","2","5","7","53","51","335","259","560","373","C0040261"
"9397","7415","2","3","7","34","52","216","395","536","445","C0040261"
"9398","10166","2","3","2","84","97","167","210","278","360","C0040261"
"9399","1292","2","5","7","53","51","342","454","573","492","C0040264"
"9400","6890","2","3","12","41","184","119","156","568","116","C0040264"
"9401","3664","2","5","7","53","184","119","156","287","116","C0040264"
"9402","1028","2","3","12","19","31","1","116","1","86","C0040264"
"9403","3575","2","5","7","53","51","184","341","544","669","C0040264"
"9404","51025","2","3","2","48","170","50","304","167","593","C0040264"
"9405","3425","2","3","5","80","81","166","454","573","492","C0040264"
"9406","3892","2","1","6","11","142","225","142","220","298","C0040264"
"9407","7040","2","5","7","53","51","342","454","573","492","C0040264"
"9408","6341","2","3","2","48","170","50","119","444","556","C0040264"
"9409","5130","2","3","2","85","143","286","51","488","102","C0040264"
"9410","9215","2","5","2","27","36","150","430","215","628","C0040264"
"9411","3620","2","3","5","91","214","183","307","391","507","C0040264"
"9412","4514","2","3","2","48","57","110","141","359","5","C0040264"
"9413","4540","2","3","2","48","170","50","119","444","556","C0040264"
"9414","9378","2","5","7","27","36","71","341","223","219","C0040264"
"9415","2778","2","5","4","68","96","326","427","548","672","C0040264"
"9416","3845","2","5","7","60","54","24","30","46","72","C0040264"
"9417","1027","2","3","12","19","31","1","116","1","86","C0040336"
"9418","3172","2","3","3","19","151","276","91","433","118","C0040336"
"9419","7051","2","1","6","11","142","225","142","220","298","C0040336"
"9420","6326","2","5","8","63","36","166","341","390","158","C0040336"
"9421","10075","2","3","12","34","52","216","434","468","213","C0040336"
"9422","8985","2","5","7","53","51","342","454","573","492","C0040336"
"9423","2778","2","5","4","68","96","326","427","548","672","C0040336"
"9424","242","2","3","5","11","142","223","142","220","298","C0040336"
"9425","4204","2","3","12","19","31","1","426","55","78","C0040336"
"9426","444","2","5","8","63","45","23","34","464","187","C0040336"
"9427","2200","2","5","7","53","51","342","454","573","492","C0040336"
"9428","10342","2","3","7","60","219","40","202","66","203","C0040411"
"9429","4613","2","3","12","19","31","1","426","55","78","C0040411"
"9430","2153","2","5","7","53","51","342","454","573","492","C0040411"
"9431","3852","2","1","6","11","142","225","142","220","298","C0040411"
"9432","3784","2","5","8","63","36","166","106","110","158","C0040411"
"9433","7547","2","3","3","19","221","321","428","541","667","C0040411"
"9434","7555","2","3","2","110","85","237","433","547","671","C0040411"
"9435","9394","2","3","2","74","58","112","148","193","263","C0040411"
"9436","11277","2","3","12","19","31","261","116","1","86","C0040412"
"9437","5015","2","3","3","19","221","321","428","541","667","C0040412"
"9438","25959","2","3","3","19","151","276","91","433","118","C0040412"
"9439","25974","2","3","7","48","51","105","139","186","245","C0040412"
"9440","10019","2","5","7","53","14","20","25","40","116","C0040412"
"9441","6303","2","3","2","67","118","160","261","188","423","C0040412"
"9442","5447","2","3","5","91","214","271","372","471","586","C0040412"
"9443","2896","2","5","7","34","52","216","395","549","674","C0040412"
"9444","9723","2","5","7","53","51","342","79","560","373","C0040412"
"9445","4626","2","5","8","63","45","23","103","464","187","C0040412"
"9446","4709","2","3","2","48","170","50","119","444","556","C0040412"
"9447","2200","2","5","7","53","51","342","454","573","492","C0040412"
"9448","11113","2","5","7","53","14","20","34","540","68","C0040412"
"9449","249","2","3","5","27","51","335","444","560","373","C0040412"
"9450","1130","2","5","7","60","54","326","141","359","462","C0040412"
"9451","9993","2","5","7","53","51","342","454","573","492","C0040412"
"9452","4598","2","3","2","19","151","276","198","259","427","C0040412"
"9453","2920","2","5","4","68","96","326","427","548","672","C0040457"
"9454","2263","2","5","7","53","14","20","25","40","186","C0040457"
"9455","8481","2","3","12","76","153","40","38","54","75","C0040457"
"9456","2247","2","5","7","53","14","20","25","40","186","C0040457"
"9457","1161","2","3","12","41","116","268","434","468","213","C0040457"
"9458","6016","2","5","7","60","54","24","30","46","72","C0040457"
"9459","8924","2","3","12","41","116","268","434","468","213","C0040457"
"9460","7403","2","3","12","19","31","1","426","55","78","C0040479"
"9461","5888","2","3","12","19","31","261","116","1","86","C0040479"
"9462","6663","2","3","3","19","221","321","428","541","667","C0040479"
"9463","2200","2","5","7","53","51","342","454","573","492","C0040479"
"9464","846","2","5","4","68","96","326","427","548","672","C0040479"
"9465","116519","2","5","7","53","51","342","454","573","492","C0040479"
"9466","9702","2","3","12","76","153","40","38","54","75","C0040479"
"9467","5339","2","5","7","53","51","342","454","573","492","C0040479"
"9468","22900","2","3","12","41","219","339","156","568","697","C0040485"
"9469","3767","2","5","8","63","36","166","106","110","158","C0040485"
"9470","5167","2","3","5","32","93","163","207","303","126","C0040485"
"9471","547","2","3","7","76","153","40","38","54","75","C0040485"
"9472","6392","2","3","2","48","170","50","119","444","556","C0040485"
"9473","11152","2","3","2","48","57","110","141","359","462","C0040485"
"9474","6390","2","3","2","48","170","50","119","444","556","C0040485"
"9475","2778","2","5","4","68","96","326","427","548","672","C0040485"
"9476","1080","2","3","12","41","219","339","156","544","669","C0040485"
"9477","4625","2","3","8","63","45","23","103","464","187","C0040485"
"9478","8022","2","3","3","110","85","321","428","541","667","C0040485"
"9479","2736","2","3","12","41","116","321","428","54","667","C0040485"
"9480","123041","2","5","8","45","94","199","240","415","666","C0040485"
"9481","5727","2","3","12","68","221","197","259","560","422","C0040485"
"9482","2108","2","3","2","48","170","50","119","444","556","C0040485"
"9483","25978","2","3","2","48","57","110","141","359","462","C0040485"
"9484","1356","2","3","7","53","51","342","454","573","492","C0040485"
"9485","2512","2","3","7","34","52","216","395","544","358","C0040485"
"9486","3265","2","5","7","60","54","24","30","46","72","C0040517"
"9487","2896","2","5","7","34","52","216","395","549","674","C0040517"
"9488","3717","2","5","7","53","14","20","25","40","186","C0040583"
"9489","10312","2","3","7","34","52","216","395","549","674","C0040583"
"9490","348","2","5","7","53","51","342","454","573","492","C0040583"
"9491","5071","2","3","12","41","116","268","434","468","213","C0040583"
"9492","4097","2","3","12","19","31","118","155","287","116","C0040583"
"9493","1584","2","3","5","79","159","256","276","353","456","C0040583"
"9494","4338","2","3","2","110","85","75","204","267","352","C0040583"
"9495","5604","2","5","7","53","14","20","34","540","68","C0040583"
"9496","7957","2","3","5","42","81","296","399","201","274","C0040715"
"9497","5424","2","3","12","19","31","261","116","1","86","C0040715"
"9498","10269","2","3","2","48","182","50","119","444","556","C0040761"
"9499","3440","2","3","12","19","184","118","155","287","116","C0040761"
"9500","611","2","5","4","68","96","326","427","548","672","C0040953"
"9501","4878","2","3","12","19","31","1","426","55","78","C0040953"
"9502","7048","2","5","7","53","51","342","259","423","389","C0040954"
"9503","977","2","5","7","53","51","342","454","573","492","C0040954"
"9504","50964","2","5","3","68","221","197","259","423","422","C0040961"
"9505","2261","2","5","7","53","14","20","25","40","186","C0040961"
"9506","3984","2","5","7","53","14","20","34","540","68","C0040961"
"9507","4166","2","3","2","89","60","99","7","211","217","C0040961"
"9508","1401","2","5","7","53","51","119","395","573","492","C0040962"
"9509","55112","2","3","12","76","153","40","38","54","75","C0040962"
"9510","54567","2","5","7","53","51","143","428","236","667","C0040963"
"9511","5826","2","3","7","48","161","105","139","186","245","C0040963"
"9512","472","2","3","12","19","31","261","116","1","86","C0040997"
"9513","51062","2","5","7","27","36","150","402","489","373","C0040997"
"9514","5728","2","3","5","80","81","339","156","568","605","C0040997"
"9515","2512","2","3","7","34","52","216","395","544","358","C0040997"
"9516","8573","2","5","7","53","36","71","341","223","219","C0040997"
"9517","2218","2","5","2","53","123","194","255","560","373","C0040997"
"9518","11154","2","5","7","60","18","184","341","544","669","C0040997"
"9519","26005","2","3","12","76","153","40","38","54","75","C0040997"
"9520","2263","2","5","7","53","14","20","25","40","186","C0040997"
"9521","8260","2","3","12","41","85","266","76","287","78","C0040997"
"9522","2512","2","3","7","34","52","216","395","544","358","C0040997"
"9523","658","2","5","7","53","51","342","259","423","389","C0040997"
"9524","9871","2","3","7","60","153","40","38","54","203","C0041105"
"9525","5479","2","3","2","53","51","342","454","573","492","C0041105"
"9526","5328","2","5","7","34","52","216","395","549","674","C0041105"
"9527","3458","2","5","7","53","184","119","156","287","116","C0041105"
"9528","23322","2","3","12","76","153","40","38","54","75","C0041105"
"9529","860","2","3","12","19","31","276","91","433","118","C0041105"
"9530","5190","2","3","5","43","161","305","409","208","482","C0041207"
"9531","2153","2","5","7","53","51","342","454","573","492","C0041207"
"9532","596","2","3","12","19","219","339","402","489","416","C0041207"
"9533","22802","2","5","8","63","45","23","34","464","187","C0041296"
"9534","2188","2","3","12","19","31","261","116","1","86","C0041296"
"9535","1736","2","3","2","110","85","237","433","547","671","C0041296"
"9536","1910","2","5","4","68","96","326","427","548","672","C0041296"
"9537","60401","2","3","12","41","219","339","156","568","697","C0041327"
"9538","94","2","5","7","53","51","342","259","423","389","C0041327"
"9539","4692","2","5","7","53","51","119","402","489","416","C0041327"
"9540","26580","2","5","8","27","70","99","162","216","290","C0041341"
"9541","8481","2","3","12","76","153","40","38","54","75","C0041341"
"9542","6197","2","3","12","19","14","20","34","540","68","C0041341"
"9543","4982","2","5","12","41","219","339","156","568","697","C0041349"
"9544","266743","2","3","3","19","151","276","91","433","118","C0041349"
"9545","9632","2","3","7","60","153","40","38","54","203","C0041349"
"9546","8799","2","3","5","43","161","305","409","208","482","C0041349"
"9547","84062","2","5","7","60","18","184","341","544","669","C0041349"
"9548","8799","2","3","5","43","161","305","409","208","482","C0041349"
"9549","1723","2","3","2","48","170","50","119","444","556","C0041349"
"9550","2879","2","3","5","80","81","166","378","173","229","C0041349"
"9551","7046","2","3","12","41","219","339","259","423","605","C0041408"
"9552","2254","2","5","7","53","14","20","25","40","186","C0041408"
"9553","23746","2","3","12","41","83","101","126","271","356","C0041408"
"9554","2584","2","3","2","72","117","196","257","326","46","C0041408"
"9555","60675","2","5","4","68","96","326","427","548","672","C0041408"
"9556","3981","2","3","12","19","31","261","116","1","86","C0041582"
"9557","28956","2","5","7","34","52","216","395","359","462","C0041582"
"9558","54361","2","5","3","68","221","197","259","560","422","C0041657"
"9559","8643","2","5","3","68","221","197","259","560","422","C0041657"
"9560","2879","2","3","5","80","81","166","378","173","229","C0041657"
"9561","2706","2","3","12","76","153","40","38","54","75","C0041667"
"9562","4621","2","5","8","63","45","23","103","464","187","C0041667"
"9563","3081","2","3","2","91","51","3","267","308","429","C0041667"
"9564","7439","2","5","8","63","45","23","34","464","187","C0041667"
"9565","8842","2","5","5","53","82","147","184","179","328","C0041667"
"9566","7249","2","3","7","60","57","110","141","359","462","C0041667"
"9567","2294","2","3","3","19","221","321","428","541","667","C0041667"
"9568","7299","2","3","5","23","18","138","250","332","407","C0041667"
"9569","51","2","3","5","43","151","276","91","433","482","C0041667"
"9570","2632","2","3","2","28","22","48","232","82","114","C0041667"
"9571","2316","2","5","7","53","51","342","454","573","702","C0041667"
"9572","9394","2","3","2","74","58","112","148","193","263","C0041667"
"9573","5621","2","5","8","27","36","342","454","573","628","C0041667"
"9574","3265","2","5","7","60","54","24","30","46","72","C0041667"
"9575","4157","2","5","4","68","96","326","427","548","672","C0041667"
"9576","51360","2","3","3","26","35","276","91","433","203","C0041667"
"9577","2138","2","3","12","19","31","1","426","55","78","C0041667"
"9578","4689","2","5","7","60","14","20","25","40","215","C0041948"
"9579","2773","2","5","4","68","96","326","427","548","672","C0041948"
"9580","1512","2","5","7","34","52","216","395","549","674","C0041948"
"9581","4621","2","5","8","63","45","23","103","464","187","C0041948"
"9582","5644","2","5","7","68","51","119","395","549","674","C0041948"
"9583","7042","2","5","7","53","51","342","454","573","492","C0041948"
"9584","10225","2","5","7","53","51","119","395","549","674","C0041948"
"9585","3043","2","5","7","34","52","216","395","549","116","C0041948"
"9586","4976","2","3","2","48","170","50","119","444","556","C0041948"
"9587","3594","2","5","7","53","51","119","25","560","373","C0041948"
"9588","4914","2","3","2","22","18","266","202","252","252","C0041948"
"9589","1786","2","3","12","19","31","1","426","55","78","C0041948"
"9590","2706","2","3","12","76","153","40","38","54","75","C0041948"
"9591","207","2","3","7","53","14","20","34","489","416","C0041948"
"9592","7552","2","4","3","24","119","330","214","454","144","C0041948"
"9593","796","2","5","4","68","96","326","427","548","672","C0041948"
"9594","1291","2","5","7","53","51","342","454","573","492","C0041948"
"9595","695","2","5","7","53","14","20","25","40","186","C0041956"
"9596","4053","2","5","7","53","51","342","454","573","492","C0041956"
"9597","3930","2","3","2","22","33","323","66","3","464","C0041956"
"9598","2260","2","5","7","53","14","20","25","40","186","C0041956"
"9599","1280","2","5","7","53","51","342","454","573","492","C0041956"
"9600","760","2","3","5","35","41","77","40","78","178","C0041956"
"9601","79083","2","5","5","60","54","71","155","488","212","C0041960"
"9602","5443","2","5","4","68","96","326","427","548","672","C0041960"
"9603","79068","2","3","2","72","81","42","52","105","349","C0041960"
"9604","6473","2","3","3","19","221","321","428","541","667","C0041960"
"9605","846","2","5","4","68","96","326","427","548","672","C0041974"
"9606","3312","2","3","7","34","52","184","347","271","356","C0041974"
"9607","2623","2","3","12","19","31","1","155","287","116","C0041974"
"9608","10743","2","3","3","19","151","276","91","433","118","C0041974"
"9609","1027","2","3","12","19","31","1","116","1","86","C0041974"
"9610","8481","2","3","12","76","153","40","38","54","75","C0041974"
"9611","26012","2","3","12","19","31","261","116","159","211","C0041974"
"9612","1280","2","5","7","53","51","342","454","573","492","C0041974"
"9613","10008","2","5","8","63","36","166","341","223","158","C0041974"
"9614","673","2","5","7","53","14","20","34","540","68","C0041974"
"9615","5727","2","3","12","68","221","197","259","560","422","C0041974"
"9616","9213","2","5","7","68","96","184","219","380","666","C0041974"
"9617","2690","2","5","7","53","14","20","25","40","186","C0041974"
"9618","4987","2","5","4","68","96","326","427","548","672","C0041974"
"9619","5156","2","5","7","53","14","20","25","40","186","C0042023"
"9620","55703","2","3","2","22","33","261","116","159","211","C0042023"
"9621","4998","2","3","12","76","31","261","116","1","86","C0042029"
"9622","3712","2","3","2","48","170","50","119","444","556","C0042029"
"9623","26281","2","5","7","53","14","20","25","40","186","C0042035"
"9624","9037","2","5","7","53","51","342","454","560","492","C0042035"
"9625","51360","2","3","3","26","35","276","91","433","203","C0042035"
"9626","22891","2","3","12","76","153","40","341","54","75","C0042035"
"9627","5191","2","3","5","43","161","305","409","208","482","C0042063"
"9628","10528","2","3","2","110","85","237","433","547","671","C0042063"
"9629","5728","2","3","5","80","81","339","156","568","605","C0042063"
"9630","5189","2","3","5","43","161","305","409","208","482","C0042063"
"9631","2593","2","3","2","19","31","1","426","55","78","C0042063"
"9632","7516","2","3","12","19","31","261","116","1","86","C0042063"
"9633","3440","2","3","12","19","184","118","155","287","116","C0042063"
"9634","8625","2","3","12","19","31","276","91","236","118","C0042063"
"9635","29760","2","5","7","53","14","20","25","40","186","C0042063"
"9636","8792","2","3","12","41","219","339","156","568","697","C0042065"
"9637","23435","2","3","2","22","33","323","66","101","136","C0042065"
"9638","2048","2","5","7","53","14","20","25","560","373","C0042065"
"9639","5830","2","3","5","43","161","305","409","208","482","C0042076"
"9640","4089","2","3","12","19","219","339","259","423","605","C0042076"
"9641","23765","2","3","12","41","219","238","252","489","416","C0042076"
"9642","4047","2","3","3","19","151","276","91","433","118","C0042076"
"9643","5327","2","5","7","53","51","342","454","573","492","C0042076"
"9644","1278","2","5","7","53","51","342","454","573","492","C0042076"
"9645","545","2","3","12","19","31","261","116","1","86","C0042076"
"9646","10617","2","3","12","48","57","110","141","359","462","C0042076"
"9647","51816","2","5","7","34","52","216","395","549","674","C0042109"
"9648","5176","2","5","7","53","51","342","454","573","492","C0042109"
"9649","8924","2","3","12","41","116","268","434","468","213","C0042109"
"9650","9663","2","3","5","80","81","296","51","488","102","C0042109"
"9651","4893","2","5","7","34","52","24","30","46","72","C0042109"
"9652","5824","2","3","5","47","144","185","238","310","392","C0042109"
"9653","1311","2","5","7","53","51","342","454","573","492","C0042109"
"9654","26227","2","3","2","41","137","44","208","81","108","C0042109"
"9655","4292","2","3","12","19","31","261","116","1","86","C0042109"
"9656","22845","2","3","2","48","68","125","161","214","288","C0042109"
"9657","37","2","3","2","110","105","178","226","297","380","C0042109"
"9658","5961","2","5","7","27","51","326","126","414","702","C0042109"
"9659","5327","2","5","7","53","51","342","454","573","492","C0042109"
"9660","6331","2","5","8","63","36","166","341","223","158","C0042109"
"9661","930","2","5","7","53","14","119","25","40","186","C0042109"
"9662","6247","2","5","7","53","51","342","454","573","492","C0042109"
"9663","2187","2","3","12","19","31","261","116","1","86","C0042109"
"9664","3891","2","1","6","11","142","225","142","220","298","C0042109"
"9665","6885","2","3","12","41","219","339","156","568","697","C0042109"
"9666","3586","2","5","7","53","51","119","25","489","416","C0042109"
"9667","23556","2","3","2","61","77","142","176","235","317","C0042109"
"9668","51524","2","5","7","45","94","199","240","415","666","C0042109"
"9669","7169","2","5","8","63","45","23","103","464","187","C0042109"
"9670","6662","2","3","3","19","221","321","428","541","667","C0042109"
"9671","54361","2","5","3","68","221","197","259","560","422","C0042109"
"9672","1947","2","5","7","53","51","20","25","560","373","C0042109"
"9673","695","2","5","7","53","14","20","25","40","186","C0042109"
"9674","7422","2","5","7","53","51","342","454","573","702","C0042109"
"9675","2263","2","5","7","53","14","20","25","40","186","C0042109"
"9676","5080","2","3","3","19","221","321","428","541","667","C0042109"
"9677","8864","2","3","3","19","151","276","91","433","118","C0042109"
"9678","1497","2","5","2","63","182","50","103","297","628","C0042133"
"9679","4683","2","3","12","19","31","261","116","1","86","C0042133"
"9680","6712","2","5","7","60","153","40","341","223","203","C0042133"
"9681","51473","2","5","7","60","36","20","25","64","215","C0042138"
"9682","7476","2","5","3","68","221","197","259","560","422","C0042138"
"9683","781","2","5","8","63","36","166","341","223","158","C0042138"
"9684","5077","2","3","3","19","221","321","428","541","667","C0042138"
"9685","4508","2","3","2","48","170","50","119","444","556","C0042138"
"9686","5444","2","3","5","80","147","236","328","411","229","C0042138"
"9687","56172","2","5","2","63","182","50","103","297","628","C0042138"
"9688","8601","2","5","4","68","96","326","427","548","672","C0042138"
"9689","4313","2","5","7","53","51","342","454","573","492","C0042140"
"9690","2677","2","5","7","53","51","342","454","573","492","C0042140"
"9691","4036","2","5","7","60","14","184","341","544","669","C0042140"
"9692","1337","2","3","2","48","170","110","141","359","462","C0042143"
"9693","3423","2","3","5","74","3","342","374","294","590","C0042143"
"9694","3675","2","5","7","53","51","342","454","573","492","C0042164"
"9695","10269","2","3","2","48","182","50","119","444","556","C0042164"
"9696","2736","2","3","12","41","116","321","428","54","667","C0042164"
"9697","2592","2","3","2","68","117","196","257","326","419","C0042164"
"9698","1836","2","3","2","35","41","94","260","330","375","C0042164"
"9699","2670","2","5","7","27","36","150","341","223","628","C0042164"
"9700","1896","2","5","12","41","219","339","156","568","697","C0042164"
"9701","658","2","5","7","53","51","342","259","423","389","C0042164"
"9702","54","2","3","5","80","81","178","195","256","342","C0042164"
"9703","25830","2","3","2","27","36","150","341","223","628","C0042164"
"9704","2903","2","5","7","53","14","20","25","223","219","C0042164"
"9705","3481","2","5","7","53","51","342","454","573","492","C0042164"
"9706","4129","2","3","5","63","63","120","197","203","350","C0042164"
"9707","23384","2","3","12","63","45","184","103","572","658","C0042170"
"9708","3543","2","5","7","53","51","119","395","549","674","C0042170"
"9709","730","2","5","7","53","51","119","395","549","674","C0042170"
"9710","2071","2","3","12","19","31","261","116","159","211","C0042258"
"9711","2316","2","5","7","53","51","342","454","573","702","C0042258"
"9712","2592","2","3","2","68","117","196","257","326","419","C0042341"
"9713","10466","2","5","7","60","153","40","38","66","203","C0042341"
"9714","3800","2","5","7","27","36","150","341","223","628","C0042341"
"9715","9652","2","3","2","110","85","237","433","547","671","C0042345"
"9716","1848","2","3","5","42","81","296","399","201","274","C0042345"
"9717","1374","2","3","2","19","151","276","91","433","118","C0042345"
"9718","8076","2","5","7","53","51","342","454","573","492","C0042345"
"9719","26154","2","3","5","47","144","185","238","310","392","C0042345"
"9720","331","2","3","12","41","219","339","156","568","697","C0042345"
"9721","1909","2","5","4","68","96","326","427","548","672","C0042345"
"9722","9049","2","3","3","41","151","276","378","271","356","C0042345"
"9723","2316","2","5","7","53","51","342","454","573","702","C0042345"
"9724","4000","2","3","12","26","105","178","226","297","156","C0042345"
"9725","7274","2","3","5","43","161","99","162","216","290","C0042345"
"9726","3614","2","3","7","34","52","216","395","549","674","C0042345"
"9727","10460","2","3","12","76","153","40","38","54","75","C0042373"
"9728","1588","2","3","5","79","159","256","350","27","44","C0042373"
"9729","2516","2","3","3","19","151","276","91","433","118","C0042373"
"9730","760","2","3","5","35","41","77","40","78","178","C0042373"
"9731","4534","2","3","5","80","81","296","399","362","468","C0042373"
"9732","1188","2","5","8","63","45","23","34","464","187","C0042373"
"9733","6414","2","5","7","53","51","342","454","573","702","C0042373"
"9734","5521","2","3","12","76","137","76","136","472","435","C0042373"
"9735","55605","2","3","12","76","153","40","38","54","75","C0042373"
"9736","54903","2","3","12","76","153","40","38","54","75","C0042373"
"9737","1066","2","3","5","80","130","114","290","367","623","C0042373"
"9738","695","2","5","7","53","14","20","25","40","186","C0042373"
"9739","1950","2","5","7","53","14","20","25","40","186","C0042373"
"9740","8942","2","3","5","52","212","183","307","391","507","C0042373"
"9741","641","2","3","12","19","31","261","116","1","86","C0042373"
"9742","5073","2","3","2","110","85","323","433","146","194","C0042373"
"9743","51684","2","3","12","41","116","268","38","54","75","C0042384"
"9744","6473","2","3","3","19","221","321","428","541","667","C0042384"
"9745","28952","2","3","12","41","116","268","434","468","213","C0042384"
"9746","1583","2","3","5","79","152","273","375","100","589","C0042384"
"9747","4668","2","3","5","21","111","188","242","313","396","C0042384"
"9748","79577","2","3","12","19","31","261","116","159","211","C0042384"
"9749","5621","2","5","8","27","36","342","454","573","628","C0042384"
"9750","1594","2","3","5","92","163","96","363","460","487","C0042384"
"9751","55005","2","3","2","68","96","326","427","429","544","C0042384"
"9752","2798","2","5","4","68","96","326","427","548","672","C0042384"
"9753","941","2","5","7","53","51","119","25","40","186","C0042384"
"9754","10568","2","3","8","45","94","199","240","415","666","C0042384"
"9755","8200","2","5","7","53","51","342","259","423","389","C0042384"
"9756","3507","2","5","7","53","51","119","395","549","674","C0042384"
"9757","10585","2","5","2","27","206","324","430","215","290","C0042384"
"9758","54463","2","3","2","48","57","110","141","359","462","C0042384"
"9759","1145","2","5","8","27","70","99","162","216","290","C0042384"
"9760","5019","2","3","2","67","92","293","55","75","311","C0042384"
"9761","7403","2","3","12","19","31","1","426","55","78","C0042384"
"9762","4487","2","3","3","19","221","321","428","541","667","C0042384"
"9763","9217","2","3","2","50","47","39","100","321","255","C0042384"
"9764","1487","2","3","12","19","31","1","426","55","340","C0042384"
"9765","8106","2","3","2","22","33","323","66","101","136","C0042384"
"9766","5339","2","5","7","53","51","342","454","573","492","C0042454"
"9767","1828","2","5","7","34","52","216","142","220","298","C0042454"
"9768","3643","2","5","7","53","14","20","25","40","186","C0042454"
"9769","658","2","5","7","53","51","342","259","423","389","C0042454"
"9770","4338","2","3","2","110","85","75","204","267","352","C0042454"
"9771","10269","2","3","2","48","182","50","119","444","556","C0042454"
"9772","4882","2","3","4","68","96","326","427","548","672","C0042454"
"9773","114327","2","3","12","11","142","225","142","220","298","C0042454"
"9774","4519","2","3","2","48","170","50","119","508","312","C0042485"
"9775","4000","2","3","12","26","105","178","226","297","156","C0042485"
"9776","1723","2","3","2","48","170","50","119","444","556","C0042485"
"9777","2109","2","3","2","48","170","50","119","444","556","C0042485"
"9778","3845","2","5","7","60","54","24","30","46","72","C0042510"
"9779","9451","2","3","2","110","51","335","226","297","380","C0042510"
"9780","5376","2","5","7","53","51","342","454","573","492","C0042510"
"9781","2264","2","5","7","53","14","20","25","40","186","C0042510"
"9782","5015","2","3","3","19","221","321","428","541","667","C0042510"
"9783","4998","2","3","12","76","31","261","116","1","86","C0042510"
"9784","2073","2","3","12","19","31","261","116","1","86","C0042510"
"9785","1041","2","1","6","11","142","225","142","220","298","C0042510"
"9786","85416","2","3","3","19","221","321","428","541","667","C0042510"
"9787","1278","2","5","7","53","51","342","454","573","492","C0042510"
"9788","10516","2","5","7","53","51","342","454","573","492","C0042510"
"9789","3931","2","3","5","116","183","295","454","243","327","C0042510"
"9790","5897","2","3","12","41","116","268","141","568","605","C0042510"
"9791","2263","2","5","7","53","14","20","25","40","186","C0042510"
"9792","1417","2","5","6","11","142","225","142","177","673","C0042510"
"9793","3679","2","5","7","53","51","342","454","573","492","C0042510"
"9794","2651","2","3","2","78","184","202","124","337","434","C0042514"
"9795","91851","2","5","7","53","51","342","454","573","492","C0042514"
"9796","1736","2","3","2","110","85","237","433","547","671","C0042514"
"9797","54806","2","5","7","76","153","40","38","54","75","C0042514"
"9798","6817","2","3","2","37","105","92","113","154","201","C0042514"
"9799","3569","2","5","7","53","51","342","454","573","416","C0042514"
"9800","7369","2","5","7","53","51","119","395","549","674","C0042514"
"9801","3674","2","5","7","53","51","342","454","573","492","C0042514"
"9802","7084","2","3","2","72","109","115","62","268","353","C0042514"
"9803","796","2","5","4","68","96","326","427","548","672","C0042514"
"9804","2895","2","5","4","68","36","71","427","223","219","C0042514"
"9805","2720","2","3","7","34","52","216","395","21","599","C0042514"
"9806","6495","2","3","3","19","221","321","428","541","667","C0042514"
"9807","6462","2","5","7","63","45","23","444","464","373","C0042514"
"9808","9361","2","3","2","48","170","50","119","444","556","C0042514"
"9809","429","2","3","3","19","221","321","428","541","667","C0042514"
"9810","10682","2","5","4","68","96","326","48","69","204","C0042514"
"9811","7033","2","3","12","19","31","1","426","55","78","C0042514"
"9812","1272","2","5","7","53","51","335","444","236","373","C0042514"
"9813","1278","2","5","7","53","51","342","454","573","492","C0042514"
"9814","9409","2","3","5","43","161","305","409","208","482","C0042514"
"9815","2517","2","3","7","34","52","216","395","549","674","C0042514"
"9816","9821","2","3","2","48","57","110","141","359","462","C0042514"
"9817","1201","2","3","2","48","170","50","304","167","593","C0042514"
"9818","368","2","3","12","41","116","268","423","536","445","C0042571"
"9819","348","2","5","7","53","51","342","454","573","492","C0042571"
"9820","9997","2","3","2","48","170","50","119","444","556","C0042571"
"9821","4099","2","5","7","27","51","150","444","223","628","C0042571"
"9822","3265","2","5","7","60","54","24","30","46","72","C0042571"
"9823","1292","2","5","7","53","51","342","454","573","492","C0042571"
"9824","4221","2","3","12","19","31","342","454","573","492","C0042571"
"9825","5155","2","5","7","53","51","342","454","573","186","C0042571"
"9826","6007","2","3","2","69","83","101","126","487","116","C0042571"
"9827","547","2","3","7","76","153","40","38","54","75","C0042571"
"9828","317","2","5","7","34","52","216","395","549","674","C0042571"
"9829","8085","2","3","12","19","31","1","426","55","78","C0042571"
"9830","1890","2","3","5","80","81","296","62","94","150","C0042571"
"9831","9254","2","5","8","63","36","166","341","223","158","C0042571"
"9832","6303","2","3","2","67","118","160","261","188","423","C0042571"
"9833","3767","2","5","8","63","36","166","106","110","158","C0042571"
"9834","4921","2","5","7","53","14","20","25","573","186","C0042571"
"9835","23426","2","5","7","42","36","71","177","223","219","C0042571"
"9836","9056","2","3","8","45","94","199","240","415","666","C0042571"
"9837","1717","2","3","2","19","151","276","48","69","204","C0042571"
"9838","1268","2","5","4","68","96","326","427","548","672","C0042571"
"9839","6868","2","5","7","53","51","342","454","236","492","C0042571"
"9840","2969","2","3","12","19","31","276","91","433","118","C0042571"
"9841","5648","2","5","7","53","51","119","395","549","674","C0042571"
"9842","1859","2","3","7","53","14","20","34","540","68","C0042571"
"9843","5095","2","3","2","48","40","130","166","127","173","C0042571"
"9844","2934","2","5","7","34","52","216","395","549","674","C0042571"
"9845","26353","2","3","12","76","45","160","347","271","356","C0042571"
"9846","331","2","3","12","41","219","339","156","568","697","C0042582"
"9847","100288687","2","3","2","110","85","237","433","547","671","C0042582"
"9848","54903","2","3","12","76","153","40","38","54","75","C0042594"
"9849","6314","2","3","12","19","31","1","426","568","78","C0042594"
"9850","35","2","3","2","67","148","70","456","575","704","C0042594"
"9851","9652","2","3","2","110","85","237","433","547","671","C0042594"
"9852","9241","2","5","7","53","51","342","259","423","389","C0042594"
"9853","6716","2","3","2","69","98","169","299","50","494","C0042594"
"9854","720","2","5","7","53","51","342","454","573","492","C0042594"
"9855","51259","2","3","2","76","153","40","38","54","75","C0042721"
"9856","1593","2","3","5","79","152","273","157","333","277","C0042721"
"9857","5327","2","5","7","53","51","342","454","573","492","C0042721"
"9858","6868","2","5","7","53","51","342","454","236","492","C0042721"
"9859","3889","2","1","6","11","142","225","142","220","298","C0042769"
"9860","55215","2","3","12","76","31","261","116","1","86","C0042769"
"9861","3458","2","5","7","53","184","119","156","287","116","C0042790"
"9862","51816","2","5","7","34","52","216","395","549","674","C0042790"
"9863","6389","2","3","2","48","170","50","119","444","556","C0042790"
"9864","4990","2","3","3","19","221","321","428","541","667","C0042790"
"9865","55726","2","3","2","22","33","261","116","159","211","C0042790"
"9866","4148","2","5","7","53","51","342","454","573","492","C0042790"
"9867","5728","2","3","5","80","81","339","156","568","605","C0042842"
"9868","384","2","3","5","80","81","166","210","278","360","C0042842"
"9869","4214","2","3","12","41","219","339","34","540","117","C0042842"
"9870","7248","2","3","2","48","57","110","141","359","462","C0042842"
"9871","6392","2","3","2","48","170","50","119","444","556","C0042842"
"9872","2566","2","5","8","27","70","99","162","216","290","C0042842"
"9873","5605","2","5","7","53","14","20","34","540","68","C0042870"
"9874","1376","2","3","2","19","151","276","91","433","118","C0042870"
"9875","22948","2","3","12","76","137","76","136","472","435","C0042870"
"9876","3988","2","3","5","98","174","277","379","476","42","C0042880"
"9877","51360","2","3","3","26","35","276","91","433","203","C0042880"
"9878","2566","2","5","8","27","70","99","162","216","290","C0042880"
"9879","27030","2","3","12","19","31","1","426","55","78","C0042900"
"9880","1406","2","3","3","19","221","321","428","541","667","C0042900"
"9881","23414","2","3","12","19","31","118","155","287","116","C0042900"
"9882","6908","2","3","12","19","31","1","116","159","211","C0042900"
"9883","326","2","3","12","19","31","261","377","370","269","C0042900"
"9884","3172","2","3","3","19","151","276","91","433","118","C0042900"
"9885","7547","2","3","3","19","221","321","428","541","667","C0042900"
"9886","2767","2","5","4","68","96","326","427","548","672","C0042900"
"9887","3981","2","3","12","19","31","261","116","1","86","C0042900"
"9888","23169","2","3","2","78","205","112","430","429","544","C0042900"
"9889","1814","2","5","4","68","96","326","427","548","672","C0042900"
"9890","7227","2","3","12","19","31","276","91","433","118","C0042900"
"9891","3845","2","5","7","60","54","24","30","46","72","C0042900"
"9892","3759","2","5","8","63","36","166","106","110","158","C0042900"
"9893","3736","2","5","8","63","36","166","106","110","158","C0042900"
"9894","2623","2","3","12","19","31","1","155","287","116","C0042900"
"9895","4645","2","3","4","67","92","293","55","75","311","C0042900"
"9896","7052","2","3","7","34","109","342","454","573","383","C0042900"
"9897","8710","2","5","7","68","51","342","454","573","492","C0042900"
"9898","5728","2","3","5","80","81","339","156","568","605","C0042909"
"9899","51114","2","5","5","68","96","326","162","216","290","C0042909"
"9900","4233","2","5","7","53","14","20","25","40","186","C0042909"
"9901","2658","2","5","7","53","51","342","259","423","389","C0042909"
"9902","7443","2","3","12","19","31","261","34","540","68","C0042909"
"9903","54880","2","3","12","19","31","1","426","55","78","C0042909"
"9904","2625","2","3","12","19","31","339","155","287","116","C0042928"
"9905","4038","2","5","7","53","51","342","454","573","492","C0042928"
"9906","54345","2","5","3","19","221","321","428","541","667","C0042928"
"9907","1499","2","3","12","19","221","197","259","560","422","C0042928"
"9908","23426","2","5","7","42","36","71","177","223","219","C0042928"
"9909","2035","2","5","7","60","36","71","341","223","219","C0042928"
"9910","10084","2","3","2","22","33","323","66","101","136","C0042928"
"9911","2147","2","5","7","68","51","342","454","573","492","C0042961"
"9912","7401","2","5","7","60","83","101","126","170","224","C0042961"
"9913","1282","2","5","7","53","51","342","454","573","492","C0043020"
"9914","1301","2","5","7","53","51","342","454","573","492","C0043020"
"9915","4519","2","3","2","48","170","50","119","508","312","C0043049"
"9916","2072","2","3","12","19","31","261","116","1","86","C0043049"
"9917","368","2","3","12","41","116","268","423","536","445","C0043116"
"9918","9786","2","3","12","76","153","40","38","54","75","C0043116"
"9919","4868","2","5","7","53","51","335","25","560","373","C0043116"
"9920","2006","2","5","7","53","51","342","454","573","492","C0043119"
"9921","7391","2","3","12","19","31","1","426","55","78","C0043119"
"9922","2629","2","3","5","80","81","250","291","152","420","C0043194"
"9923","23129","2","5","7","53","51","342","79","560","373","C0043194"
"9924","3481","2","5","7","53","51","342","454","573","492","C0043202"
"9925","190","2","3","3","19","151","276","91","433","118","C0043202"
"9926","1528","2","3","5","91","214","271","372","471","586","C0043202"
"9927","10020","2","3","2","89","124","204","42","452","258","C0043202"
"9928","9487","2","3","5","80","81","142","176","235","317","C0043202"
"9929","478","2","3","8","63","45","23","366","464","187","C0043202"
"9930","9049","2","3","3","41","151","276","378","271","356","C0043202"
"9931","2706","2","3","12","76","153","40","38","54","75","C0043202"
"9932","10195","2","3","2","48","69","99","162","216","290","C0043202"
"9933","3033","2","3","2","67","80","145","179","239","618","C0043202"
"9934","10978","2","3","2","22","33","323","66","101","136","C0043202"
"9935","3784","2","5","8","63","36","166","106","110","158","C0043202"
"9936","1280","2","5","7","53","51","342","454","573","492","C0043202"
"9937","9640","2","3","12","19","31","261","116","159","211","C0043207"
"9938","7248","2","3","2","48","57","110","141","359","462","C0043207"
"9939","2692","2","5","4","68","96","326","427","548","672","C0043325"
"9940","4627","2","5","7","63","45","184","103","572","658","C0043325"
"9941","3952","2","5","3","53","151","276","91","433","118","C0043325"
"9942","7490","2","3","3","19","221","321","428","541","667","C0043325"
"9943","3759","2","5","8","63","36","166","106","110","158","C0043325"
"9944","5167","2","3","5","32","93","163","207","303","126","C0043325"
"9945","1716","2","3","2","27","36","150","221","138","188","C0043325"
"9946","3119","2","5","7","53","153","119","156","287","116","C0043325"
"9947","3694","2","5","7","53","51","342","454","573","492","C0043346"
"9948","3043","2","5","7","34","52","216","395","549","116","C0043346"
"9949","11285","2","3","2","74","205","191","396","408","620","C0043346"
"9950","919","2","5","7","53","14","119","25","40","186","C0043346"
"9951","8820","2","3","3","19","221","321","428","541","667","C0043346"
"9952","1917","2","3","12","41","219","339","347","572","658","C0043346"
"9953","9215","2","5","2","27","36","150","430","215","628","C0043346"
"9954","147183","2","1","6","11","142","225","142","220","298","C0043346"
"9955","51715","2","5","7","60","54","24","30","46","72","C0043349"
"9956","4436","2","3","12","19","31","261","116","1","86","C0043349"
"9957","2073","2","3","12","19","31","261","116","1","86","C0043349"
"9958","7297","2","5","7","53","184","119","25","40","186","C0043349"
"9959","55130","2","3","12","76","153","76","38","54","75","C0043349"
"9960","26146","2","3","12","76","153","40","38","54","75","C0043349"
"9961","3052","2","3","2","48","170","50","119","444","556","C0043459"
"9962","1509","2","5","7","34","52","216","395","549","568","C0043459"
"9963","2068","2","3","12","19","31","261","116","159","211","C0043459"
"9964","7545","2","5","3","34","52","216","142","220","298","C0043459"
"9965","10891","2","3","3","19","151","276","91","433","118","C0043459"
"9966","5728","2","3","5","80","81","339","156","568","605","C0043459"
"9967","5447","2","3","5","91","214","271","372","471","586","C0043459"
"9968","5264","2","3","5","43","161","305","409","208","482","C0043459"
"9969","26123","2","3","2","76","153","40","38","54","75","C0043459"
"9970","2022","2","5","7","53","51","342","259","423","389","C0043459"
"9971","10555","2","3","7","34","52","216","395","549","622","C0043459"
"9972","7140","2","5","8","63","45","23","103","464","187","C0043459"
"9973","54551","2","3","12","41","219","197","156","568","422","C0043459"
"9974","10913","2","3","12","41","219","339","156","568","697","C0043459"
"9975","79648","2","3","12","19","31","1","426","55","78","C0043459"
"9976","5290","2","3","7","53","14","20","25","40","186","C0043515"
"9977","2260","2","5","7","53","14","20","25","40","186","C0043515"
"9978","27034","2","3","2","67","92","293","55","75","311","C0043515"
"9979","9531","2","3","12","41","219","339","347","271","356","C0043515"
"9980","23095","2","3","7","76","153","40","38","54","75","C0043515"
"9981","2903","2","5","7","53","14","20","25","223","219","C0078917"
"9982","79147","2","3","2","27","36","150","430","215","628","C0078917"
"9983","2796","2","5","4","68","96","326","427","548","672","C0078917"
"9984","1311","2","5","7","53","51","342","454","573","492","C0078917"
"9985","3284","2","3","2","69","98","169","299","183","243","C0078917"
"9986","9131","2","3","12","41","219","339","347","271","356","C0078917"
"9987","3315","2","3","12","41","181","160","362","402","215","C0078917"
"9988","2178","2","3","12","19","31","261","116","1","86","C0078917"
"9989","1277","2","5","7","53","51","342","454","573","492","C0078918"
"9990","23426","2","5","7","42","36","71","177","223","219","C0078918"
"9991","4695","2","3","2","48","170","50","119","444","556","C0078981"
"9992","51129","2","3","3","19","151","276","91","433","118","C0078981"
"9993","462","2","5","7","53","51","342","454","573","492","C0078981"
"9994","6664","2","3","3","19","221","321","428","541","667","C0078981"
"9995","10166","2","3","2","84","97","167","210","278","360","C0078981"
"9996","7248","2","3","2","48","57","110","141","359","462","C0078982"
"9997","2517","2","3","7","34","52","216","395","549","674","C0078982"
"9998","10269","2","3","2","48","182","50","119","444","556","C0078982"
"9999","2990","2","3","7","34","52","216","395","549","674","C0078982"
"10000","5660","2","5","7","34","52","326","427","548","702","C0078982"
"10001","3239","2","3","3","19","221","321","428","541","667","C0079153"
"10002","5518","2","3","12","76","153","40","38","54","435","C0079153"
"10003","5498","2","3","5","80","81","166","132","175","473","C0079153"
"10004","4513","2","3","2","48","170","110","141","359","532","C0079153"
"10005","1144","2","5","8","27","70","99","162","216","290","C0079153"
"10006","6351","2","5","4","68","96","326","427","548","672","C0079153"
"10007","4867","2","5","7","76","153","40","38","54","75","C0079153"
"10008","54551","2","3","12","41","219","197","156","568","422","C0079154"
"10009","10166","2","3","2","84","97","167","210","278","360","C0079154"
"10010","54862","2","3","12","76","153","40","38","54","75","C0079154"
"10011","5506","2","3","12","76","137","76","136","82","658","C0079154"
"10012","54806","2","5","7","76","153","40","38","54","75","C0079154"
"10013","4854","2","5","7","53","51","143","428","236","667","C0079154"
"10014","6391","2","3","2","48","170","50","119","444","556","C0079154"
"10015","9215","2","5","2","27","36","150","430","215","628","C0079154"
"10016","776","2","5","8","63","36","166","341","390","158","C0079154"
"10017","2652","2","5","4","68","96","326","427","548","672","C0079154"
"10018","4000","2","3","12","26","105","178","226","297","156","C0079154"
"10019","673","2","5","7","53","14","20","34","540","68","C0079154"
"10020","3265","2","5","7","60","54","24","30","46","72","C0079154"
"10021","2629","2","3","5","80","81","250","291","152","420","C0079154"
"10022","1281","2","5","7","53","51","342","454","573","492","C0079154"
"10023","9968","2","4","3","24","119","330","214","454","144","C0079154"
"10024","9681","2","3","2","48","179","289","133","179","476","C0079218"
"10025","26608","2","3","2","22","170","50","119","463","153","C0079218"
"10026","55729","2","3","12","19","31","1","426","55","78","C0079218"
"10027","29078","2","3","2","48","170","50","119","444","556","C0079294"
"10028","3655","2","5","7","53","51","342","454","573","492","C0079294"
"10029","10008","2","5","8","63","36","166","341","223","158","C0079295"
"10030","7351","2","3","2","20","29","98","123","166","221","C0079295"
"10031","9791","2","3","8","45","94","199","240","415","666","C0079298"
"10032","10300","2","3","12","76","153","40","38","54","75","C0079298"
"10033","546","2","3","12","19","31","261","426","1","86","C0079298"
"10034","51604","2","3","2","61","77","142","176","235","317","C0079299"
"10035","4193","2","3","12","19","31","1","116","89","605","C0079299"
"10036","54585","2","3","12","76","153","76","38","54","75","C0079301"
"10037","5896","2","3","12","41","116","268","434","568","605","C0079301"
"10038","9896","2","3","5","80","81","296","399","201","274","C0079301"
"10039","7046","2","3","12","41","219","339","259","423","605","C0079301"
"10040","11160","2","3","12","41","116","268","423","536","445","C0079352"
"10041","5660","2","5","7","34","52","326","427","548","702","C0079352"
"10042","5015","2","3","3","19","221","321","428","541","667","C0079352"
"10043","1031","2","3","12","19","31","1","426","55","78","C0079352"
"10044","5429","2","3","12","19","31","261","116","1","86","C0079352"
"10045","4358","2","3","5","43","161","305","409","208","482","C0079352"
"10046","3972","2","5","4","68","96","326","427","548","672","C0079474"
"10047","6674","2","3","12","48","57","50","38","54","462","C0079474"
"10048","860","2","3","12","19","31","276","91","433","118","C0079487"
"10049","8314","2","3","12","41","31","1","426","55","78","C0079487"
"10050","55812","2","3","12","76","181","160","38","54","75","C0079487"
"10051","4921","2","5","7","53","14","20","25","573","186","C0079487"
"10052","940","2","5","7","53","14","20","25","40","186","C0079487"
"10053","720","2","5","7","53","51","342","454","573","492","C0079541"
"10054","51062","2","5","7","27","36","150","402","489","373","C0079541"
"10055","10225","2","5","7","53","51","119","395","549","674","C0079541"
"10056","2720","2","3","7","34","52","216","395","21","599","C0079541"
"10057","4311","2","5","7","34","52","216","395","549","674","C0079541"
"10058","5309","2","3","3","19","221","321","428","541","667","C0079541"
"10059","64072","2","5","7","53","51","335","444","560","373","C0079541"
"10060","4734","2","3","12","41","116","268","434","468","213","C0079541"
"10061","8626","2","3","3","19","221","321","428","541","667","C0079541"
"10062","6197","2","3","12","19","14","20","34","540","68","C0079541"
"10063","6557","2","5","8","45","94","199","240","415","666","C0079541"
"10064","55630","2","3","5","27","81","99","162","216","290","C0079541"
"10065","1230","2","5","4","68","96","326","427","548","672","C0079541"
"10066","2705","2","3","12","76","153","40","38","54","75","C0079541"
"10067","4286","2","3","12","19","31","261","116","1","664","C0079541"
"10068","478","2","3","8","63","45","23","366","464","187","C0079583"
"10069","23322","2","3","12","76","153","40","38","54","75","C0079583"
"10070","2316","2","5","7","53","51","342","454","573","702","C0079583"
"10071","4488","2","3","3","19","221","321","428","541","667","C0079583"
"10072","5167","2","3","5","32","93","163","207","303","126","C0079583"
"10073","100","2","3","5","33","21","47","56","80","199","C0079583"
"10074","788","2","3","2","45","151","199","240","415","666","C0079683"
"10075","5339","2","5","7","53","51","342","454","573","492","C0079683"
"10076","4137","2","3","7","27","36","150","341","223","628","C0079683"
"10077","11277","2","3","12","19","31","261","116","1","86","C0079731"
"10078","8200","2","5","7","53","51","342","259","423","389","C0079731"
"10079","595","2","3","12","19","31","1","426","489","416","C0079731"
"10080","2261","2","5","7","53","14","20","25","40","186","C0079731"
"10081","1475","2","1","6","11","142","225","142","220","298","C0079731"
"10082","5108","2","3","12","76","153","40","38","54","75","C0079731"
"10083","2776","2","5","4","68","96","326","427","548","672","C0079731"
"10084","2990","2","3","7","34","52","216","395","549","674","C0079731"
"10085","6628","2","3","2","22","33","323","66","101","136","C0079731"
"10086","547","2","3","7","76","153","40","38","54","75","C0079731"
"10087","3340","2","3","2","74","58","112","148","193","525","C0079731"
"10088","2260","2","5","7","53","14","20","25","40","186","C0079731"
"10089","4853","2","3","12","19","124","143","428","236","667","C0079772"
"10090","8450","2","3","12","41","116","268","434","468","213","C0079772"
"10091","404672","2","3","12","19","31","1","116","159","211","C0079772"
"10092","2260","2","5","7","53","14","20","25","40","186","C0079772"
"10093","3575","2","5","7","53","51","184","341","544","669","C0079772"
"10094","5195","2","3","5","43","161","305","409","208","482","C0079772"
"10095","3559","2","5","7","53","14","20","25","40","186","C0079772"
"10096","2879","2","3","5","80","81","166","378","173","229","C0079772"
"10097","10020","2","3","2","89","124","204","42","452","258","C0079772"
"10098","177","2","5","7","53","51","339","156","568","697","C0079772"
"10099","9663","2","3","5","80","81","296","51","488","102","C0079772"
"10100","5696","2","3","12","41","116","268","156","568","116","C0079772"
"10101","9915","2","3","3","27","151","276","91","433","118","C0079772"
"10102","3767","2","5","8","63","36","166","106","110","158","C0079773"
"10103","8626","2","3","3","19","221","321","428","541","667","C0079773"
"10104","547","2","3","7","76","153","40","38","54","75","C0079773"
"10105","54345","2","5","3","19","221","321","428","541","667","C0079773"
"10106","3643","2","5","7","53","14","20","25","40","186","C0079773"
"10107","8517","2","3","12","41","219","339","156","568","697","C0079773"
"10108","5605","2","5","7","53","14","20","34","540","68","C0079773"
"10109","5830","2","3","5","43","161","305","409","208","482","C0079773"
"10110","6609","2","3","5","105","155","250","291","152","420","C0079773"
"10111","1909","2","5","4","68","96","326","427","548","672","C0079773"
"10112","841","2","3","12","41","219","339","156","568","697","C0079773"
"10113","9829","2","5","7","60","14","184","341","544","669","C0079773"
"10114","6310","2","3","12","22","142","225","366","362","468","C0079773"
"10115","10269","2","3","2","48","182","50","119","444","556","C0079773"
"10116","3483","2","5","7","53","51","342","454","573","492","C0079773"
"10117","6440","2","5","5","68","96","185","238","310","272","C0079773"
"10118","6607","2","3","2","22","33","323","66","101","664","C0079773"
"10119","2969","2","3","12","19","31","276","91","433","118","C0079773"
"10120","6399","2","5","7","60","54","24","30","46","72","C0079773"
"10121","4038","2","5","7","53","51","342","454","573","492","C0079773"
"10122","10806","2","3","12","76","153","40","38","54","75","C0079773"
"10123","3930","2","3","2","22","33","323","66","3","464","C0079773"
"10124","5396","2","3","3","19","221","321","428","541","667","C0079774"
"10125","23426","2","5","7","42","36","71","177","223","219","C0079774"
"10126","7421","2","3","3","19","151","276","91","433","118","C0079774"
"10127","11274","2","3","12","41","219","339","156","568","605","C0079774"
"10128","5190","2","3","5","43","161","305","409","208","482","C0079774"
"10129","175","2","3","7","34","52","216","395","549","674","C0079774"
"10130","2138","2","3","12","19","31","1","426","55","78","C0079774"
"10131","2263","2","5","7","53","14","20","25","40","186","C0079774"
"10132","27077","2","3","12","76","153","40","38","54","75","C0079774"
"10133","55315","2","3","5","80","81","296","62","94","150","C0079924"
"10134","1301","2","5","7","53","51","342","454","573","492","C0079924"
"10135","23592","2","3","12","26","105","342","259","423","389","C0079924"
"10136","11005","2","1","6","11","142","225","142","220","298","C0079924"
"10137","2184","2","3","5","76","153","138","236","332","407","C0079924"
"10138","10083","2","5","7","42","36","71","177","223","219","C0079924"
"10139","6392","2","3","2","48","170","50","119","444","556","C0079924"
"10140","1289","2","5","7","53","51","342","454","573","492","C0079924"
"10141","3655","2","5","7","53","51","342","454","573","492","C0079924"
"10142","3265","2","5","7","60","54","24","30","46","72","C0079924"
"10143","1301","2","5","7","53","51","342","454","573","492","C0079924"
"10144","9573","2","5","7","53","51","342","259","423","389","C0079924"
"10145","1284","2","5","7","53","51","342","454","573","492","C0079924"
"10146","1414","2","5","6","11","45","160","362","177","673","C0079924"
"10147","2290","2","3","3","19","221","321","428","541","667","C0079924"
"10148","7424","2","5","7","53","51","342","454","573","702","C0079924"
"10149","5172","2","5","8","45","94","199","240","415","666","C0079924"
"10150","3039","2","3","5","35","41","118","155","287","116","C0079924"
"10151","51085","2","3","2","48","57","110","141","359","462","C0079924"
"10152","9627","2","3","12","19","31","1","426","55","78","C0079924"
"10153","1591","2","3","5","92","163","262","136","460","566","C0079924"
"10154","5745","2","5","4","68","96","326","427","548","672","C0079924"
"10155","1855","2","5","12","76","153","197","259","560","422","C0079924"
"10156","5745","2","5","4","68","96","326","427","548","672","C0079924"
"10157","9215","2","5","2","27","36","150","430","215","628","C0079924"
"10158","55612","2","5","7","60","36","71","177","560","701","C0079924"
"10159","5994","2","3","12","19","31","276","91","491","118","C0079924"
"10160","3339","2","5","7","53","51","342","454","573","492","C0079924"
"10161","9445","2","3","12","19","31","1","426","55","78","C0079924"
"10162","9896","2","3","5","80","81","296","399","201","274","C0079924"
"10163","55033","2","3","2","110","105","178","226","297","380","C0079924"
"10164","27031","2","3","6","11","142","225","38","331","506","C0079924"
"10165","1586","2","3","5","79","98","256","335","425","540","C0080024"
"10166","7450","2","5","7","53","51","342","454","573","492","C0080024"
"10167","2006","2","5","7","53","51","342","454","573","492","C0080024"
"10168","2556","2","5","8","27","70","99","162","216","290","C0080024"
"10169","2052","2","3","5","91","130","114","290","367","475","C0080024"
"10170","9517","2","3","2","50","47","39","100","321","638","C0080024"
"10171","2558","2","5","8","27","70","99","162","216","290","C0080024"
"10172","2187","2","3","12","19","31","261","116","1","86","C0080024"
"10173","29925","2","3","2","68","66","123","158","207","278","C0080174"
"10174","3098","2","3","2","90","167","266","367","500","577","C0080174"
"10175","7507","2","3","12","19","31","261","116","1","86","C0080174"
"10176","1311","2","5","7","53","51","342","454","573","492","C0080174"
"10177","2629","2","3","5","80","81","250","291","152","420","C0080174"
"10178","3248","2","3","2","69","83","133","167","224","301","C0080174"
"10179","6892","2","3","12","41","116","119","156","568","116","C0080174"
"10180","4322","2","5","7","53","51","342","454","573","492","C0080174"
"10181","10262","2","3","2","22","33","323","66","101","136","C0080174"
"10182","26058","2","3","2","22","33","110","118","543","214","C0080174"
"10183","158326","2","5","7","53","51","342","454","573","492","C0080174"
"10184","1490","2","5","7","53","51","342","454","573","492","C0080174"
"10185","2316","2","5","7","53","51","342","454","573","702","C0080178"
"10186","1499","2","3","12","19","221","197","259","560","422","C0080178"
"10187","54567","2","5","7","53","51","143","428","236","667","C0080178"
"10188","652","2","5","7","53","51","342","454","573","492","C0080178"
"10189","5961","2","5","7","27","51","326","126","414","702","C0080178"
"10190","1736","2","3","2","110","85","237","433","547","671","C0080178"
"10191","4261","2","3","12","53","184","119","156","287","116","C0080178"
"10192","213","2","5","7","53","51","342","454","573","492","C0080178"
"10193","6519","2","3","5","45","94","199","240","415","666","C0080178"
"10194","8600","2","5","7","41","219","339","156","568","697","C0080178"
"10195","10460","2","3","12","76","153","40","38","54","75","C0080178"
"10196","1349","2","3","2","48","170","110","141","359","462","C0080178"
"10197","8314","2","3","12","41","31","1","426","55","78","C0080178"
"10198","23451","2","3","2","22","33","323","66","101","136","C0080178"
"10199","3032","2","3","2","48","57","38","347","12","145","C0080178"
"10200","50846","2","3","3","68","221","197","259","560","422","C0080178"
"10201","4014","2","1","6","11","142","225","142","220","298","C0080178"
"10202","7546","2","5","3","19","221","321","79","560","373","C0080178"
"10203","6662","2","3","3","19","221","321","428","541","667","C0080178"
"10204","2203","2","3","5","80","81","266","367","500","577","C0080218"
"10205","2022","2","5","7","53","51","342","259","423","389","C0080218"
"10206","5925","2","3","12","19","31","1","426","55","78","C0080218"
"10207","51164","2","3","7","76","153","40","38","54","75","C0080218"
"10208","5449","2","3","3","19","221","321","428","541","667","C0080218"
"10209","23064","2","3","6","11","31","261","142","220","664","C0080218"
"10210","6690","2","5","7","68","51","119","395","549","674","C0080218"
"10211","8557","2","5","8","63","45","23","103","464","187","C0080274"
"10212","5982","2","3","12","19","31","261","116","1","86","C0080274"
"10213","23322","2","3","12","76","153","40","38","54","75","C0080274"
"10214","7139","2","5","8","63","45","23","103","464","187","C0080274"
"10215","59","2","5","8","63","45","23","103","464","187","C0080274"
"10216","58","2","5","8","63","45","23","103","464","187","C0080274"
"10217","5073","2","3","2","110","85","323","433","146","194","C0080276"
"10218","54903","2","3","12","76","153","40","38","54","75","C0080276"
"10219","6785","2","3","5","67","7","5","239","311","393","C0080276"
"10220","4625","2","3","8","63","45","23","103","464","187","C0080276"
"10221","23630","2","5","8","63","36","166","106","110","158","C0080276"
"10222","175","2","3","7","34","52","216","395","549","674","C0080276"
"10223","7547","2","3","3","19","221","321","428","541","667","C0080333"
"10224","3617","2","5","7","86","221","321","454","311","518","C0080333"
"10225","201294","2","5","7","34","52","216","395","549","674","C0085084"
"10226","8200","2","5","7","53","51","342","259","423","389","C0085084"
"10227","83987","2","3","12","41","116","268","434","468","213","C0085084"
"10228","2006","2","5","7","53","51","342","454","573","492","C0085084"
"10229","5332","2","3","4","68","96","326","427","548","672","C0085090"
"10230","514","2","3","2","48","170","50","119","444","556","C0085090"
"10231","3284","2","3","2","69","98","169","299","183","243","C0085096"
"10232","4868","2","5","7","53","51","335","25","560","373","C0085096"
"10233","894","2","3","12","19","31","1","34","540","68","C0085096"
"10234","5824","2","3","5","47","144","185","238","310","392","C0085109"
"10235","3239","2","3","3","19","221","321","428","541","667","C0085109"
"10236","4598","2","3","2","19","151","276","198","259","427","C0085109"
"10237","54808","2","3","12","76","153","40","38","54","75","C0085109"
"10238","1593","2","3","5","79","152","273","157","333","277","C0085109"
"10239","429","2","3","3","19","221","321","428","541","667","C0085109"
"10240","182","2","5","7","53","51","143","428","236","667","C0085109"
"10241","1075","2","5","7","34","52","216","395","549","674","C0085109"
"10242","26525","2","5","7","53","219","119","156","568","697","C0085109"
"10243","1760","2","5","8","63","14","20","34","540","68","C0085109"
"10244","5130","2","3","2","85","143","286","51","488","102","C0085109"
"10245","242","2","3","5","11","142","223","142","220","298","C0085109"
"10246","5495","2","3","12","41","219","339","347","287","664","C0085109"
"10247","5224","2","3","5","90","167","266","367","500","577","C0085110"
"10248","778","2","5","8","63","36","166","341","223","158","C0085110"
"10249","79659","2","3","12","76","153","40","38","54","75","C0085110"
"10250","9150","2","3","12","19","31","261","116","159","211","C0085110"
"10251","4914","2","3","2","22","18","266","202","252","252","C0085110"
"10252","7476","2","5","3","68","221","197","259","560","422","C0085110"
"10253","6736","2","3","12","19","31","276","91","433","667","C0085110"
"10254","10262","2","3","2","22","33","323","66","101","136","C0085110"
"10255","3664","2","5","7","53","184","119","156","287","116","C0085110"
"10256","2121","2","3","12","41","116","268","434","568","605","C0085110"
"10257","2625","2","3","12","19","31","339","155","287","116","C0085110"
"10258","4157","2","5","4","68","96","326","427","548","672","C0085110"
"10259","2890","2","5","8","63","36","166","106","110","158","C0085110"
"10260","3891","2","1","6","11","142","225","142","220","298","C0085110"
"10261","5727","2","3","12","68","221","197","259","560","422","C0085110"
"10262","8625","2","3","12","19","31","276","91","236","118","C0085110"
"10263","2176","2","3","12","19","31","261","116","1","86","C0085129"
"10264","4261","2","3","12","53","184","119","156","287","116","C0085129"
"10265","1513","2","5","7","53","51","342","454","573","492","C0085129"
"10266","1285","2","5","7","53","51","342","454","573","492","C0085129"
"10267","4261","2","3","12","53","184","119","156","287","116","C0085129"
"10268","3913","2","5","7","53","51","342","454","573","492","C0085129"
"10269","25978","2","3","2","48","57","110","141","359","462","C0085129"
"10270","54840","2","3","12","19","31","261","116","1","86","C0085129"
"10271","4609","2","3","12","19","31","1","160","107","416","C0085129"
"10272","23093","2","3","12","76","153","40","38","54","75","C0085129"
"10273","3040","2","5","5","53","51","342","40","78","178","C0085129"
"10274","6571","2","3","8","60","36","71","341","223","624","C0085129"
"10275","1181","2","5","8","63","45","23","34","464","187","C0085131"
"10276","10683","2","5","7","53","51","143","428","560","667","C0085131"
"10277","50484","2","3","5","80","109","182","235","307","506","C0085136"
"10278","958","2","5","7","53","51","119","156","568","697","C0085136"
"10279","54463","2","3","2","48","57","110","141","359","462","C0085159"
"10280","64333","2","5","7","34","52","216","395","46","72","C0085159"
"10281","5189","2","3","5","43","161","305","409","208","482","C0085159"
"10282","6103","2","3","12","76","153","40","38","54","75","C0085159"
"10283","1807","2","3","5","80","23","186","79","560","273","C0085159"
"10284","2317","2","5","7","63","45","23","103","287","664","C0085159"
"10285","8867","2","3","5","60","14","184","341","544","669","C0085159"
"10286","1763","2","3","12","19","31","261","116","1","86","C0085159"
"10287","4359","2","5","7","53","51","342","454","573","492","C0085159"
"10288","5376","2","5","7","53","51","342","454","573","492","C0085159"
"10289","23126","2","3","12","19","31","276","426","55","78","C0085159"
"10290","1586","2","3","5","79","98","256","335","425","540","C0085159"
"10291","1130","2","5","7","60","54","326","141","359","462","C0085159"
"10292","24","2","3","12","41","116","268","423","536","445","C0085159"
"10293","7305","2","5","7","34","52","216","395","549","674","C0085159"
"10294","3479","2","5","7","53","51","342","454","573","492","C0085159"
"10295","6648","2","3","2","95","151","160","378","173","229","C0085179"
"10296","727","2","5","4","68","96","326","427","548","672","C0085179"
"10297","3861","2","1","6","11","142","225","142","220","298","C0085183"
"10298","8292","2","5","5","27","51","342","454","573","492","C0085183"
"10299","1487","2","3","12","19","31","1","426","55","340","C0085183"
"10300","7015","2","3","12","19","31","1","426","55","78","C0085183"
"10301","4854","2","5","7","53","51","143","428","236","667","C0085183"
"10302","5313","2","3","2","90","167","321","428","541","115","C0085183"
"10303","4688","2","5","7","60","14","20","25","40","215","C0085200"
"10304","5073","2","3","2","110","85","323","433","146","194","C0085200"
"10305","55112","2","3","12","76","153","40","38","54","75","C0085200"
"10306","5993","2","3","12","19","31","1","426","55","78","C0085200"
"10307","1301","2","5","7","53","51","342","454","573","492","C0085207"
"10308","3981","2","3","12","19","31","261","116","1","86","C0085207"
"10309","23461","2","3","5","47","144","185","238","310","392","C0085207"
"10310","2932","2","3","12","19","14","197","34","540","68","C0085207"
"10311","9990","2","5","8","45","94","199","240","415","666","C0085207"
"10312","11041","2","3","2","27","36","150","341","223","628","C0085207"
"10313","595","2","3","12","19","31","1","426","489","416","C0085207"
"10314","8625","2","3","12","19","31","276","91","236","118","C0085207"
"10315","613","2","5","7","60","54","24","30","46","72","C0085207"
"10316","10161","2","5","4","68","96","326","427","548","672","C0085207"
"10317","9420","2","3","5","79","159","256","215","282","366","C0085207"
"10318","4222","2","3","3","19","221","321","428","541","667","C0085207"
"10319","29954","2","5","2","27","206","324","430","215","290","C0085215"
"10320","4591","2","3","12","41","116","268","434","468","213","C0085215"
"10321","51091","2","3","2","110","85","237","433","547","671","C0085215"
"10322","50846","2","3","3","68","221","197","259","560","422","C0085215"
"10323","4846","2","3","5","41","219","75","243","44","64","C0085215"
"10324","5573","2","3","12","19","184","118","155","287","116","C0085215"
"10325","54903","2","3","12","76","153","40","38","54","75","C0085215"
"10326","9940","2","3","5","68","221","321","428","447","586","C0085215"
"10327","4683","2","3","12","19","31","261","116","1","86","C0085215"
"10328","10456","2","3","2","41","170","150","304","167","593","C0085220"
"10329","8195","2","3","12","76","153","76","38","54","75","C0085220"
"10330","644096","2","3","2","48","170","50","119","167","556","C0085220"
"10331","7291","2","3","12","19","151","276","91","489","416","C0085220"
"10332","7080","2","3","3","19","221","321","428","541","667","C0085220"
"10333","94","2","5","7","53","51","342","259","423","389","C0085261"
"10334","10483","2","3","7","60","54","24","30","46","72","C0085261"
"10335","5830","2","3","5","43","161","305","409","208","482","C0085269"
"10336","6689","2","3","12","19","31","276","91","433","118","C0085269"
"10337","55703","2","3","2","22","33","261","116","159","211","C0085271"
"10338","25939","2","3","12","53","184","119","156","287","116","C0085271"
"10339","7148","2","5","7","53","51","342","454","573","492","C0085271"
"10340","51062","2","5","7","27","36","150","402","489","373","C0085271"
"10341","9639","2","5","7","60","54","24","30","46","72","C0085271"
"10342","7227","2","3","12","19","31","276","91","433","118","C0085271"
"10343","5176","2","5","7","53","51","342","454","573","492","C0085271"
"10344","11133","2","3","5","48","179","289","133","179","476","C0085271"
"10345","6499","2","3","2","110","85","237","433","547","671","C0085271"
"10346","5450","2","3","12","19","221","261","116","159","211","C0085271"
"10347","3514","2","5","7","53","51","119","395","549","674","C0085271"
"10348","1406","2","3","3","19","221","321","428","541","667","C0085271"
"10349","1959","2","3","3","19","151","276","91","433","118","C0085280"
"10350","7468","2","3","12","19","31","1","426","55","78","C0085280"
"10351","6275","2","3","12","34","52","216","156","572","697","C0085298"
"10352","23746","2","3","12","41","83","101","126","271","356","C0085298"
"10353","367","2","3","12","19","31","276","91","433","118","C0085298"
"10354","5122","2","5","4","27","36","184","141","359","411","C0085298"
"10355","3845","2","5","7","60","54","24","30","46","72","C0085298"
"10356","3207","2","3","3","19","221","321","428","541","667","C0085298"
"10357","4353","2","3","7","34","52","216","395","549","674","C0085298"
"10358","1896","2","5","12","41","219","339","156","568","697","C0085298"
"10359","7290","2","3","12","19","31","1","426","55","78","C0085298"
"10360","4094","2","3","12","19","31","276","91","433","118","C0085298"
"10361","673","2","5","7","53","14","20","34","540","68","C0085298"
"10362","207","2","3","7","53","14","20","34","489","416","C0085298"
"10363","57609","2","3","2","22","36","71","189","466","219","C0085298"
"10364","23414","2","3","12","19","31","118","155","287","116","C0085298"
"10365","551","2","5","4","68","96","326","427","548","672","C0085298"
"10366","2033","2","3","12","19","31","1","91","433","118","C0085298"
"10367","4214","2","3","12","41","219","339","34","540","117","C0085298"
"10368","3077","2","5","7","53","51","119","395","549","674","C0085298"
"10369","2741","2","5","8","27","70","99","162","216","290","C0085298"
"10370","5521","2","3","12","76","137","76","136","472","435","C0085298"
"10371","72","2","5","8","63","45","23","103","464","187","C0085298"
"10372","7428","2","3","12","41","116","268","434","468","213","C0085298"
"10373","3630","2","5","7","53","14","20","25","40","186","C0085298"
"10374","65062","2","3","2","48","170","50","119","444","556","C0085298"
"10375","7084","2","3","2","72","109","115","62","268","353","C0085298"
"10376","23171","2","3","5","116","183","295","398","552","622","C0085298"
"10377","6863","2","5","4","68","96","326","427","548","672","C0085298"
"10378","51601","2","3","2","67","92","293","55","75","311","C0085298"
"10379","29110","2","3","12","41","219","339","156","568","697","C0085298"
"10380","28976","2","3","2","48","170","50","247","322","446","C0085307"
"10381","6197","2","3","12","19","14","20","34","540","68","C0085307"
"10382","3815","2","5","7","53","14","20","25","40","186","C0085307"
"10383","2313","2","3","12","19","31","276","91","433","118","C0085307"
"10384","3891","2","1","6","11","142","225","142","220","298","C0085307"
"10385","2316","2","5","7","53","51","342","454","573","702","C0085307"
"10386","7840","2","3","12","76","153","40","38","54","75","C0085390"
"10387","55505","2","3","2","110","85","237","433","547","671","C0085390"
"10388","2538","2","3","5","90","216","333","438","561","689","C0085390"
"10389","6569","2","3","8","45","94","199","240","415","666","C0085396"
"10390","50485","2","3","12","19","31","261","116","1","86","C0085396"
"10391","5828","2","3","5","43","161","305","409","208","482","C0085396"
"10392","1317","2","3","7","25","44","165","101","274","358","C0085397"
"10393","3643","2","5","7","53","14","20","25","40","186","C0085397"
"10394","1294","2","5","7","53","51","342","454","573","492","C0085397"
"10395","170680","2","1","6","11","142","225","142","220","298","C0085400"
"10396","10528","2","3","2","110","85","237","433","547","671","C0085400"
"10397","55145","2","3","2","22","33","225","142","220","140","C0085400"
"10398","50940","2","3","4","68","96","326","427","548","672","C0085400"
"10399","79143","2","3","5","116","183","295","398","243","327","C0085400"
"10400","4010","2","3","3","19","221","321","428","541","667","C0085400"
"10401","1285","2","5","7","53","51","342","454","573","492","C0085400"
"10402","9742","2","3","12","76","153","40","38","54","75","C0085400"
"10403","55315","2","3","5","80","81","296","62","94","150","C0085400"
"10404","861","2","3","12","19","31","1","426","55","78","C0085413"
"10405","6866","2","5","4","68","96","326","427","548","672","C0085413"
"10406","6392","2","3","2","48","170","50","119","444","556","C0085413"
"10407","5980","2","3","12","19","31","261","116","1","86","C0085413"
"10408","5116","2","3","12","76","153","40","38","54","75","C0085413"
"10409","10436","2","3","2","110","85","237","433","547","671","C0085413"
"10410","5648","2","5","7","53","51","119","395","549","674","C0085541"
"10411","3624","2","5","7","53","51","342","259","423","389","C0085541"
"10412","7222","2","5","8","63","45","193","306","390","158","C0085541"
"10413","55975","2","3","12","41","116","36","43","63","664","C0085541"
"10414","8546","2","5","7","60","18","184","341","544","669","C0085548"
"10415","1184","2","5","8","63","45","23","34","464","187","C0085548"
"10416","2006","2","5","7","53","51","342","454","573","492","C0085548"
"10417","10908","2","3","2","97","173","275","377","473","592","C0085548"
"10418","10265","2","3","3","19","221","321","428","541","667","C0085548"
"10419","5744","2","5","4","68","96","326","427","548","672","C0085548"
"10420","58","2","5","8","63","45","23","103","464","187","C0085548"
"10421","3077","2","5","7","53","51","119","395","549","674","C0085548"
"10422","8260","2","3","12","41","85","266","76","287","78","C0085570"
"10423","1031","2","3","12","19","31","1","426","55","78","C0085570"
"10424","9241","2","5","7","53","51","342","259","423","389","C0085570"
"10425","151","2","5","4","68","96","326","427","548","672","C0085570"
"10426","2737","2","3","12","19","116","321","428","54","667","C0085576"
"10427","3178","2","3","2","22","33","323","66","101","136","C0085576"
"10428","291","2","3","2","48","170","50","304","167","593","C0085576"
"10429","4547","2","5","7","53","51","342","454","573","492","C0085576"
"10430","2200","2","5","7","53","51","342","454","573","492","C0085576"
"10431","23483","2","3","2","28","191","306","143","452","258","C0085576"
"10432","3984","2","5","7","53","14","20","34","540","68","C0085576"
"10433","5096","2","3","2","48","40","130","166","127","173","C0085576"
"10434","9321","2","3","12","76","153","40","38","54","203","C0085576"
"10435","3339","2","5","7","53","51","342","454","573","492","C0085576"
"10436","6663","2","3","3","19","221","321","428","541","667","C0085576"
"10437","2623","2","3","12","19","31","1","155","287","116","C0085576"
"10438","4624","2","5","8","63","45","23","103","464","187","C0085576"
"10439","51128","2","5","7","60","153","24","38","46","72","C0085576"
"10440","554","2","5","4","68","96","326","427","548","672","C0085576"
"10441","2317","2","5","7","63","45","23","103","287","664","C0085576"
"10442","9150","2","3","12","19","31","261","116","159","211","C0085577"
"10443","4791","2","3","12","41","219","339","156","568","697","C0085577"
"10444","6310","2","3","12","22","142","225","366","362","468","C0085577"
"10445","6389","2","3","2","48","170","50","119","444","556","C0085577"
"10446","11285","2","3","2","74","205","191","396","408","620","C0085577"
"10447","1493","2","5","7","53","51","119","25","40","186","C0085577"
"10448","50964","2","5","3","68","221","197","259","423","422","C0085580"
"10449","3383","2","5","7","53","51","119","454","287","116","C0085580"
"10450","7124","2","3","12","41","219","339","156","568","697","C0085580"
"10451","10060","2","3","8","41","45","23","423","464","445","C0085580"
"10452","1161","2","3","12","41","116","268","434","468","213","C0085580"
"10453","355","2","3","7","41","219","339","156","568","697","C0085580"
"10454","348","2","5","7","53","51","342","454","573","492","C0085580"
"10455","7403","2","3","12","19","31","1","426","55","78","C0085580"
"10456","5961","2","5","7","27","51","326","126","414","702","C0085580"
"10457","79133","2","3","2","48","170","50","119","444","556","C0085580"
"10458","5443","2","5","4","68","96","326","427","548","672","C0085580"
"10459","9702","2","3","12","76","153","40","38","54","75","C0085580"
"10460","1487","2","3","12","19","31","1","426","55","340","C0085580"
"10461","6913","2","3","3","19","221","321","428","541","667","C0085581"
"10462","3358","2","5","4","68","96","326","427","548","672","C0085581"
"10463","4208","2","3","12","19","151","276","91","433","118","C0085581"
"10464","6648","2","3","2","95","151","160","378","173","229","C0085581"
"10465","2263","2","5","7","53","14","20","25","40","186","C0085581"
"10466","6529","2","5","8","45","94","199","240","415","666","C0085581"
"10467","1674","2","5","8","63","45","23","103","464","187","C0085581"
"10468","2010","2","3","12","26","105","296","226","488","156","C0085581"
"10469","30062","2","3","3","19","221","321","428","541","667","C0085581"
"10470","8092","2","3","3","19","221","321","428","541","667","C0085581"
"10471","2260","2","5","7","53","14","20","25","40","186","C0085581"
"10472","204","2","3","4","72","109","182","235","307","506","C0085583"
"10473","4193","2","3","12","19","31","1","116","89","605","C0085583"
"10474","6392","2","3","2","48","170","50","119","444","556","C0085583"
"10475","4921","2","5","7","53","14","20","25","573","186","C0085583"
"10476","9820","2","3","12","41","116","268","434","468","213","C0085583"
"10477","2040","2","5","7","34","52","216","395","549","674","C0085583"
"10478","2260","2","5","7","53","14","20","25","40","186","C0085583"
"10479","10585","2","5","2","27","206","324","430","215","290","C0085583"
"10480","93","2","5","7","53","14","20","259","423","389","C0085583"
"10481","8675","2","5","7","60","54","24","98","66","203","C0085583"
"10482","1289","2","5","7","53","51","342","454","573","492","C0085583"
"10483","4609","2","3","12","19","31","1","160","107","416","C0085583"
"10484","4920","2","5","7","53","14","20","259","560","373","C0085583"
"10485","2736","2","3","12","41","116","321","428","54","667","C0085583"
"10486","2554","2","5","8","27","70","99","162","216","290","C0085583"
"10487","1371","2","3","5","17","24","261","116","164","6","C0085583"
"10488","54361","2","5","3","68","221","197","259","560","422","C0085583"
"10489","6683","2","3","12","76","153","40","38","54","75","C0085583"
"10490","3440","2","3","12","19","184","118","155","287","116","C0085583"
"10491","5296","2","5","7","53","14","20","25","40","186","C0085583"
"10492","215","2","3","5","47","144","185","238","310","392","C0085583"
"10493","1414","2","5","6","11","45","160","362","177","673","C0085583"
"10494","3265","2","5","7","60","54","24","30","46","72","C0085583"
"10495","7010","2","5","7","53","14","20","25","40","186","C0085583"
"10496","2239","2","3","2","74","51","342","454","573","492","C0085583"
"10497","4882","2","3","4","68","96","326","427","548","672","C0085583"
"10498","2316","2","5","7","53","51","342","454","573","702","C0085583"
"10499","1280","2","5","7","53","51","342","454","573","492","C0085583"
"10500","8481","2","3","12","76","153","40","38","54","75","C0085583"
"10501","2146","2","3","12","19","31","1","426","55","78","C0085583"
"10502","7015","2","3","12","19","31","1","426","55","78","C0085583"
"10503","9049","2","3","3","41","151","276","378","271","356","C0085583"
"10504","55612","2","5","7","60","36","71","177","560","701","C0085593"
"10505","579","2","3","3","19","221","321","428","541","667","C0085593"
"10506","3759","2","5","8","63","36","166","106","110","158","C0085602"
"10507","2261","2","5","7","53","14","20","25","40","186","C0085602"
"10508","23064","2","3","6","11","31","261","142","220","664","C0085602"
"10509","4214","2","3","12","41","219","339","34","540","117","C0085602"
"10510","3239","2","3","3","19","221","321","428","541","667","C0085602"
"10511","6575","2","3","8","45","94","199","240","415","666","C0085602"
"10512","7046","2","3","12","41","219","339","259","423","605","C0085602"
"10513","4990","2","3","3","19","221","321","428","541","667","C0085602"
"10514","23512","2","3","12","19","31","1","426","55","78","C0085602"
"10515","2260","2","5","7","53","14","20","25","40","186","C0085602"
"10516","6392","2","3","2","48","170","50","119","444","556","C0085602"
"10517","1028","2","3","12","19","31","1","116","1","86","C0085602"
"10518","875","2","3","5","80","137","44","21","451","316","C0085602"
"10519","10801","2","3","12","76","108","293","141","305","387","C0085602"
"10520","3930","2","3","2","22","33","323","66","3","464","C0085602"
"10521","54209","2","5","7","53","51","119","395","549","674","C0085606"
"10522","7084","2","3","2","72","109","115","62","268","353","C0085606"
"10523","2697","2","3","7","76","153","40","38","54","75","C0085606"
"10524","10020","2","3","2","89","124","204","42","452","258","C0085606"
"10525","6845","2","5","7","60","14","184","341","544","669","C0085606"
"10526","54757","2","5","7","53","51","342","454","573","492","C0085606"
"10527","8820","2","3","3","19","221","321","428","541","667","C0085606"
"10528","140","2","5","4","68","96","326","427","548","672","C0085606"
"10529","641","2","3","12","19","31","261","116","1","86","C0085606"
"10530","1909","2","5","4","68","96","326","427","548","672","C0085606"
"10531","5396","2","3","3","19","221","321","428","541","667","C0085606"
"10532","90993","2","3","12","26","35","276","91","433","156","C0085606"
"10533","2200","2","5","7","53","51","342","454","573","492","C0085606"
"10534","3077","2","5","7","53","51","119","395","549","674","C0085606"
"10535","10913","2","3","12","41","219","339","156","568","697","C0085610"
"10536","7450","2","5","7","53","51","342","454","573","492","C0085610"
"10537","3748","2","5","8","63","36","166","106","110","158","C0085610"
"10538","5908","2","5","7","34","52","216","30","46","72","C0085610"
"10539","229","2","3","2","90","167","266","367","500","577","C0085611"
"10540","7681","2","3","12","41","116","268","434","468","213","C0085611"
"10541","2068","2","3","12","19","31","261","116","159","211","C0085611"
"10542","26608","2","3","2","22","170","50","119","463","153","C0085612"
"10543","5994","2","3","12","19","31","276","91","491","118","C0085612"
"10544","6575","2","3","8","45","94","199","240","415","666","C0085612"
"10545","55572","2","3","2","48","170","50","119","444","556","C0085612"
"10546","4921","2","5","7","53","14","20","25","573","186","C0085612"
"10547","6868","2","5","7","53","51","342","454","236","492","C0085612"
"10548","29954","2","5","2","27","206","324","430","215","290","C0085612"
"10549","3845","2","5","7","60","54","24","30","46","72","C0085612"
"10550","5743","2","3","5","53","175","119","167","489","416","C0085612"
"10551","2652","2","5","4","68","96","326","427","548","672","C0085612"
"10552","9451","2","3","2","110","51","335","226","297","380","C0085612"
"10553","2733","2","3","2","22","33","323","66","101","664","C0085614"
"10554","3549","2","5","3","53","51","197","259","560","422","C0085614"
"10555","4695","2","3","2","48","170","50","119","444","556","C0085614"
"10556","1586","2","3","5","79","98","256","335","425","540","C0085614"
"10557","7461","2","3","7","60","153","40","38","93","75","C0085614"
"10558","6469","2","5","3","53","221","197","259","560","422","C0085615"
"10559","58","2","5","8","63","45","23","103","464","187","C0085615"
"10560","50511","2","3","12","19","31","1","426","55","78","C0085615"
"10561","1146","2","5","8","27","70","99","162","216","290","C0085615"
"10562","4352","2","5","7","53","14","20","25","40","186","C0085615"
"10563","54463","2","3","2","48","57","110","141","359","462","C0085623"
"10564","3861","2","1","6","11","142","225","142","220","298","C0085623"
"10565","238","2","5","7","53","14","20","25","40","186","C0085623"
"10566","59344","2","5","5","68","184","223","155","447","586","C0085623"
"10567","4591","2","3","12","41","116","268","434","468","213","C0085623"
"10568","36","2","3","2","48","170","50","119","444","556","C0085623"
"10569","3553","2","5","7","53","51","119","25","489","416","C0085623"
"10570","875","2","3","5","80","137","44","21","451","316","C0085623"
"10571","5447","2","3","5","91","214","271","372","471","586","C0085623"
"10572","9581","2","3","5","27","36","150","76","223","628","C0085623"
"10573","4609","2","3","12","19","31","1","160","107","416","C0085623"
"10574","4935","2","5","4","68","96","326","427","548","672","C0085623"
"10575","1027","2","3","12","19","31","1","116","1","86","C0085623"
"10576","23111","2","3","12","41","219","339","156","568","697","C0085631"
"10577","4308","2","5","8","63","45","193","306","390","158","C0085631"
"10578","3832","2","3","12","76","153","40","38","54","75","C0085631"
"10579","1758","2","5","7","53","51","342","454","573","492","C0085631"
"10580","26022","2","5","8","68","45","110","98","66","203","C0085631"
"10581","6789","2","3","7","53","14","20","34","540","68","C0085631"
"10582","29123","2","3","12","19","151","276","91","433","118","C0085631"
"10583","9049","2","3","3","41","151","276","378","271","356","C0085631"
"10584","282617","2","5","7","53","51","119","25","40","186","C0085631"
"10585","207","2","3","7","53","14","20","34","489","416","C0085631"
"10586","9968","2","4","3","24","119","330","214","454","144","C0085631"
"10587","2332","2","3","2","22","33","71","373","466","609","C0085631"
"10588","8200","2","5","7","53","51","342","259","423","389","C0085631"
"10589","11005","2","1","6","11","142","225","142","220","298","C0085631"
"10590","7428","2","3","12","41","116","268","434","468","213","C0085631"
"10591","207","2","3","7","53","14","20","34","489","416","C0085631"
"10592","4200","2","3","2","67","92","293","55","75","311","C0085632"
"10593","4920","2","5","7","53","14","20","259","560","373","C0085632"
"10594","4810","2","3","2","76","57","110","444","560","373","C0085632"
"10595","846","2","5","4","68","96","326","427","548","672","C0085632"
"10596","8671","2","5","8","45","94","199","240","415","666","C0085632"
"10597","8820","2","3","3","19","221","321","428","541","667","C0085632"
"10598","10020","2","3","2","89","124","204","42","452","258","C0085632"
"10599","4041","2","5","3","68","221","197","259","560","422","C0085632"
"10600","4352","2","5","7","53","14","20","25","40","186","C0085632"
"10601","3074","2","3","7","34","52","216","395","549","607","C0085632"
"10602","10585","2","5","2","27","206","324","430","215","290","C0085632"
"10603","4920","2","5","7","53","14","20","259","560","373","C0085632"
"10604","29899","2","5","4","68","96","326","427","548","672","C0085632"
"10605","3594","2","5","7","53","51","119","25","560","373","C0085632"
"10606","54551","2","3","12","41","219","197","156","568","422","C0085632"
"10607","9499","2","5","7","53","51","23","103","464","187","C0085632"
"10608","1565","2","3","5","91","214","226","326","413","530","C0085655"
"10609","6557","2","5","8","45","94","199","240","415","666","C0085655"
"10610","8820","2","3","3","19","221","321","428","541","667","C0085655"
"10611","5781","2","5","7","53","14","20","25","40","186","C0085655"
"10612","1991","2","5","7","34","52","216","395","549","674","C0085655"
"10613","3295","2","3","5","43","161","305","409","208","482","C0085660"
"10614","3920","2","5","7","34","52","216","395","549","674","C0085660"
"10615","3479","2","5","7","53","51","342","454","573","492","C0085660"
"10616","5551","2","5","7","53","51","119","395","549","674","C0085660"
"10617","4893","2","5","7","34","52","24","30","46","72","C0085660"
"10618","3265","2","5","7","60","54","24","30","46","72","C0085660"
"10619","2255","2","5","7","53","14","20","25","40","186","C0085660"
"10620","4041","2","5","3","68","221","197","259","560","422","C0085660"
"10621","3304","2","5","7","34","52","216","395","271","356","C0085661"
"10622","10733","2","3","12","76","153","40","38","54","75","C0085661"
"10623","2290","2","3","3","19","221","321","428","541","667","C0085661"
"10624","6303","2","3","2","67","118","160","261","188","423","C0085661"
"10625","2978","2","3","5","80","81","272","223","518","621","C0085661"
"10626","8891","2","3","2","110","85","237","433","547","671","C0085661"
"10627","8139","2","3","12","41","116","268","434","468","213","C0085669"
"10628","596","2","3","12","19","219","339","402","489","416","C0085669"
"10629","5527","2","3","12","76","153","40","38","54","75","C0085669"
"10630","79147","2","3","2","27","36","150","430","215","628","C0085669"
"10631","435","2","3","8","84","97","167","210","278","360","C0085669"
"10632","1594","2","3","5","92","163","96","363","460","487","C0085669"
"10633","10555","2","3","7","34","52","216","395","549","622","C0085679"
"10634","6391","2","3","2","48","170","50","119","444","556","C0085679"
"10635","4604","2","5","8","63","45","23","103","464","187","C0085680"
"10636","7015","2","3","12","19","31","1","426","55","78","C0085680"
"10637","9896","2","3","5","80","81","296","399","201","274","C0085680"
"10638","7421","2","3","3","19","151","276","91","433","118","C0085680"
"10639","5290","2","3","7","53","14","20","25","40","186","C0085680"
"10640","7461","2","3","7","60","153","40","38","93","75","C0085680"
"10641","4143","2","3","5","80","81","105","426","129","2","C0085681"
"10642","9723","2","5","7","53","51","342","79","560","373","C0085681"
"10643","4015","2","5","7","53","51","342","454","573","492","C0085681"
"10644","2261","2","5","7","53","14","20","25","40","186","C0085681"
"10645","5193","2","3","5","43","161","305","409","208","482","C0085681"
"10646","3636","2","3","5","80","14","20","25","40","186","C0085681"
"10647","7015","2","3","12","19","31","1","426","55","78","C0085681"
"10648","3033","2","3","2","67","80","145","179","239","618","C0085681"
"10649","2261","2","5","7","53","14","20","25","40","186","C0085681"
"10650","9241","2","5","7","53","51","342","259","423","389","C0085681"
"10651","7124","2","3","12","41","219","339","156","568","697","C0085681"
"10652","593","2","3","2","67","92","293","55","75","311","C0085681"
"10653","5781","2","5","7","53","14","20","25","40","186","C0085681"
"10654","7042","2","5","7","53","51","342","454","573","492","C0085681"
"10655","23247","2","3","12","76","153","71","34","540","68","C0085681"
"10656","2147","2","5","7","68","51","342","454","573","492","C0085681"
"10657","538","2","3","8","63","45","23","103","464","187","C0085681"
"10658","23169","2","3","2","78","205","112","430","429","544","C0085682"
"10659","51715","2","5","7","60","54","24","30","46","72","C0085682"
"10660","9723","2","5","7","53","51","342","79","560","373","C0085682"
"10661","1528","2","3","5","91","214","271","372","471","586","C0085682"
"10662","4292","2","3","12","19","31","261","116","1","86","C0085682"
"10663","3039","2","3","5","35","41","118","155","287","116","C0085682"
"10664","10342","2","3","7","60","219","40","202","66","203","C0085682"
"10665","2067","2","3","12","19","31","261","116","1","86","C0085682"
"10666","2131","2","3","2","74","58","112","148","181","416","C0085682"
"10667","3845","2","5","7","60","54","24","30","46","72","C0085682"
"10668","2077","2","3","12","76","153","40","38","54","75","C0085682"
"10669","55033","2","3","2","110","105","178","226","297","380","C0085682"
"10670","54716","2","5","8","45","94","199","240","415","666","C0085682"
"10671","673","2","5","7","53","14","20","34","540","68","C0085682"
"10672","1130","2","5","7","60","54","326","141","359","462","C0085682"
"10673","10262","2","3","2","22","33","323","66","101","136","C0085682"
"10674","10892","2","5","7","53","219","119","156","568","697","C0085682"
"10675","29123","2","3","12","19","151","276","91","433","118","C0085682"
"10676","54332","2","3","2","60","170","40","98","66","203","C0085684"
"10677","10019","2","5","7","53","14","20","25","40","116","C0085684"
"10678","3835","2","3","12","76","153","40","38","54","75","C0085684"
"10679","2778","2","5","4","68","96","326","427","548","672","C0085684"
"10680","596","2","3","12","19","219","339","402","489","416","C0085684"
"10681","1026","2","3","12","19","31","1","116","489","416","C0085684"
"10682","10682","2","5","4","68","96","326","48","69","204","C0085684"
"10683","7461","2","3","7","60","153","40","38","93","75","C0085684"
"10684","3265","2","5","7","60","54","24","30","46","72","C0085684"
"10685","6529","2","5","8","45","94","199","240","415","666","C0085684"
"10686","64788","2","5","5","11","51","225","142","220","298","C0085684"
"10687","5696","2","3","12","41","116","268","156","568","116","C0085684"
"10688","6655","2","5","7","60","54","24","30","46","72","C0085684"
"10689","7045","2","5","12","19","51","1","426","55","78","C0085684"
"10690","3481","2","5","7","53","51","342","454","573","492","C0085684"
"10691","11160","2","3","12","41","116","268","423","536","445","C0085684"
"10692","4015","2","5","7","53","51","342","454","573","492","C0085684"
"10693","6949","2","3","2","110","85","237","164","390","311","C0085684"
"10694","55112","2","3","12","76","153","40","38","54","75","C0085684"
"10695","5664","2","5","7","53","219","143","428","236","667","C0085684"
"10696","4361","2","3","12","19","31","261","116","1","86","C0085684"
"10697","9031","2","3","12","19","31","1","426","55","78","C0085684"
"10698","1380","2","5","7","53","51","119","395","549","674","C0085684"
"10699","1140","2","5","8","27","70","99","162","216","290","C0085684"
"10700","3868","2","1","6","11","142","225","142","220","298","C0085684"
"10701","6335","2","5","8","63","36","166","341","390","158","C0085684"
"10702","1543","2","3","5","91","151","276","91","433","118","C0085684"
"10703","429","2","3","3","19","221","321","428","541","667","C0085702"
"10704","6716","2","3","2","69","98","169","299","50","494","C0085702"
"10705","26053","2","3","12","19","31","1","426","55","78","C0085702"
"10706","5580","2","5","7","34","52","216","395","287","116","C0086132"
"10707","5191","2","3","5","43","161","305","409","208","482","C0086132"
"10708","4288","2","3","12","76","153","40","38","54","75","C0086132"
"10709","1759","2","5","7","60","14","184","341","544","669","C0086132"
"10710","1440","2","5","7","53","51","119","25","489","416","C0086132"
"10711","6324","2","5","7","63","36","166","341","223","158","C0086132"
"10712","3952","2","5","3","53","151","276","91","433","118","C0086132"
"10713","3663","2","3","12","53","184","119","156","287","116","C0086132"
"10714","9401","2","3","12","76","31","261","116","1","86","C0086132"
"10715","547","2","3","7","76","153","40","38","54","75","C0086132"
"10716","811","2","3","2","41","116","342","423","536","342","C0086132"
"10717","4023","2","3","5","24","51","342","91","20","27","C0086132"
"10718","2710","2","3","2","72","43","179","88","125","382","C0086132"
"10719","6331","2","5","8","63","36","166","341","223","158","C0086132"
"10720","4089","2","3","12","19","219","339","259","423","605","C0086132"
"10721","4625","2","3","8","63","45","23","103","464","187","C0086132"
"10722","5172","2","5","8","45","94","199","240","415","666","C0086132"
"10723","673","2","5","7","53","14","20","34","540","68","C0086132"
"10724","4920","2","5","7","53","14","20","259","560","373","C0086132"
"10725","26585","2","5","7","53","51","342","259","423","389","C0086132"
"10726","90","2","5","7","53","51","342","259","423","389","C0086132"
"10727","658","2","5","7","53","51","342","259","423","389","C0086132"
"10728","7010","2","5","7","53","14","20","25","40","186","C0086132"
"10729","51124","2","5","4","68","96","326","427","548","672","C0086132"
"10730","1958","2","3","12","19","31","276","91","433","116","C0086132"
"10731","9076","2","5","6","42","36","71","177","64","219","C0086132"
"10732","23436","2","5","7","68","51","119","395","549","674","C0086132"
"10733","6777","2","5","7","53","14","20","25","40","186","C0086132"
"10734","8878","2","3","12","41","219","339","156","568","697","C0086132"
"10735","55507","2","5","5","68","96","326","427","447","586","C0086439"
"10736","26160","2","3","12","76","153","40","38","54","75","C0086439"
"10737","6911","2","5","6","19","142","335","259","560","373","C0086439"
"10738","2626","2","3","12","19","31","118","155","287","116","C0086439"
"10739","189","2","3","5","43","161","305","409","208","482","C0086439"
"10740","5828","2","3","5","43","161","305","409","208","482","C0086439"
"10741","4281","2","5","7","53","184","119","156","287","116","C0086439"
"10742","1785","2","5","7","60","14","184","341","544","669","C0086439"
"10743","7337","2","3","12","41","116","268","434","468","213","C0086439"
"10744","25836","2","3","12","76","153","40","38","54","75","C0086439"
"10745","9907","2","3","5","27","142","335","444","560","214","C0086439"
"10746","351","2","5","4","68","96","326","188","145","193","C0086439"
"10747","23193","2","3","2","41","116","178","423","536","342","C0086439"
"10748","7809","2","5","8","63","45","23","34","464","187","C0086439"
"10749","50640","2","3","5","116","183","295","398","243","327","C0086439"
"10750","11200","2","3","12","19","31","261","116","1","86","C0086439"
"10751","6574","2","3","8","45","94","199","240","415","666","C0086439"
"10752","5885","2","3","12","76","153","40","38","54","75","C0086439"
"10753","2488","2","5","4","68","96","326","427","548","672","C0086439"
"10754","4920","2","5","7","53","14","20","259","560","373","C0086533"
"10755","6663","2","3","3","19","221","321","428","541","667","C0086533"
"10756","2706","2","3","12","76","153","40","38","54","75","C0086795"
"10757","4352","2","5","7","53","14","20","25","40","186","C0086795"
"10758","8243","2","3","12","76","31","40","38","54","75","C0086795"
"10759","356","2","5","7","53","219","339","25","489","697","C0086795"
"10760","4038","2","5","7","53","51","342","454","573","492","C0086795"
"10761","6261","2","5","8","63","45","23","34","464","187","C0086795"
"10762","9401","2","3","12","76","31","261","116","1","86","C0086795"
"10763","7051","2","1","6","11","142","225","142","220","298","C0086795"
"10764","4137","2","3","7","27","36","150","341","223","628","C0086795"
"10765","3897","2","5","7","53","51","335","444","560","373","C0086795"
"10766","54209","2","5","7","53","51","119","395","549","674","C0086795"
"10767","6855","2","5","7","27","36","150","341","223","628","C0086795"
"10768","23462","2","3","12","19","31","143","428","236","667","C0087012"
"10769","2703","2","3","12","76","153","40","38","54","75","C0087012"
"10770","2632","2","3","2","28","22","48","232","82","114","C0087012"
"10771","3339","2","5","7","53","51","342","454","573","492","C0087012"
"10772","5631","2","3","2","72","119","109","266","336","452","C0087012"
"10773","3872","2","1","6","11","142","225","142","220","298","C0087012"
"10774","2138","2","3","12","19","31","1","426","55","78","C0087012"
"10775","5339","2","5","7","53","51","342","454","573","492","C0087012"
"10776","9247","2","5","7","53","221","197","259","423","389","C0087012"
"10777","3892","2","1","6","11","142","225","142","220","298","C0087012"
"10778","10978","2","3","2","22","33","323","66","101","136","C0087012"
"10779","1734","2","3","5","69","83","101","126","57","224","C0087012"
"10780","55109","2","5","7","42","81","184","118","543","214","C0087012"
"10781","2263","2","5","7","53","14","20","25","40","186","C0087012"
"10782","8600","2","5","7","41","219","339","156","568","697","C0087012"
"10783","2516","2","3","3","19","151","276","91","433","118","C0087012"
"10784","26040","2","3","12","19","31","1","116","297","78","C0149516"
"10785","29887","2","3","7","60","18","110","141","198","270","C0149516"
"10786","1977","2","3","2","110","85","237","433","547","671","C0149516"
"10787","3691","2","5","7","53","51","342","454","573","492","C0149516"
"10788","10654","2","3","3","72","151","276","91","433","118","C0149516"
"10789","1758","2","5","7","53","51","342","454","573","492","C0149516"
"10790","4286","2","3","12","19","31","261","116","1","664","C0149516"
"10791","808","2","5","8","63","45","23","103","464","187","C0149516"
"10792","7259","2","3","12","19","31","1","426","55","78","C0149516"
"10793","7124","2","3","12","41","219","339","156","568","697","C0149521"
"10794","7476","2","5","3","68","221","197","259","560","422","C0149521"
"10795","8085","2","3","12","19","31","1","426","55","78","C0149521"
"10796","2318","2","5","7","53","45","23","103","464","187","C0149521"
"10797","25814","2","3","2","48","170","110","119","444","462","C0149521"
"10798","23426","2","5","7","42","36","71","177","223","219","C0149521"
"10799","1733","2","3","5","69","83","101","126","57","224","C0149521"
"10800","715","2","5","7","53","51","119","395","549","674","C0149521"
"10801","1761","2","3","3","19","221","321","428","541","667","C0149521"
"10802","26580","2","5","8","27","70","99","162","216","290","C0149630"
"10803","2812","2","5","7","53","51","342","454","573","492","C0149630"
"10804","2263","2","5","7","53","14","20","25","40","186","C0149630"
"10805","54345","2","5","3","19","221","321","428","541","667","C0149630"
"10806","9244","2","5","7","53","51","119","25","40","416","C0149630"
"10807","3835","2","3","12","76","153","40","38","54","75","C0149630"
"10808","3784","2","5","8","63","36","166","106","110","158","C0149630"
"10809","1161","2","3","12","41","116","268","434","468","213","C0149630"
"10810","3991","2","3","5","80","81","166","57","83","658","C0149630"
"10811","3569","2","5","7","53","51","342","454","573","416","C0149630"
"10812","8626","2","3","3","19","221","321","428","541","667","C0149630"
"10813","1030","2","3","12","19","31","1","426","55","78","C0149630"
"10814","3952","2","5","3","53","151","276","91","433","118","C0149630"
"10815","23767","2","5","7","53","14","20","25","40","186","C0149630"
"10816","6016","2","5","7","60","54","24","30","46","72","C0149630"
"10817","1387","2","3","12","19","31","276","91","433","118","C0149630"
"10818","2717","2","3","7","34","52","216","395","549","674","C0149645"
"10819","2303","2","5","3","19","221","321","428","541","667","C0149645"
"10820","2022","2","5","7","53","51","342","259","423","389","C0149645"
"10821","3984","2","5","7","53","14","20","34","540","68","C0149645"
"10822","1911","2","3","12","19","31","1","426","55","78","C0149645"
"10823","7428","2","3","12","41","116","268","434","468","213","C0149645"
"10824","3418","2","3","2","67","151","276","33","48","155","C0149649"
"10825","10269","2","3","2","48","182","50","119","444","556","C0149649"
"10826","10084","2","3","2","22","33","323","66","101","136","C0149651"
"10827","100","2","3","5","33","21","47","56","80","199","C0149651"
"10828","7227","2","3","12","19","31","276","91","433","118","C0149651"
"10829","2255","2","5","7","53","14","20","25","40","186","C0149651"
"10830","3560","2","5","7","53","14","20","25","40","186","C0149651"
"10831","5311","2","5","8","63","45","166","306","390","158","C0149651"
"10832","5573","2","3","12","19","184","118","155","287","116","C0149651"
"10833","189","2","3","5","43","161","305","409","208","482","C0149651"
"10834","65250","2","3","12","76","153","40","38","54","75","C0149651"
"10835","1029","2","3","12","19","31","1","116","1","664","C0149704"
"10836","26229","2","3","2","74","205","191","396","408","257","C0149704"
"10837","3759","2","5","8","63","36","166","106","110","158","C0149704"
"10838","3265","2","5","7","60","54","24","30","46","72","C0149725"
"10839","9401","2","3","12","76","31","261","116","1","86","C0149725"
"10840","4359","2","5","7","53","51","342","454","573","492","C0149725"
"10841","4204","2","3","12","19","31","1","426","55","78","C0149725"
"10842","3481","2","5","7","53","51","342","454","573","492","C0149725"
"10843","1026","2","3","12","19","31","1","116","489","416","C0149725"
"10844","6006","2","3","2","69","83","101","126","487","116","C0149725"
"10845","51684","2","3","12","41","116","268","38","54","75","C0149725"
"10846","3981","2","3","12","19","31","261","116","1","86","C0149725"
"10847","3861","2","1","6","11","142","225","142","220","298","C0149725"
"10848","1499","2","3","12","19","221","197","259","560","422","C0149725"
"10849","6664","2","3","3","19","221","321","428","541","667","C0149725"
"10850","4534","2","3","5","80","81","296","399","362","468","C0149744"
"10851","1906","2","5","4","68","96","326","427","548","672","C0149744"
"10852","2318","2","5","7","53","45","23","103","464","187","C0149745"
"10853","10342","2","3","7","60","219","40","202","66","203","C0149745"
"10854","25836","2","3","12","76","153","40","38","54","75","C0149745"
"10855","5190","2","3","5","43","161","305","409","208","482","C0149745"
"10856","472","2","3","12","19","31","261","116","1","86","C0149745"
"10857","242","2","3","5","11","142","223","142","220","298","C0149745"
"10858","1811","2","5","8","35","41","199","40","415","666","C0149745"
"10859","1956","2","5","7","53","14","184","45","544","669","C0149745"
"10860","10815","2","5","7","60","36","71","341","223","666","C0149745"
"10861","7157","2","3","12","19","31","261","402","489","551","C0149745"
"10862","7042","2","5","7","53","51","342","454","573","492","C0149745"
"10863","3614","2","3","7","34","52","216","395","549","674","C0149745"
"10864","55651","2","3","2","110","85","237","433","547","671","C0149745"
"10865","7169","2","5","8","63","45","23","103","464","187","C0149745"
"10866","1497","2","5","2","63","182","50","103","297","628","C0149745"
"10867","5290","2","3","7","53","14","20","25","40","186","C0149745"
"10868","6391","2","3","2","48","170","50","119","444","556","C0149754"
"10869","6299","2","3","12","19","221","321","428","541","667","C0149754"
"10870","5663","2","5","7","34","52","216","395","549","667","C0149754"
"10871","1493","2","5","7","53","51","119","25","40","186","C0149754"
"10872","4830","2","3","2","72","109","182","235","307","506","C0149754"
"10873","4261","2","3","12","53","184","119","156","287","116","C0149754"
"10874","2200","2","5","7","53","51","342","454","573","492","C0149754"
"10875","4644","2","5","7","60","54","184","141","359","411","C0149754"
"10876","1294","2","5","7","53","51","342","454","573","492","C0149754"
"10877","1839","2","5","7","53","14","20","25","40","186","C0149754"
"10878","3954","2","3","2","48","170","67","119","444","593","C0149754"
"10879","5894","2","5","7","60","54","23","34","464","187","C0149754"
"10880","2920","2","5","4","68","96","326","427","548","672","C0149754"
"10881","367","2","3","12","19","31","276","91","433","118","C0149770"
"10882","8481","2","3","12","76","153","40","38","54","75","C0149770"
"10883","10084","2","3","2","22","33","323","66","101","136","C0149770"
"10884","7466","2","5","7","53","51","342","454","573","492","C0149770"
"10885","6591","2","3","12","19","31","1","426","55","78","C0149770"
"10886","3119","2","5","7","53","153","119","156","287","116","C0149793"
"10887","1356","2","3","7","53","51","342","454","573","492","C0149793"
"10888","2969","2","3","12","19","31","276","91","433","118","C0149793"
"10889","1896","2","5","12","41","219","339","156","568","697","C0149793"
"10890","10159","2","5","7","34","52","216","395","549","674","C0149793"
"10891","1145","2","5","8","27","70","99","162","216","290","C0149793"
"10892","103","2","3","2","110","184","119","156","287","116","C0149793"
"10893","7461","2","3","7","60","153","40","38","93","75","C0149793"
"10894","1289","2","5","7","53","51","342","454","573","492","C0149821"
"10895","22954","2","3","12","41","116","268","434","468","213","C0149821"
"10896","4137","2","3","7","27","36","150","341","223","628","C0149871"
"10897","3418","2","3","2","67","151","276","33","48","155","C0149871"
"10898","2554","2","5","8","27","70","99","162","216","290","C0149871"
"10899","4004","2","3","12","19","31","1","426","55","78","C0149871"
"10900","5741","2","5","4","68","96","326","427","548","672","C0149871"
"10901","50964","2","5","3","68","221","197","259","423","422","C0149871"
"10902","2677","2","5","7","53","51","342","454","573","492","C0149871"
"10903","7253","2","5","4","68","96","326","427","548","672","C0149871"
"10904","1475","2","1","6","11","142","225","142","220","298","C0149887"
"10905","4535","2","3","2","48","170","50","119","444","556","C0149887"
"10906","2218","2","5","2","53","123","194","255","560","373","C0149887"
"10907","9791","2","3","8","45","94","199","240","415","666","C0149910"
"10908","5982","2","3","12","19","31","261","116","1","86","C0149910"
"10909","6690","2","5","7","68","51","119","395","549","674","C0149940"
"10910","4893","2","5","7","34","52","24","30","46","72","C0149940"
"10911","1282","2","5","7","53","51","342","454","573","492","C0149940"
"10912","5125","2","5","6","11","51","225","142","220","298","C0149940"
"10913","478","2","3","8","63","45","23","366","464","187","C0149951"
"10914","5824","2","3","5","47","144","185","238","310","392","C0149951"
"10915","1848","2","3","5","42","81","296","399","201","274","C0149951"
"10916","5837","2","3","5","80","81","23","103","464","658","C0149955"
"10917","5972","2","5","5","34","52","216","397","418","568","C0149955"
"10918","2353","2","3","12","19","31","1","91","489","416","C0149955"
"10919","134","2","5","4","68","96","326","427","548","672","C0149958"
"10920","1636","2","3","5","80","81","166","397","418","568","C0149958"
"10921","22948","2","3","12","76","137","76","136","472","435","C0149958"
"10922","2255","2","5","7","53","14","20","25","40","186","C0149958"
"10923","2316","2","5","7","53","51","342","454","573","702","C0149958"
"10924","4893","2","5","7","34","52","24","30","46","72","C0149958"
"10925","5373","2","3","2","90","167","123","158","207","278","C0149958"
"10926","3892","2","1","6","11","142","225","142","220","298","C0149958"
"10927","4351","2","3","2","90","167","266","367","500","577","C0149958"
"10928","9215","2","5","2","27","36","150","430","215","628","C0150055"
"10929","54209","2","5","7","53","51","119","395","549","674","C0150055"
"10930","3853","2","1","6","11","142","225","142","220","298","C0150080"
"10931","28962","2","5","8","63","45","23","34","464","187","C0150080"
"10932","1641","2","5","7","60","221","321","428","560","373","C0150080"
"10933","5015","2","3","3","19","221","321","428","541","667","C0150993"
"10934","10733","2","3","12","76","153","40","38","54","75","C0150993"
"10935","5993","2","3","12","19","31","1","426","55","78","C0150993"
"10936","2627","2","3","12","19","31","118","155","287","116","C0150993"
"10937","9113","2","5","7","53","14","20","34","540","68","C0150993"
"10938","5830","2","3","5","43","161","305","409","208","482","C0150993"
"10939","3758","2","5","8","63","36","166","106","110","158","C0151205"
"10940","10142","2","3","12","76","153","40","38","54","75","C0151205"
"10941","5034","2","5","7","53","51","342","454","573","492","C0151205"
"10942","25978","2","3","2","48","57","110","141","359","462","C0151205"
"10943","1316","2","3","12","19","31","276","91","433","118","C0151205"
"10944","2022","2","5","7","53","51","342","259","423","389","C0151205"
"10945","7068","2","3","3","19","151","276","91","433","118","C0151205"
"10946","7066","2","5","7","53","51","119","25","573","416","C0151205"
"10947","5176","2","5","7","53","51","342","454","573","492","C0151205"
"10948","5449","2","3","3","19","221","321","428","541","667","C0151205"
"10949","3730","2","5","7","53","14","20","25","40","186","C0151205"
"10950","9632","2","3","7","60","153","40","38","54","203","C0151205"
"10951","8504","2","3","5","47","144","185","238","310","392","C0151205"
"10952","9968","2","4","3","24","119","330","214","454","144","C0151311"
"10953","2752","2","3","2","101","62","189","182","509","409","C0151311"
"10954","23384","2","3","12","63","45","184","103","572","658","C0151311"
"10955","10262","2","3","2","22","33","323","66","101","136","C0151311"
"10956","10020","2","3","2","89","124","204","42","452","258","C0151311"
"10957","196","2","3","3","19","151","276","91","433","118","C0151311"
"10958","3592","2","5","7","53","51","119","25","489","416","C0151311"
"10959","10585","2","5","2","27","206","324","430","215","290","C0151311"
"10960","7476","2","5","3","68","221","197","259","560","422","C0151311"
"10961","8200","2","5","7","53","51","342","259","423","389","C0151311"
"10962","54714","2","5","8","63","36","166","106","110","158","C0151311"
"10963","5922","2","5","7","60","54","24","30","46","72","C0151313"
"10964","6303","2","3","2","67","118","160","261","188","423","C0151313"
"10965","7148","2","5","7","53","51","342","454","573","492","C0151313"
"10966","11277","2","3","12","19","31","261","116","1","86","C0151313"
"10967","5573","2","3","12","19","184","118","155","287","116","C0151313"
"10968","7015","2","3","12","19","31","1","426","55","78","C0151313"
"10969","5450","2","3","12","19","221","261","116","159","211","C0151313"
"10970","5052","2","3","5","80","81","110","141","359","229","C0151313"
"10971","6757","2","3","12","11","142","225","426","54","673","C0151313"
"10972","3815","2","5","7","53","14","20","25","40","186","C0151313"
"10973","51702","2","3","12","19","31","1","426","55","78","C0151313"
"10974","613","2","5","7","60","54","24","30","46","72","C0151313"
"10975","9131","2","3","12","41","219","339","347","271","356","C0151313"
"10976","2316","2","5","7","53","51","342","454","573","702","C0151313"
"10977","5894","2","5","7","60","54","23","34","464","187","C0151313"
"10978","3861","2","1","6","11","142","225","142","220","298","C0151313"
"10979","23417","2","3","2","43","161","305","409","208","482","C0151313"
"10980","7299","2","3","5","23","18","138","250","332","407","C0151313"
"10981","999","2","5","7","53","51","342","444","560","373","C0151313"
"10982","8314","2","3","12","41","31","1","426","55","78","C0151313"
"10983","4613","2","3","12","19","31","1","426","55","78","C0151379"
"10984","498","2","3","2","48","170","50","304","167","593","C0151379"
"10985","9517","2","3","2","50","47","39","100","321","638","C0151379"
"10986","55651","2","3","2","110","85","237","433","547","671","C0151468"
"10987","1938","2","3","7","34","52","216","395","549","671","C0151468"
"10988","2010","2","3","12","26","105","296","226","488","156","C0151468"
"10989","6648","2","3","2","95","151","160","378","173","229","C0151468"
"10990","7531","2","3","2","48","170","110","329","251","533","C0151468"
"10991","3141","2","3","2","68","40","130","166","127","173","C0151468"
"10992","4843","2","3","5","43","161","305","409","489","416","C0151468"
"10993","10682","2","5","4","68","96","326","48","69","204","C0151468"
"10994","3930","2","3","2","22","33","323","66","3","464","C0151468"
"10995","5660","2","5","7","34","52","326","427","548","702","C0151480"
"10996","6833","2","5","8","45","36","166","240","415","666","C0151480"
"10997","3914","2","5","7","53","51","342","454","573","492","C0151480"
"10998","5194","2","3","5","43","161","305","409","208","482","C0151480"
"10999","7518","2","3","12","19","31","261","116","1","86","C0151480"
"11000","37","2","3","2","110","105","178","226","297","380","C0151480"
"11001","5828","2","3","5","43","161","305","409","208","482","C0151480"
"11002","23126","2","3","12","19","31","276","426","55","78","C0151480"
"11003","26525","2","5","7","53","219","119","156","568","697","C0151480"
"11004","2078","2","3","12","19","31","276","91","148","624","C0151480"
"11005","4683","2","3","12","19","31","261","116","1","86","C0151480"
"11006","6647","2","3","2","95","2","342","378","173","702","C0151480"
"11007","2316","2","5","7","53","51","342","454","573","702","C0151480"
"11008","4255","2","3","12","19","31","261","116","1","86","C0151480"
"11009","2483","2","3","2","22","33","323","66","101","136","C0151480"
"11010","53630","2","3","5","91","51","342","454","573","492","C0151480"
"11011","1066","2","3","5","80","130","114","290","367","623","C0151480"
"11012","1499","2","3","12","19","221","197","259","560","422","C0151480"
"11013","2317","2","5","7","63","45","23","103","287","664","C0151491"
"11014","79001","2","5","2","48","52","342","240","569","666","C0151491"
"11015","9531","2","3","12","41","219","339","347","271","356","C0151491"
"11016","1717","2","3","2","19","151","276","48","69","204","C0151491"
"11017","3845","2","5","7","60","54","24","30","46","72","C0151491"
"11018","6899","2","5","7","53","184","335","259","560","373","C0151514"
"11019","25974","2","3","7","48","51","105","139","186","245","C0151514"
"11020","1161","2","3","12","41","116","268","434","468","213","C0151514"
"11021","22858","2","3","7","53","14","20","34","540","68","C0151514"
"11022","22954","2","3","12","41","116","268","434","468","213","C0151514"
"11023","4436","2","3","12","19","31","261","116","1","86","C0151514"
"11024","25782","2","5","7","60","54","24","30","46","72","C0151514"
"11025","6495","2","3","3","19","221","321","428","541","667","C0151514"
"11026","383","2","3","7","34","52","216","395","549","674","C0151514"
"11027","6335","2","5","8","63","36","166","341","390","158","C0151514"
"11028","2563","2","5","8","27","70","99","162","216","290","C0151514"
"11029","7466","2","5","7","53","51","342","454","573","492","C0151514"
"11030","5727","2","3","12","68","221","197","259","560","422","C0151514"
"11031","7042","2","5","7","53","51","342","454","573","492","C0151514"
"11032","213","2","5","7","53","51","342","454","573","492","C0151514"
"11033","846","2","5","4","68","96","326","427","548","672","C0151514"
"11034","11200","2","3","12","19","31","261","116","1","86","C0151514"
"11035","7048","2","5","7","53","51","342","259","423","389","C0151514"
"11036","1991","2","5","7","34","52","216","395","549","674","C0151514"
"11037","356","2","5","7","53","219","339","25","489","697","C0151514"
"11038","23630","2","5","8","63","36","166","106","110","158","C0151514"
"11039","658","2","5","7","53","51","342","259","423","389","C0151514"
"11040","1062","2","3","12","76","153","40","38","54","75","C0151514"
"11041","716","2","5","7","53","51","119","395","549","674","C0151514"
"11042","2896","2","5","7","34","52","216","395","549","674","C0151514"
"11043","7468","2","3","12","19","31","1","426","55","78","C0151516"
"11044","8517","2","3","12","41","219","339","156","568","697","C0151516"
"11045","9927","2","3","12","19","31","118","155","287","116","C0151516"
"11046","4284","2","3","5","80","81","166","397","374","486","C0151516"
"11047","5194","2","3","5","43","161","305","409","208","482","C0151517"
"11048","26005","2","3","12","76","153","40","38","54","75","C0151517"
"11049","1235","2","5","4","68","96","326","427","548","672","C0151517"
"11050","55654","2","3","2","22","33","323","66","198","270","C0151529"
"11051","3909","2","5","7","53","51","342","454","573","492","C0151529"
"11052","1282","2","5","7","53","51","342","454","573","492","C0151529"
"11053","2182","2","3","2","67","92","265","284","147","235","C0151529"
"11054","6869","2","5","4","68","96","326","427","548","672","C0151529"
"11055","23746","2","3","12","41","83","101","126","271","356","C0151529"
"11056","1415","2","3","6","63","45","160","362","177","673","C0151529"
"11057","8242","2","3","12","19","31","1","426","55","78","C0151529"
"11058","675","2","3","12","19","31","261","116","1","86","C0151529"
"11059","81029","2","5","3","68","221","197","259","560","422","C0151529"
"11060","54808","2","3","12","76","153","40","38","54","75","C0151529"
"11061","429","2","3","3","19","221","321","428","541","667","C0151529"
"11062","55630","2","3","5","27","81","99","162","216","290","C0151529"
"11063","10804","2","3","12","76","153","40","38","54","75","C0151529"
"11064","1509","2","5","7","34","52","216","395","549","568","C0151529"
"11065","356","2","5","7","53","219","339","25","489","697","C0151529"
"11066","3930","2","3","2","22","33","323","66","3","464","C0151529"
"11067","207","2","3","7","53","14","20","34","489","416","C0151529"
"11068","1073","2","3","8","63","45","184","103","572","658","C0151529"
"11069","3763","2","5","8","63","36","166","106","110","158","C0151529"
"11070","6499","2","3","2","110","85","237","433","547","671","C0151529"
"11071","8260","2","3","12","41","85","266","76","287","78","C0151529"
"11072","6507","2","3","2","45","94","199","240","415","666","C0151529"
"11073","7490","2","3","3","19","221","321","428","541","667","C0151529"
"11074","5307","2","3","3","19","221","321","428","541","667","C0151529"
"11075","10049","2","3","12","22","219","339","347","271","356","C0151529"
"11076","1201","2","3","2","48","170","50","304","167","593","C0151529"
"11077","10134","2","3","2","41","219","339","156","536","342","C0151529"
"11078","6736","2","3","12","19","31","276","91","433","667","C0151529"
"11079","23204","2","3","2","48","57","110","141","359","462","C0151529"
"11080","3339","2","5","7","53","51","342","454","573","492","C0151529"
"11081","23594","2","3","12","76","153","261","116","1","86","C0151539"
"11082","4792","2","3","12","41","219","339","156","568","605","C0151539"
"11083","26154","2","3","5","47","144","185","238","310","392","C0151563"
"11084","10483","2","3","7","60","54","24","30","46","72","C0151563"
"11085","8318","2","3","12","76","31","261","116","1","86","C0151563"
"11086","10516","2","5","7","53","51","342","454","573","492","C0151563"
"11087","6598","2","3","12","19","31","1","426","55","78","C0151564"
"11088","4204","2","3","12","19","31","1","426","55","78","C0151564"
"11089","2517","2","3","7","34","52","216","395","549","674","C0151632"
"11090","84879","2","3","5","85","143","286","51","488","102","C0151632"
"11091","4286","2","3","12","19","31","261","116","1","664","C0151632"
"11092","4261","2","3","12","53","184","119","156","287","116","C0151632"
"11093","1278","2","5","7","53","51","342","454","573","492","C0151632"
"11094","3930","2","3","2","22","33","323","66","3","464","C0151632"
"11095","3611","2","5","7","53","14","20","103","188","701","C0151632"
"11096","6794","2","3","12","53","14","20","34","540","68","C0151632"
"11097","6505","2","3","2","45","94","199","240","415","666","C0151632"
"11098","7421","2","3","3","19","151","276","91","433","118","C0151632"
"11099","8493","2","3","12","19","31","293","116","201","664","C0151632"
"11100","55072","2","3","12","41","219","339","156","568","697","C0151632"
"11101","2629","2","3","5","80","81","250","291","152","420","C0151632"
"11102","4540","2","3","2","48","170","50","119","444","556","C0151632"
"11103","3850","2","1","6","11","142","225","142","220","298","C0151632"
"11104","11128","2","3","2","22","33","261","116","159","211","C0151632"
"11105","10555","2","3","7","34","52","216","395","549","622","C0151632"
"11106","10491","2","5","7","53","51","342","454","573","492","C0151632"
"11107","1586","2","3","5","79","98","256","335","425","540","C0151632"
"11108","617","2","3","2","48","170","50","304","167","593","C0151632"
"11109","8241","2","3","2","22","33","323","66","101","136","C0151636"
"11110","8743","2","5","12","41","219","339","156","568","697","C0151636"
"11111","3265","2","5","7","60","54","24","30","46","72","C0151636"
"11112","55612","2","5","7","60","36","71","177","560","701","C0151636"
"11113","6331","2","5","8","63","36","166","341","223","158","C0151636"
"11114","10128","2","3","2","48","170","50","119","444","556","C0151636"
"11115","5395","2","3","12","19","31","261","116","1","86","C0151639"
"11116","11277","2","3","12","19","31","261","116","1","86","C0151639"
"11117","7290","2","3","12","19","31","1","426","55","78","C0151639"
"11118","5189","2","3","5","43","161","305","409","208","482","C0151639"
"11119","8242","2","3","12","19","31","1","426","55","78","C0151639"
"11120","6662","2","3","3","19","221","321","428","541","667","C0151639"
"11121","3426","2","5","7","53","51","119","395","549","674","C0151639"
"11122","7840","2","3","12","76","153","40","38","54","75","C0151639"
"11123","1813","2","5","4","68","96","326","427","548","672","C0151639"
"11124","5824","2","3","5","47","144","185","238","310","392","C0151639"
"11125","3064","2","3","12","48","170","50","444","91","439","C0151639"
"11126","860","2","3","12","19","31","276","91","433","118","C0151639"
"11127","8195","2","3","12","76","153","76","38","54","75","C0151639"
"11128","26160","2","3","12","76","153","40","38","54","75","C0151639"
"11129","6324","2","5","7","63","36","166","341","223","158","C0151639"
"11130","242","2","3","5","11","142","223","142","220","298","C0151639"
"11131","54880","2","3","12","19","31","1","426","55","78","C0151639"
"11132","25942","2","3","12","19","31","1","426","55","78","C0151639"
"11133","23334","2","3","5","48","179","289","133","179","476","C0151639"
"11134","10232","2","5","7","53","51","342","454","573","492","C0151639"
"11135","5443","2","5","4","68","96","326","427","548","672","C0151640"
"11136","1717","2","3","2","19","151","276","48","69","204","C0151640"
"11137","3265","2","5","7","60","54","24","30","46","72","C0151640"
"11138","7516","2","3","12","19","31","261","116","1","86","C0151640"
"11139","55704","2","3","12","76","153","40","38","54","75","C0151640"
"11140","9632","2","3","7","60","153","40","38","54","203","C0151640"
"11141","846","2","5","4","68","96","326","427","548","672","C0151640"
"11142","3054","2","3","12","19","31","1","426","55","78","C0151654"
"11143","706","2","3","5","48","170","273","119","100","589","C0151654"
"11144","8208","2","3","12","19","31","1","426","55","78","C0151654"
"11145","5657","2","5","7","34","52","216","395","549","674","C0151669"
"11146","54968","2","3","2","48","170","50","119","444","556","C0151669"
"11147","142","2","3","12","19","31","261","116","1","86","C0151669"
"11148","3854","2","1","6","11","142","225","142","220","298","C0151669"
"11149","6891","2","3","12","41","116","119","156","568","116","C0151669"
"11150","5732","2","5","4","68","96","326","427","548","672","C0151669"
"11151","3753","2","5","8","63","36","166","341","223","158","C0151669"
"11152","9968","2","4","3","24","119","330","214","454","144","C0151669"
"11153","9096","2","5","7","53","51","335","259","560","373","C0151669"
"11154","26278","2","3","12","41","116","268","347","271","356","C0151691"
"11155","5732","2","5","4","68","96","326","427","548","672","C0151691"
"11156","51082","2","3","2","19","31","1","426","55","78","C0151691"
"11157","4322","2","5","7","53","51","342","454","573","492","C0151691"
"11158","5824","2","3","5","47","144","185","238","310","392","C0151691"
"11159","23250","2","3","7","34","52","216","395","549","559","C0151691"
"11160","4720","2","3","2","48","170","50","119","444","556","C0151691"
"11161","4053","2","5","7","53","51","342","454","573","492","C0151691"
"11162","6154","2","3","2","110","85","237","433","547","671","C0151691"
"11163","55670","2","3","5","43","161","305","409","208","482","C0151691"
"11164","22995","2","3","12","76","153","40","38","54","75","C0151699"
"11165","51750","2","3","12","19","31","261","116","1","86","C0151699"
"11166","10269","2","3","2","48","182","50","119","444","556","C0151699"
"11167","2074","2","3","12","19","31","1","426","55","78","C0151699"
"11168","2317","2","5","7","63","45","23","103","287","664","C0151699"
"11169","3481","2","5","7","53","51","342","454","573","492","C0151699"
"11170","2261","2","5","7","53","14","20","25","40","186","C0151699"
"11171","3691","2","5","7","53","51","342","454","573","492","C0151699"
"11172","9487","2","3","5","80","81","142","176","235","317","C0151699"
"11173","6925","2","3","12","19","31","225","142","220","298","C0151699"
"11174","2317","2","5","7","63","45","23","103","287","664","C0151699"
"11175","10166","2","3","2","84","97","167","210","278","360","C0151699"
"11176","1813","2","5","4","68","96","326","427","548","672","C0151699"
"11177","7337","2","3","12","41","116","268","434","468","213","C0151699"
"11178","5243","2","3","12","41","116","268","423","536","445","C0151699"
"11179","3845","2","5","7","60","54","24","30","46","72","C0151714"
"11180","249","2","3","5","27","51","335","444","560","373","C0151714"
"11181","23129","2","5","7","53","51","342","79","560","373","C0151718"
"11182","5573","2","3","12","19","184","118","155","287","116","C0151718"
"11183","54716","2","5","8","45","94","199","240","415","666","C0151718"
"11184","2033","2","3","12","19","31","1","91","433","118","C0151718"
"11185","6391","2","3","2","48","170","50","119","444","556","C0151718"
"11186","2775","2","5","4","68","36","150","341","223","628","C0151718"
"11187","1357","2","3","5","80","81","166","397","418","568","C0151721"
"11188","1584","2","3","5","79","159","256","276","353","456","C0151721"
"11189","5290","2","3","7","53","14","20","25","40","186","C0151721"
"11190","10133","2","3","12","76","153","40","38","54","75","C0151721"
"11191","1487","2","3","12","19","31","1","426","55","340","C0151721"
"11192","2261","2","5","7","53","14","20","25","40","186","C0151721"
"11193","1594","2","3","5","92","163","96","363","460","487","C0151721"
"11194","27040","2","5","7","53","14","20","25","40","186","C0151721"
"11195","2273","2","5","8","63","45","23","103","464","187","C0151721"
"11196","1947","2","5","7","53","51","20","25","560","373","C0151721"
"11197","6188","2","3","2","110","85","237","433","547","671","C0151721"
"11198","5264","2","3","5","43","161","305","409","208","482","C0151721"
"11199","3767","2","5","8","63","36","166","106","110","158","C0151721"
"11200","593","2","3","2","67","92","293","55","75","311","C0151721"
"11201","5447","2","3","5","91","214","271","372","471","586","C0151721"
"11202","2244","2","5","7","53","51","342","454","573","492","C0151721"
"11203","9702","2","3","12","76","153","40","38","54","75","C0151721"
"11204","23230","2","5","7","11","142","71","341","560","219","C0151721"
"11205","4810","2","3","2","76","57","110","444","560","373","C0151721"
"11206","7299","2","3","5","23","18","138","250","332","407","C0151721"
"11207","3663","2","3","12","53","184","119","156","287","116","C0151721"
"11208","2316","2","5","7","53","51","342","454","573","702","C0151723"
"11209","2571","2","3","2","67","142","71","152","197","219","C0151723"
"11210","5159","2","5","7","53","14","20","25","40","186","C0151723"
"11211","11154","2","5","7","60","18","184","341","544","669","C0151723"
"11212","7043","2","5","7","53","51","342","454","573","492","C0151723"
"11213","3854","2","1","6","11","142","225","142","220","298","C0151723"
"11214","5743","2","3","5","53","175","119","167","489","416","C0151723"
"11215","1723","2","3","2","48","170","50","119","444","556","C0151723"
"11216","34","2","3","2","19","151","276","91","433","118","C0151723"
"11217","23230","2","5","7","11","142","71","341","560","219","C0151723"
"11218","546","2","3","12","19","31","261","426","1","86","C0151723"
"11219","5573","2","3","12","19","184","118","155","287","116","C0151723"
"11220","7051","2","1","6","11","142","225","142","220","298","C0151740"
"11221","7439","2","5","8","63","45","23","34","464","187","C0151740"
"11222","2273","2","5","8","63","45","23","103","464","187","C0151740"
"11223","6310","2","3","12","22","142","225","366","362","468","C0151740"
"11224","1301","2","5","7","53","51","342","454","573","492","C0151740"
"11225","7994","2","3","12","19","31","1","426","55","78","C0151740"
"11226","4598","2","3","2","19","151","276","198","259","427","C0151740"
"11227","1646","2","3","2","46","136","227","168","225","490","C0151740"
"11228","9896","2","3","5","80","81","296","399","201","274","C0151740"
"11229","6144","2","3","2","110","85","237","433","547","671","C0151740"
"11230","6497","2","5","3","19","221","342","259","423","389","C0151740"
"11231","673","2","5","7","53","14","20","34","540","68","C0151740"
"11232","3575","2","5","7","53","51","184","341","544","669","C0151740"
"11233","5192","2","3","5","43","161","305","409","208","482","C0151740"
"11234","51232","2","5","7","53","51","342","454","573","492","C0151740"
"11235","9790","2","3","2","110","85","237","433","547","671","C0151740"
"11236","7253","2","5","4","68","96","326","427","548","672","C0151740"
"11237","6905","2","3","12","76","153","40","38","54","75","C0151740"
"11238","26012","2","3","12","19","31","261","116","159","211","C0151740"
"11239","3586","2","5","7","53","51","119","25","489","416","C0151740"
"11240","6340","2","5","8","63","45","23","34","464","187","C0151740"
"11241","6655","2","5","7","60","54","24","30","46","72","C0151740"
"11242","4352","2","5","7","53","14","20","25","40","186","C0151740"
"11243","1497","2","5","2","63","182","50","103","297","628","C0151740"
"11244","3383","2","5","7","53","51","119","454","287","116","C0151746"
"11245","2760","2","3","7","34","52","216","395","549","674","C0151746"
"11246","1639","2","3","12","76","153","40","38","54","75","C0151746"
"11247","9215","2","5","2","27","36","150","430","215","628","C0151747"
"11248","3082","2","5","7","53","51","342","25","40","186","C0151747"
"11249","4436","2","3","12","19","31","261","116","1","86","C0151747"
"11250","5443","2","5","4","68","96","326","427","548","672","C0151747"
"11251","4920","2","5","7","53","14","20","259","560","373","C0151747"
"11252","23384","2","3","12","63","45","184","103","572","658","C0151747"
"11253","7305","2","5","7","34","52","216","395","549","674","C0151747"
"11254","2652","2","5","4","68","96","326","427","548","672","C0151747"
"11255","6144","2","3","2","110","85","237","433","547","671","C0151747"
"11256","1497","2","5","2","63","182","50","103","297","628","C0151747"
"11257","5824","2","3","5","47","144","185","238","310","392","C0151747"
"11258","7306","2","5","5","23","18","138","250","332","407","C0151747"
"11259","5339","2","5","7","53","51","342","454","573","492","C0151779"
"11260","1312","2","3","2","87","79","105","426","129","25","C0151779"
"11261","11155","2","5","7","63","45","23","103","464","187","C0151779"
"11262","356","2","5","7","53","219","339","25","489","697","C0151818"
"11263","9897","2","3","12","76","18","75","38","1","212","C0151818"
"11264","51259","2","3","2","76","153","40","38","54","75","C0151818"
"11265","2671","2","3","2","48","170","50","304","167","593","C0151818"
"11266","6495","2","3","3","19","221","321","428","541","667","C0151818"
"11267","9321","2","3","12","76","153","40","38","54","203","C0151818"
"11268","8481","2","3","12","76","153","40","38","54","75","C0151818"
"11269","9401","2","3","12","76","31","261","116","1","86","C0151818"
"11270","5727","2","3","12","68","221","197","259","560","422","C0151818"
"11271","5781","2","5","7","53","14","20","25","40","186","C0151818"
"11272","5244","2","3","3","41","151","276","91","433","118","C0151818"
"11273","3356","2","5","4","68","96","326","427","548","672","C0151818"
"11274","10535","2","3","12","76","153","40","38","54","75","C0151818"
"11275","9469","2","3","2","103","189","303","29","475","467","C0151818"
"11276","875","2","3","5","80","137","44","21","451","316","C0151827"
"11277","5195","2","3","5","43","161","305","409","208","482","C0151827"
"11278","84892","2","5","2","27","36","150","430","215","628","C0151854"
"11279","3482","2","5","7","34","52","216","395","544","669","C0151854"
"11280","5332","2","3","4","68","96","326","427","548","672","C0151872"
"11281","6197","2","3","12","19","14","20","34","540","68","C0151872"
"11282","1184","2","5","8","63","45","23","34","464","187","C0151872"
"11283","1617","2","3","2","22","33","323","66","101","468","C0151872"
"11284","5468","2","3","3","19","151","276","91","433","118","C0151872"
"11285","1836","2","3","2","35","41","94","260","330","375","C0151872"
"11286","182","2","5","7","53","51","143","428","236","667","C0151872"
"11287","8314","2","3","12","41","31","1","426","55","78","C0151878"
"11288","2812","2","5","7","53","51","342","454","573","492","C0151878"
"11289","22948","2","3","12","76","137","76","136","472","435","C0151878"
"11290","3640","2","5","4","68","96","326","427","548","672","C0151878"
"11291","9652","2","3","2","110","85","237","433","547","671","C0151878"
"11292","22854","2","5","5","27","51","335","444","560","373","C0151878"
"11293","9031","2","3","12","19","31","1","426","55","78","C0151878"
"11294","2184","2","3","5","76","153","138","236","332","407","C0151878"
"11295","5745","2","5","4","68","96","326","427","548","672","C0151878"
"11296","6736","2","3","12","19","31","276","91","433","667","C0151878"
"11297","54820","2","3","12","76","153","40","38","54","75","C0151878"
"11298","7169","2","5","8","63","45","23","103","464","187","C0151878"
"11299","1001","2","5","7","53","51","335","444","560","373","C0151878"
"11300","763","2","3","5","35","41","77","40","526","647","C0151878"
"11301","7504","2","5","4","68","96","326","427","548","672","C0151878"
"11302","3643","2","5","7","53","14","20","25","40","186","C0151878"
"11303","26012","2","3","12","19","31","261","116","159","211","C0151878"
"11304","2006","2","5","7","53","51","342","454","573","492","C0151879"
"11305","1302","2","5","7","53","51","342","454","573","492","C0151879"
"11306","56652","2","3","3","19","151","276","91","433","118","C0151879"
"11307","1376","2","3","2","19","151","276","91","433","118","C0151879"
"11308","9652","2","3","2","110","85","237","433","547","671","C0151879"
"11309","23545","2","3","5","29","88","132","85","222","346","C0151891"
"11310","3043","2","5","7","34","52","216","395","549","116","C0151891"
"11311","1717","2","3","2","19","151","276","48","69","204","C0151891"
"11312","26277","2","3","12","19","31","1","426","1","78","C0151891"
"11313","6892","2","3","12","41","116","119","156","568","116","C0151891"
"11314","256297","2","3","3","19","221","321","428","541","667","C0151891"
"11315","4615","2","3","12","41","219","339","156","568","697","C0151891"
"11316","11107","2","3","12","19","31","1","426","55","78","C0151891"
"11317","1437","2","5","7","53","14","20","25","40","186","C0151891"
"11318","54209","2","5","7","53","51","119","395","549","674","C0151891"
"11319","2775","2","5","4","68","36","150","341","223","628","C0151891"
"11320","210","2","3","7","34","52","216","395","549","674","C0151891"
"11321","2969","2","3","12","19","31","276","91","433","118","C0151900"
"11322","25915","2","3","2","48","170","50","119","444","556","C0151900"
"11323","8575","2","3","2","22","33","323","66","101","194","C0151934"
"11324","6311","2","3","2","22","33","323","66","362","468","C0151934"
"11325","2896","2","5","7","34","52","216","395","549","674","C0151934"
"11326","1586","2","3","5","79","98","256","335","425","540","C0151934"
"11327","9531","2","3","12","41","219","339","347","271","356","C0151934"
"11328","1736","2","3","2","110","85","237","433","547","671","C0151942"
"11329","9241","2","5","7","53","51","342","259","423","389","C0151942"
"11330","5913","2","5","7","27","36","71","341","223","219","C0151942"
"11331","6335","2","5","8","63","36","166","341","390","158","C0151942"
"11332","5657","2","5","7","34","52","216","395","549","674","C0151942"
"11333","54209","2","5","7","53","51","119","395","549","674","C0151942"
"11334","5573","2","3","12","19","184","118","155","287","116","C0151942"
"11335","7468","2","3","12","19","31","1","426","55","78","C0151942"
"11336","6605","2","3","12","19","31","1","426","55","78","C0151942"
"11337","2697","2","3","7","76","153","40","38","54","75","C0151945"
"11338","10060","2","3","8","41","45","23","423","464","445","C0151945"
"11339","8220","2","3","2","22","33","323","66","101","136","C0151945"
"11340","3115","2","5","7","53","184","119","156","287","116","C0151945"
"11341","5828","2","3","5","43","161","305","409","208","482","C0151945"
"11342","3265","2","5","7","60","54","24","30","46","72","C0151945"
"11343","6531","2","5","8","45","94","199","240","415","666","C0152018"
"11344","94","2","5","7","53","51","342","259","423","389","C0152018"
"11345","1277","2","5","7","53","51","342","454","573","492","C0152018"
"11346","3039","2","3","5","35","41","118","155","287","116","C0152018"
"11347","1893","2","5","7","53","51","342","454","573","702","C0152018"
"11348","330","2","3","12","41","219","339","156","568","697","C0152018"
"11349","1053","2","3","12","19","31","276","91","433","118","C0152020"
"11350","7547","2","3","3","19","221","321","428","541","667","C0152020"
"11351","2317","2","5","7","63","45","23","103","287","664","C0152020"
"11352","6101","2","5","7","60","116","268","434","468","215","C0152021"
"11353","54808","2","3","12","76","153","40","38","54","75","C0152021"
"11354","3123","2","5","7","53","51","119","156","287","116","C0152021"
"11355","4001","2","3","12","76","31","40","38","54","75","C0152021"
"11356","2132","2","3","2","74","58","112","148","193","263","C0152021"
"11357","358","2","3","5","80","81","166","397","374","486","C0152021"
"11358","10484","2","3","7","60","153","40","38","54","203","C0152021"
"11359","27232","2","3","2","19","31","105","106","14","7","C0152021"
"11360","1401","2","5","7","53","51","119","395","573","492","C0152021"
"11361","10082","2","3","2","74","51","342","454","573","492","C0152021"
"11362","9244","2","5","7","53","51","119","25","40","416","C0152021"
"11363","2200","2","5","7","53","51","342","454","573","492","C0152021"
"11364","11127","2","3","12","76","153","40","38","54","75","C0152021"
"11365","2395","2","3","2","48","170","50","304","167","593","C0152021"
"11366","7468","2","3","12","19","31","1","426","55","78","C0152021"
"11367","2737","2","3","12","19","116","321","428","54","667","C0152021"
"11368","1032","2","3","12","19","31","1","426","55","78","C0152021"
"11369","3643","2","5","7","53","14","20","25","40","186","C0152021"
"11370","2153","2","5","7","53","51","342","454","573","492","C0152021"
"11371","701","2","3","12","76","153","40","38","54","75","C0152021"
"11372","2178","2","3","12","19","31","261","116","1","86","C0152021"
"11373","2055","2","3","2","27","36","150","402","223","628","C0152021"
"11374","5605","2","5","7","53","14","20","34","540","68","C0152021"
"11375","1612","2","3","12","53","14","20","34","540","68","C0152021"
"11376","25782","2","5","7","60","54","24","30","46","72","C0152031"
"11377","5213","2","3","2","90","167","266","367","500","577","C0152031"
"11378","5745","2","5","4","68","96","326","427","548","672","C0152031"
"11379","10484","2","3","7","60","153","40","38","54","203","C0152031"
"11380","29954","2","5","2","27","206","324","430","215","290","C0152031"
"11381","2626","2","3","12","19","31","118","155","287","116","C0152031"
"11382","2767","2","5","4","68","96","326","427","548","672","C0152031"
"11383","2952","2","3","5","91","175","271","372","471","586","C0152031"
"11384","54808","2","3","12","76","153","40","38","54","75","C0152031"
"11385","3594","2","5","7","53","51","119","25","560","373","C0152031"
"11386","7468","2","3","12","19","31","1","426","55","78","C0152031"
"11387","11284","2","3","12","19","31","261","116","1","86","C0152031"
"11388","6521","2","5","8","35","41","199","40","415","666","C0152031"
"11389","185","2","5","4","68","96","326","427","548","672","C0152031"
"11390","2200","2","5","7","53","51","342","454","573","492","C0152031"
"11391","4998","2","3","12","76","31","261","116","1","86","C0152031"
"11392","6299","2","3","12","19","221","321","428","541","667","C0152031"
"11393","3075","2","5","7","53","51","119","395","549","674","C0152031"
"11394","8838","2","5","7","53","51","342","259","423","389","C0152031"
"11395","51098","2","3","12","76","153","40","38","54","75","C0152031"
"11396","2266","2","5","7","53","51","342","454","573","492","C0152031"
"11397","2629","2","3","5","80","81","250","291","152","420","C0152031"
"11398","650","2","5","7","53","51","342","259","423","389","C0152031"
"11399","55738","2","5","7","60","153","40","38","544","669","C0152031"
"11400","5468","2","3","3","19","151","276","91","433","118","C0152031"
"11401","5428","2","3","2","48","170","50","119","167","593","C0152031"
"11402","5443","2","5","4","68","96","326","427","548","672","C0152101"
"11403","6888","2","3","2","90","167","266","367","500","577","C0152101"
"11404","7291","2","3","12","19","151","276","91","489","416","C0152101"
"11405","2645","2","3","2","90","167","266","367","101","664","C0152101"
"11406","4436","2","3","12","19","31","261","116","1","86","C0152101"
"11407","6697","2","3","2","69","91","75","204","267","352","C0152101"
"11408","3630","2","5","7","53","14","20","25","40","186","C0152101"
"11409","4535","2","3","2","48","170","50","119","444","556","C0152101"
"11410","593","2","3","2","67","92","293","55","75","311","C0152109"
"11411","3373","2","3","5","80","51","342","454","573","492","C0152109"
"11412","23345","2","3","12","19","31","1","426","55","78","C0152109"
"11413","55215","2","3","12","76","31","261","116","1","86","C0152115"
"11414","429","2","3","3","19","221","321","428","541","667","C0152115"
"11415","9569","2","3","12","19","31","276","91","433","118","C0152115"
"11416","7042","2","5","7","53","51","342","454","573","492","C0152115"
"11417","9076","2","5","6","42","36","71","177","64","219","C0152115"
"11418","51752","2","3","2","41","153","119","156","536","116","C0152116"
"11419","778","2","5","8","63","36","166","341","223","158","C0152116"
"11420","125","2","3","2","75","120","200","263","251","425","C0152116"
"11421","5080","2","3","3","19","221","321","428","541","667","C0152116"
"11422","2314","2","3","12","63","45","184","103","572","658","C0152116"
"11423","3596","2","5","7","53","51","119","25","489","416","C0152116"
"11424","50964","2","5","3","68","221","197","259","423","422","C0152116"
"11425","5155","2","5","7","53","51","342","454","573","186","C0152116"
"11426","6495","2","3","3","19","221","321","428","541","667","C0152116"
"11427","11277","2","3","12","19","31","261","116","1","86","C0152116"
"11428","2253","2","5","7","53","14","20","25","40","186","C0152116"
"11429","1717","2","3","2","19","151","276","48","69","204","C0152116"
"11430","1543","2","3","5","91","151","276","91","433","118","C0152116"
"11431","7040","2","5","7","53","51","342","454","573","492","C0152116"
"11432","6049","2","3","12","41","116","268","434","468","213","C0152116"
"11433","3728","2","5","7","34","52","225","142","220","298","C0152116"
"11434","3161","2","3","12","76","153","40","38","54","75","C0152116"
"11435","4000","2","3","12","26","105","178","226","297","156","C0152132"
"11436","30813","2","3","3","19","221","321","428","541","667","C0152132"
"11437","23093","2","3","12","76","153","40","38","54","75","C0152132"
"11438","26608","2","3","2","22","170","50","119","463","153","C0152132"
"11439","1301","2","5","7","53","51","342","454","573","492","C0152132"
"11440","6584","2","3","8","45","94","199","240","415","666","C0152132"
"11441","83987","2","3","12","41","116","268","434","468","213","C0152191"
"11442","5605","2","5","7","53","14","20","34","540","68","C0152191"
"11443","1727","2","3","7","34","52","216","395","549","197","C0152191"
"11444","1760","2","5","8","63","14","20","34","540","68","C0152191"
"11445","9731","2","3","12","76","153","40","38","54","75","C0152191"
"11446","9353","2","5","7","53","51","342","444","560","373","C0152191"
"11447","2697","2","3","7","76","153","40","38","54","75","C0152191"
"11448","2177","2","3","2","110","90","261","431","545","443","C0152191"
"11449","196","2","3","3","19","151","276","91","433","118","C0152191"
"11450","7415","2","3","7","34","52","216","395","536","445","C0152191"
"11451","58","2","5","8","63","45","23","103","464","187","C0152191"
"11452","4952","2","3","5","60","54","184","30","544","669","C0152191"
"11453","4068","2","5","7","53","51","119","25","549","674","C0152191"
"11454","2559","2","5","8","27","70","99","162","216","290","C0152191"
"11455","9499","2","5","7","53","51","23","103","464","187","C0152191"
"11456","24","2","3","12","41","116","268","423","536","445","C0152191"
"11457","4952","2","3","5","60","54","184","30","544","669","C0152191"
"11458","701","2","3","12","76","153","40","38","54","75","C0152191"
"11459","4540","2","3","2","48","170","50","119","444","556","C0152191"
"11460","3930","2","3","2","22","33","323","66","3","464","C0152191"
"11461","10293","2","3","12","41","116","268","434","468","213","C0152191"
"11462","6218","2","3","2","110","85","237","433","547","671","C0152200"
"11463","23316","2","3","12","60","31","268","91","148","215","C0152200"
"11464","3070","2","3","12","76","31","1","426","55","78","C0152200"
"11465","5002","2","5","8","45","94","199","240","415","666","C0152200"
"11466","4668","2","3","5","21","111","188","242","313","396","C0152200"
"11467","1482","2","3","3","19","221","321","428","541","667","C0152200"
"11468","7132","2","3","12","41","219","339","156","568","697","C0152200"
"11469","2263","2","5","7","53","14","20","25","40","186","C0152200"
"11470","8440","2","5","7","60","14","20","25","40","215","C0152227"
"11471","3852","2","1","6","11","142","225","142","220","298","C0152227"
"11472","22796","2","5","7","60","153","40","38","66","203","C0152227"
"11473","30061","2","3","5","25","44","165","101","274","358","C0152227"
"11474","8626","2","3","3","19","221","321","428","541","667","C0152227"
"11475","5015","2","3","3","19","221","321","428","541","667","C0152227"
"11476","6662","2","3","3","19","221","321","428","541","667","C0152227"
"11477","4535","2","3","2","48","170","50","119","444","556","C0152236"
"11478","845","2","5","8","63","45","23","34","464","187","C0152236"
"11479","5144","2","3","4","68","96","326","427","548","672","C0152236"
"11480","87","2","5","7","53","51","342","454","573","702","C0152237"
"11481","3586","2","5","7","53","51","119","25","489","416","C0152237"
"11482","4784","2","3","2","22","33","261","116","159","211","C0152237"
"11483","5627","2","5","7","53","51","342","454","573","702","C0152237"
"11484","4137","2","3","7","27","36","150","341","223","628","C0152237"
"11485","10743","2","3","3","19","151","276","91","433","118","C0152237"
"11486","1585","2","3","5","79","159","256","351","100","589","C0152240"
"11487","7468","2","3","12","19","31","1","426","55","78","C0152240"
"11488","7020","2","3","12","19","31","276","91","433","664","C0152240"
"11489","121278","2","3","5","80","81","166","307","258","345","C0152415"
"11490","8322","2","5","3","68","221","184","259","544","669","C0152415"
"11491","2317","2","5","7","63","45","23","103","287","664","C0152415"
"11492","10117","2","5","7","53","51","342","454","573","492","C0152415"
"11493","2261","2","5","7","53","14","20","25","40","186","C0152415"
"11494","5077","2","3","3","19","221","321","428","541","667","C0152419"
"11495","2121","2","3","12","41","116","268","434","568","605","C0152419"
"11496","2702","2","3","12","76","153","40","38","54","75","C0152419"
"11497","8050","2","3","2","67","92","293","55","75","311","C0152419"
"11498","5728","2","3","5","80","81","339","156","568","605","C0152424"
"11499","6495","2","3","3","19","221","321","428","541","667","C0152424"
"11500","8822","2","5","7","53","14","20","25","40","186","C0152427"
"11501","50717","2","3","12","41","116","268","434","468","213","C0152427"
"11502","1291","2","5","7","53","51","342","454","573","492","C0152427"
"11503","5332","2","3","4","68","96","326","427","548","672","C0152427"
"11504","2627","2","3","12","19","31","118","155","287","116","C0152427"
"11505","8820","2","3","3","19","221","321","428","541","667","C0152427"
"11506","3425","2","3","5","80","81","166","454","573","492","C0152427"
"11507","1032","2","3","12","19","31","1","426","55","78","C0152427"
"11508","23780","2","5","7","53","51","342","454","216","290","C0152427"
"11509","5993","2","3","12","19","31","1","426","55","78","C0152427"
"11510","60529","2","3","3","19","221","321","428","541","667","C0152427"
"11511","3299","2","3","12","42","81","296","399","201","274","C0152427"
"11512","22995","2","3","12","76","153","40","38","54","75","C0152427"
"11513","551","2","5","4","68","96","326","427","548","672","C0152427"
"11514","7169","2","5","8","63","45","23","103","464","187","C0152427"
"11515","1548","2","3","5","91","214","226","326","447","586","C0152427"
"11516","4000","2","3","12","26","105","178","226","297","156","C0152427"
"11517","5339","2","5","7","53","51","342","454","573","492","C0152427"
"11518","8289","2","3","12","19","31","1","426","55","78","C0152427"
"11519","9992","2","5","8","63","36","166","341","110","158","C0152427"
"11520","3861","2","1","6","11","142","225","142","220","298","C0152427"
"11521","1278","2","5","7","53","51","342","454","573","492","C0152427"
"11522","57502","2","5","7","60","36","71","341","223","219","C0152427"
"11523","2296","2","3","3","19","221","321","428","541","667","C0152427"
"11524","5396","2","3","3","19","221","321","428","541","667","C0152427"
"11525","2261","2","5","7","53","14","20","25","40","186","C0152427"
"11526","54567","2","5","7","53","51","143","428","236","667","C0152427"
"11527","915","2","5","7","53","51","119","341","544","669","C0152427"
"11528","444","2","5","8","63","45","23","34","464","187","C0152438"
"11529","3891","2","1","6","11","142","225","142","220","298","C0152438"
"11530","1281","2","5","7","53","51","342","454","573","492","C0152438"
"11531","6469","2","5","3","53","221","197","259","560","422","C0152438"
"11532","9401","2","3","12","76","31","261","116","1","86","C0152438"
"11533","2260","2","5","7","53","14","20","25","40","186","C0152438"
"11534","26040","2","3","12","19","31","1","116","297","78","C0152438"
"11535","468","2","3","12","19","85","276","91","433","118","C0152438"
"11536","10269","2","3","2","48","182","50","119","444","556","C0152438"
"11537","7157","2","3","12","19","31","261","402","489","551","C0152438"
"11538","23476","2","3","12","19","31","1","426","159","211","C0152438"
"11539","3736","2","5","8","63","36","166","106","110","158","C0152438"
"11540","627","2","5","7","53","51","335","444","423","373","C0152438"
"11541","4893","2","5","7","34","52","24","30","46","72","C0152438"
"11542","29123","2","3","12","19","151","276","91","433","118","C0152438"
"11543","54888","2","3","2","110","85","152","129","252","154","C0152438"
"11544","4784","2","3","2","22","33","261","116","159","211","C0152439"
"11545","65217","2","5","7","53","51","335","444","560","373","C0152439"
"11546","2743","2","5","8","27","70","99","162","216","290","C0152441"
"11547","5993","2","3","12","19","31","1","426","55","78","C0152441"
"11548","4724","2","3","2","48","170","50","119","444","556","C0152441"
"11549","673","2","5","7","53","14","20","34","540","68","C0152441"
"11550","9096","2","5","7","53","51","335","259","560","373","C0152441"
"11551","860","2","3","12","19","31","276","91","433","118","C0152458"
"11552","4990","2","3","3","19","221","321","428","541","667","C0152458"
"11553","5000","2","3","12","76","31","261","116","1","86","C0152459"
"11554","2175","2","3","12","19","31","261","116","1","86","C0152459"
"11555","6736","2","3","12","19","31","276","91","433","667","C0152459"
"11556","633","2","5","7","53","51","342","454","573","492","C0152459"
"11557","2516","2","3","3","19","151","276","91","433","118","C0152459"
"11558","10804","2","3","12","76","153","40","38","54","75","C0152459"
"11559","5053","2","3","5","80","81","166","236","308","390","C0152459"
"11560","2627","2","3","12","19","31","118","155","287","116","C0152459"
"11561","3561","2","5","7","53","14","20","25","40","186","C0152459"
"11562","3257","2","5","7","60","54","24","30","46","72","C0152459"
"11563","79944","2","3","2","48","170","50","119","220","298","C0152459"
"11564","9652","2","3","2","110","85","237","433","547","671","C0152459"
"11565","1356","2","3","7","53","51","342","454","573","492","C0152459"
"11566","7456","2","5","7","60","14","20","25","40","215","C0152459"
"11567","27249","2","3","2","48","182","50","119","186","245","C0152459"
"11568","3981","2","3","12","19","31","261","116","1","86","C0154141"
"11569","7066","2","5","7","53","51","119","25","573","416","C0154141"
"11570","10758","2","3","12","41","219","339","156","568","697","C0154143"
"11571","2643","2","3","5","87","91","75","204","267","352","C0154143"
"11572","3172","2","3","3","19","151","276","91","433","118","C0154676"
"11573","5290","2","3","7","53","14","20","25","40","186","C0154676"
"11574","3454","2","5","7","53","184","119","156","287","116","C0154676"
"11575","5429","2","3","12","19","31","261","116","1","86","C0154676"
"11576","3930","2","3","2","22","33","323","66","3","464","C0154676"
"11577","5193","2","3","5","43","161","305","409","208","482","C0154676"
"11578","7428","2","3","12","41","116","268","434","468","213","C0154676"
"11579","2730","2","3","2","83","171","97","381","478","597","C0154676"
"11580","4036","2","5","7","60","14","184","341","544","669","C0154676"
"11581","2492","2","5","4","68","96","326","427","548","672","C0154676"
"11582","8100","2","3","12","76","153","40","38","54","75","C0154723"
"11583","5961","2","5","7","27","51","326","126","414","702","C0154723"
"11584","1145","2","5","8","27","70","99","162","216","290","C0154723"
"11585","5251","2","3","5","80","81","296","474","593","722","C0154723"
"11586","3081","2","3","2","91","51","3","267","308","429","C0154822"
"11587","5573","2","3","12","19","184","118","155","287","116","C0154822"
"11588","9516","2","3","2","48","116","110","141","152","462","C0154832"
"11589","11253","2","3","2","41","116","268","423","536","445","C0154832"
"11590","22999","2","5","7","60","36","71","341","223","219","C0154832"
"11591","6718","2","3","2","46","136","227","168","225","490","C0154832"
"11592","3265","2","5","7","60","54","24","30","46","72","C0154835"
"11593","7531","2","3","2","48","170","110","329","251","533","C0154835"
"11594","545","2","3","12","19","31","261","116","1","86","C0154835"
"11595","23322","2","3","12","76","153","40","38","54","75","C0154835"
"11596","5194","2","3","5","43","161","305","409","208","482","C0154835"
"11597","8842","2","5","5","53","82","147","184","179","328","C0154835"
"11598","3000","2","5","4","68","96","326","427","548","672","C0154835"
"11599","8085","2","3","12","19","31","1","426","55","78","C0154835"
"11600","8425","2","5","7","53","51","342","454","573","492","C0154835"
"11601","3702","2","5","7","53","14","20","25","40","186","C0154835"
"11602","2259","2","5","8","63","36","166","341","223","158","C0154835"
"11603","9037","2","5","7","53","51","342","454","560","492","C0154850"
"11604","51103","2","3","2","48","170","50","119","444","556","C0154850"
"11605","2778","2","5","4","68","96","326","427","548","672","C0154920"
"11606","7290","2","3","12","19","31","1","426","55","78","C0154920"
"11607","538","2","3","8","63","45","23","103","464","187","C0154920"
"11608","210","2","3","7","34","52","216","395","549","674","C0154920"
"11609","7415","2","3","7","34","52","216","395","536","445","C0154920"
"11610","5378","2","3","12","19","31","261","116","1","86","C0154920"
"11611","1789","2","3","12","19","31","1","426","55","78","C0154920"
"11612","4867","2","5","7","76","153","40","38","54","75","C0154920"
"11613","4337","2","3","2","80","91","75","204","267","352","C0154920"
"11614","9187","2","5","8","45","94","199","240","415","666","C0154920"
"11615","1300","2","5","7","53","51","342","454","573","492","C0154920"
"11616","889","2","5","7","60","45","23","306","64","436","C0154920"
"11617","54880","2","3","12","19","31","1","426","55","78","C0154920"
"11618","5317","2","5","7","34","52","216","142","220","298","C0154920"
"11619","2624","2","3","12","19","31","1","155","287","116","C0154920"
"11620","2627","2","3","12","19","31","118","155","287","116","C0154920"
"11621","6750","2","5","4","68","96","326","427","548","672","C0154920"
"11622","701","2","3","12","76","153","40","38","54","75","C0154920"
"11623","3440","2","3","12","19","184","118","155","287","116","C0154920"
"11624","54938","2","3","2","110","85","67","76","252","154","C0154920"
"11625","1146","2","5","8","27","70","99","162","216","290","C0154936"
"11626","3551","2","3","12","41","219","339","156","568","697","C0154936"
"11627","2074","2","3","12","19","31","1","426","55","78","C0154936"
"11628","26012","2","3","12","19","31","261","116","159","211","C0154936"
"11629","4036","2","5","7","60","14","184","341","544","669","C0155016"
"11630","2263","2","5","7","53","14","20","25","40","186","C0155016"
"11631","2187","2","3","12","19","31","261","116","1","86","C0155016"
"11632","3383","2","5","7","53","51","119","454","287","116","C0155016"
"11633","1497","2","5","2","63","182","50","103","297","628","C0155017"
"11634","5663","2","5","7","34","52","216","395","549","667","C0155017"
"11635","1291","2","5","7","53","51","342","454","573","492","C0155017"
"11636","51626","2","3","12","76","153","40","38","54","75","C0155119"
"11637","6323","2","5","8","63","36","166","341","390","158","C0155119"
"11638","2260","2","5","7","53","14","20","25","40","186","C0155119"
"11639","50717","2","3","12","41","116","268","434","468","213","C0155119"
"11640","3730","2","5","7","53","14","20","25","40","186","C0155119"
"11641","10269","2","3","2","48","182","50","119","444","556","C0155119"
"11642","6469","2","5","3","53","221","197","259","560","422","C0155119"
"11643","7290","2","3","12","19","31","1","426","55","78","C0155119"
"11644","4668","2","3","5","21","111","188","242","313","396","C0155119"
"11645","8626","2","3","3","19","221","321","428","541","667","C0155119"
"11646","2677","2","5","7","53","51","342","454","573","492","C0155119"
"11647","1675","2","5","7","34","52","216","395","549","674","C0155119"
"11648","3516","2","3","12","19","31","143","428","236","667","C0155120"
"11649","3123","2","5","7","53","51","119","156","287","116","C0155120"
"11650","10019","2","5","7","53","14","20","25","40","116","C0155127"
"11651","6812","2","5","7","27","36","150","341","223","628","C0155127"
"11652","7355","2","3","2","78","206","324","430","429","544","C0155127"
"11653","7299","2","3","5","23","18","138","250","332","407","C0155210"
"11654","3290","2","3","2","69","83","101","94","133","239","C0155210"
"11655","3417","2","3","7","34","52","216","395","549","319","C0155210"
"11656","572","2","3","7","41","219","339","402","489","72","C0155210"
"11657","6786","2","5","8","63","45","23","103","464","187","C0155210"
"11658","3579","2","5","4","34","52","216","427","548","672","C0155285"
"11659","1636","2","3","5","80","81","166","397","418","568","C0155285"
"11660","3845","2","5","7","60","54","24","30","46","72","C0155285"
"11661","5244","2","3","3","41","151","276","91","433","118","C0155285"
"11662","23529","2","5","7","53","51","119","25","40","416","C0155299"
"11663","1947","2","5","7","53","51","20","25","560","373","C0155299"
"11664","78989","2","5","7","53","51","119","395","573","674","C0155299"
"11665","10617","2","3","12","48","57","110","141","359","462","C0155299"
"11666","1352","2","3","2","48","170","50","119","444","556","C0155299"
"11667","9227","2","3","2","69","51","101","126","170","224","C0155299"
"11668","93986","2","3","12","19","221","321","428","541","667","C0155299"
"11669","4688","2","5","7","60","14","20","25","40","215","C0155299"
"11670","2566","2","5","8","27","70","99","162","216","290","C0155299"
"11671","5831","2","3","2","101","62","189","182","566","409","C0155320"
"11672","1645","2","3","2","46","51","227","168","225","490","C0155320"
"11673","473","2","3","12","19","31","1","426","55","78","C0155320"
"11674","2896","2","5","7","34","52","216","395","549","674","C0155320"
"11675","6335","2","5","8","63","36","166","341","390","158","C0155320"
"11676","23600","2","3","5","80","81","305","409","208","482","C0155320"
"11677","3784","2","5","8","63","36","166","106","110","158","C0155320"
"11678","3892","2","1","6","11","142","225","142","220","298","C0155320"
"11679","4792","2","3","12","41","219","339","156","568","605","C0155320"
"11680","1487","2","3","12","19","31","1","426","55","340","C0155320"
"11681","2260","2","5","7","53","14","20","25","40","186","C0155320"
"11682","7045","2","5","12","19","51","1","426","55","78","C0155320"
"11683","50514","2","3","3","19","151","276","91","433","118","C0155320"
"11684","472","2","3","12","19","31","261","116","1","86","C0155320"
"11685","2261","2","5","7","53","14","20","25","40","186","C0155320"
"11686","5979","2","5","7","53","14","20","25","40","186","C0155320"
"11687","1277","2","5","7","53","51","342","454","573","492","C0155320"
"11688","4893","2","5","7","34","52","24","30","46","72","C0155320"
"11689","538","2","3","8","63","45","23","103","464","187","C0155320"
"11690","633","2","5","7","53","51","342","454","573","492","C0155320"
"11691","3039","2","3","5","35","41","118","155","287","116","C0155320"
"11692","825","2","5","7","53","51","342","454","573","492","C0155320"
"11693","3295","2","3","5","43","161","305","409","208","482","C0155320"
"11694","10049","2","3","12","22","219","339","347","271","356","C0155320"
"11695","2706","2","3","12","76","153","40","38","54","75","C0155552"
"11696","4000","2","3","12","26","105","178","226","297","156","C0155552"
"11697","1906","2","5","4","68","96","326","427","548","672","C0155552"
"11698","2624","2","3","12","19","31","1","155","287","116","C0155552"
"11699","1535","2","5","7","34","52","216","395","549","674","C0155552"
"11700","11285","2","3","2","74","205","191","396","408","620","C0155552"
"11701","7547","2","3","3","19","221","321","428","541","667","C0155552"
"11702","4166","2","3","2","89","60","99","7","211","217","C0155552"
"11703","4010","2","3","3","19","221","321","428","541","667","C0155552"
"11704","5604","2","5","7","53","14","20","34","540","68","C0155552"
"11705","10682","2","5","4","68","96","326","48","69","204","C0155552"
"11706","2108","2","3","2","48","170","50","119","444","556","C0155552"
"11707","2717","2","3","7","34","52","216","395","549","674","C0155676"
"11708","3786","2","5","8","63","36","166","106","110","158","C0155676"
"11709","3383","2","5","7","53","51","119","454","287","116","C0155733"
"11710","4705","2","3","2","48","170","50","119","444","556","C0155733"
"11711","8924","2","3","12","41","116","268","434","468","213","C0155733"
"11712","27019","2","3","12","76","153","40","38","54","75","C0155733"
"11713","27445","2","5","7","60","36","71","341","223","624","C0155733"
"11714","2120","2","3","12","19","31","193","306","148","624","C0155862"
"11715","335","2","5","7","53","51","342","454","573","492","C0155862"
"11716","356","2","5","7","53","219","339","25","489","697","C0155862"
"11717","8022","2","3","3","110","85","321","428","541","667","C0155862"
"11718","8139","2","3","12","41","116","268","434","468","213","C0155862"
"11719","5106","2","3","2","67","92","293","55","500","577","C0155862"
"11720","100","2","3","5","33","21","47","56","80","199","C0156273"
"11721","1380","2","5","7","53","51","119","395","549","674","C0156273"
"11722","1588","2","3","5","79","159","256","350","27","44","C0156273"
"11723","2673","2","3","2","110","94","178","226","297","380","C0156273"
"11724","355","2","3","7","41","219","339","156","568","697","C0156273"
"11725","6347","2","5","7","53","51","119","427","489","416","C0156273"
"11726","10806","2","3","12","76","153","40","38","54","75","C0156273"
"11727","22909","2","3","12","19","31","261","116","1","86","C0156273"
"11728","6845","2","5","7","60","14","184","341","544","669","C0156273"
"11729","1690","2","5","7","27","51","342","454","573","492","C0156273"
"11730","84433","2","3","12","41","219","339","156","568","697","C0156312"
"11731","871","2","5","7","53","51","342","454","573","492","C0156312"
"11732","7454","2","5","7","60","14","20","25","40","215","C0156312"
"11733","8481","2","3","12","76","153","40","38","54","75","C0156312"
"11734","4621","2","5","8","63","45","23","103","464","187","C0156312"
"11735","9640","2","3","12","19","31","261","116","159","211","C0156312"
"11736","6658","2","3","12","19","221","321","428","541","667","C0156312"
"11737","5995","2","5","4","68","96","326","427","548","672","C0156312"
"11738","2074","2","3","12","19","31","1","426","55","78","C0156312"
"11739","9575","2","3","3","19","151","276","91","433","118","C0156404"
"11740","55209","2","3","12","11","142","225","142","220","298","C0156404"
"11741","1649","2","3","12","19","31","276","91","433","118","C0156404"
"11742","4049","2","3","12","41","219","339","156","568","697","C0156404"
"11743","3507","2","5","7","53","51","119","395","549","674","C0156404"
"11744","1717","2","3","2","19","151","276","48","69","204","C0156404"
"11745","355","2","3","7","41","219","339","156","568","697","C0157733"
"11746","6935","2","3","3","19","221","321","428","541","667","C0157733"
"11747","5894","2","5","7","60","54","23","34","464","187","C0157733"
"11748","3240","2","5","7","34","52","216","395","549","674","C0157733"
"11749","3207","2","3","3","19","221","321","428","541","667","C0157733"
"11750","9896","2","3","5","80","81","296","399","201","274","C0157733"
"11751","3800","2","5","7","27","36","150","341","223","628","C0157733"
"11752","221037","2","3","12","19","31","118","155","287","116","C0157733"
"11753","2255","2","5","7","53","14","20","25","40","186","C0157733"
"11754","10060","2","3","8","41","45","23","423","464","445","C0157733"
"11755","2147","2","5","7","68","51","342","454","573","492","C0157733"
"11756","26012","2","3","12","19","31","261","116","159","211","C0157733"
"11757","546","2","3","12","19","31","261","426","1","86","C0157733"
"11758","4982","2","5","12","41","219","339","156","568","697","C0157733"
"11759","2736","2","3","12","41","116","321","428","54","667","C0157733"
"11760","6556","2","3","7","34","52","216","395","549","674","C0157733"
"11761","9499","2","5","7","53","51","23","103","464","187","C0157733"
"11762","54806","2","5","7","76","153","40","38","54","75","C0157733"
"11763","4621","2","5","8","63","45","23","103","464","187","C0157733"
"11764","3039","2","3","5","35","41","118","155","287","116","C0157733"
"11765","3717","2","5","7","53","14","20","25","40","186","C0157733"
"11766","2316","2","5","7","53","51","342","454","573","702","C0157733"
"11767","583","2","3","12","76","153","40","38","54","75","C0157733"
"11768","3757","2","5","8","63","36","166","106","110","158","C0157733"
"11769","5595","2","3","7","53","14","20","34","540","68","C0157733"
"11770","1301","2","5","7","53","51","342","454","573","492","C0157733"
"11771","9241","2","5","7","53","51","342","259","423","389","C0157733"
"11772","10479","2","5","7","27","36","150","341","223","628","C0157733"
"11773","658","2","5","7","53","51","342","259","423","389","C0157733"
"11774","10806","2","3","12","76","153","40","38","54","75","C0157733"
"11775","2022","2","5","7","53","51","342","259","423","389","C0157917"
"11776","2720","2","3","7","34","52","216","395","21","599","C0157917"
"11777","4893","2","5","7","34","52","24","30","46","72","C0157917"
"11778","196","2","3","3","19","151","276","91","433","118","C0157917"
"11779","2673","2","3","2","110","94","178","226","297","380","C0157917"
"11780","2937","2","3","2","83","171","97","381","478","597","C0157917"
"11781","6498","2","5","7","53","221","342","259","423","389","C0157917"
"11782","411","2","3","7","34","52","216","395","549","674","C0157917"
"11783","975","2","5","7","53","51","119","395","549","674","C0157917"
"11784","3897","2","5","7","53","51","335","444","560","373","C0158113"
"11785","5160","2","3","2","67","92","293","55","75","311","C0158113"
"11786","7099","2","5","7","41","219","339","156","568","697","C0158113"
"11787","10484","2","3","7","60","153","40","38","54","203","C0158113"
"11788","50940","2","3","4","68","96","326","427","548","672","C0158113"
"11789","29110","2","3","12","41","219","339","156","568","697","C0158113"
"11790","5167","2","3","5","32","93","163","207","303","126","C0158113"
"11791","84197","2","5","2","53","14","20","25","215","186","C0158113"
"11792","8890","2","3","2","110","85","237","433","547","671","C0158113"
"11793","2516","2","3","3","19","151","276","91","433","118","C0158113"
"11794","4988","2","5","4","68","96","326","427","548","672","C0158113"
"11795","2538","2","3","5","90","216","333","438","561","689","C0158113"
"11796","2483","2","3","2","22","33","323","66","101","136","C0158113"
"11797","5621","2","5","8","27","36","342","454","573","628","C0158113"
"11798","4613","2","3","12","19","31","1","426","55","78","C0158113"
"11799","23426","2","5","7","42","36","71","177","223","219","C0158113"
"11800","2074","2","3","12","19","31","1","426","55","78","C0158113"
"11801","9451","2","3","2","110","51","335","226","297","380","C0158113"
"11802","55145","2","3","2","22","33","225","142","220","140","C0158113"
"11803","1144","2","5","8","27","70","99","162","216","290","C0158113"
"11804","5159","2","5","7","53","14","20","25","40","186","C0158113"
"11805","4669","2","3","5","80","81","166","454","453","492","C0158113"
"11806","2290","2","3","3","19","221","321","428","541","667","C0158113"
"11807","4323","2","5","7","53","51","342","454","573","492","C0158113"
"11808","2313","2","3","12","19","31","276","91","433","118","C0158113"
"11809","411","2","3","7","34","52","216","395","549","674","C0158113"
"11810","3265","2","5","7","60","54","24","30","46","72","C0158113"
"11811","2263","2","5","7","53","14","20","25","40","186","C0158113"
"11812","8398","2","3","5","116","183","40","38","352","455","C0158113"
"11813","2261","2","5","7","53","14","20","25","40","186","C0158113"
"11814","3593","2","5","7","53","51","119","25","489","416","C0158252"
"11815","1071","2","5","7","53","51","342","454","573","492","C0158252"
"11816","1910","2","5","4","68","96","326","427","548","672","C0158252"
"11817","673","2","5","7","53","14","20","34","540","68","C0158252"
"11818","5631","2","3","2","72","119","109","266","336","452","C0158252"
"11819","5339","2","5","7","53","51","342","454","573","492","C0158252"
"11820","10978","2","3","2","22","33","323","66","101","136","C0158252"
"11821","367","2","3","12","19","31","276","91","433","118","C0158266"
"11822","5970","2","3","12","19","31","276","91","433","118","C0158266"
"11823","5146","2","3","5","86","72","258","318","403","518","C0158266"
"11824","6326","2","5","8","63","36","166","341","390","158","C0158266"
"11825","582","2","3","12","76","153","76","38","54","75","C0158266"
"11826","11231","2","3","2","110","105","178","226","297","380","C0158465"
"11827","90","2","5","7","53","51","342","259","423","389","C0158465"
"11828","4000","2","3","12","26","105","178","226","297","156","C0158465"
"11829","6311","2","3","2","22","33","323","66","362","468","C0158465"
"11830","1294","2","5","7","53","51","342","454","573","492","C0158465"
"11831","1280","2","5","7","53","51","342","454","573","492","C0158465"
"11832","1030","2","3","12","19","31","1","426","55","78","C0158465"
"11833","3440","2","3","12","19","184","118","155","287","116","C0158465"
"11834","10046","2","3","12","19","31","143","428","236","667","C0158465"
"11835","860","2","3","12","19","31","276","91","433","118","C0158465"
"11836","3117","2","5","7","53","153","119","156","287","116","C0158465"
"11837","8626","2","3","3","19","221","321","428","541","667","C0158465"
"11838","6913","2","3","3","19","221","321","428","541","667","C0158465"
"11839","6662","2","3","3","19","221","321","428","541","667","C0158465"
"11840","7258","2","3","12","19","36","1","426","55","78","C0158465"
"11841","10491","2","5","7","53","51","342","454","573","492","C0158465"
"11842","4088","2","3","12","19","219","339","259","423","605","C0158465"
"11843","5339","2","5","7","53","51","342","454","573","492","C0158465"
"11844","10483","2","3","7","60","54","24","30","46","72","C0158551"
"11845","10269","2","3","2","48","182","50","119","444","556","C0158551"
"11846","9895","2","3","2","48","57","110","141","359","462","C0158551"
"11847","5332","2","3","4","68","96","326","427","548","672","C0158646"
"11848","1687","2","3","2","22","36","295","398","552","628","C0158646"
"11849","5889","2","3","12","19","31","261","116","1","86","C0158646"
"11850","6635","2","3","2","22","33","323","66","101","136","C0158646"
"11851","1788","2","3","12","19","31","1","426","55","78","C0158646"
"11852","440","2","3","2","101","62","189","182","509","154","C0158646"
"11853","5314","2","3","12","76","153","40","38","54","75","C0158646"
"11854","1291","2","5","7","53","51","342","454","573","492","C0158646"
"11855","4853","2","3","12","19","124","143","428","236","667","C0158646"
"11856","5781","2","5","7","53","14","20","25","40","186","C0158646"
"11857","5781","2","5","7","53","14","20","25","40","186","C0158646"
"11858","2736","2","3","12","41","116","321","428","54","667","C0158646"
"11859","5624","2","5","7","53","51","342","454","573","492","C0158646"
"11860","718","2","5","7","34","51","119","395","549","674","C0158646"
"11861","2773","2","5","4","68","96","326","427","548","672","C0158646"
"11862","2737","2","3","12","19","116","321","428","54","667","C0158646"
"11863","3077","2","5","7","53","51","119","395","549","674","C0158646"
"11864","1146","2","5","8","27","70","99","162","216","290","C0158646"
"11865","338","2","5","7","53","51","342","454","573","492","C0158646"
"11866","3090","2","3","12","19","31","1","426","55","664","C0158646"
"11867","3091","2","3","12","41","116","276","91","433","605","C0158646"
"11868","1031","2","3","12","19","31","1","426","55","78","C0158646"
"11869","3763","2","5","8","63","36","166","106","110","158","C0158646"
"11870","2328","2","3","5","91","214","226","326","413","530","C0158683"
"11871","1513","2","5","7","53","51","342","454","573","492","C0158683"
"11872","9990","2","5","8","45","94","199","240","415","666","C0158683"
"11873","270","2","3","5","33","21","47","84","261","246","C0158713"
"11874","9990","2","5","8","45","94","199","240","415","666","C0158713"
"11875","5925","2","3","12","19","31","1","426","55","78","C0158733"
"11876","10913","2","3","12","41","219","339","156","568","697","C0158733"
"11877","5054","2","5","7","53","51","342","454","573","492","C0158733"
"11878","3239","2","3","3","19","221","321","428","541","667","C0158733"
"11879","2629","2","3","5","80","81","250","291","152","420","C0158733"
"11880","51360","2","3","3","26","35","276","91","433","203","C0158733"
"11881","8893","2","3","2","110","85","237","433","547","671","C0158733"
"11882","2263","2","5","7","53","14","20","25","40","186","C0158733"
"11883","6496","2","3","3","19","221","321","428","541","667","C0158733"
"11884","9049","2","3","3","41","151","276","378","271","356","C0158733"
"11885","5189","2","3","5","43","161","305","409","208","482","C0158733"
"11886","55526","2","3","2","67","92","293","55","75","311","C0158734"
"11887","26146","2","3","12","76","153","40","38","54","75","C0158734"
"11888","7051","2","1","6","11","142","225","142","220","298","C0158734"
"11889","1277","2","5","7","53","51","342","454","573","492","C0158734"
"11890","4771","2","5","7","60","36","71","177","64","215","C0158734"
"11891","2934","2","5","7","34","52","216","395","549","674","C0158734"
"11892","3954","2","3","2","48","170","67","119","444","593","C0158734"
"11893","4838","2","5","3","53","221","321","259","423","389","C0158734"
"11894","368","2","3","12","41","116","268","423","536","445","C0158734"
"11895","1535","2","5","7","34","52","216","395","549","674","C0158734"
"11896","4762","2","3","12","19","221","276","91","433","118","C0158734"
"11897","51422","2","3","2","48","57","110","141","359","462","C0158734"
"11898","6821","2","3","5","114","211","332","175","556","256","C0158761"
"11899","16","2","3","2","110","85","237","433","547","154","C0158761"
"11900","6654","2","5","7","60","54","24","30","46","72","C0158761"
"11901","2056","2","5","7","53","51","119","25","40","186","C0158761"
"11902","7066","2","5","7","53","51","119","25","573","416","C0158761"
"11903","5189","2","3","5","43","161","305","409","208","482","C0158761"
"11904","5830","2","3","5","43","161","305","409","208","482","C0158761"
"11905","51684","2","3","12","41","116","268","38","54","75","C0158761"
"11906","137814","2","5","7","53","184","335","259","560","373","C0158761"
"11907","249","2","3","5","27","51","335","444","560","373","C0158761"
"11908","1605","2","5","7","53","51","342","454","573","492","C0158761"
"11909","5195","2","3","5","43","161","305","409","208","482","C0158761"
"11910","7132","2","3","12","41","219","339","156","568","697","C0158761"
"11911","6445","2","5","8","63","45","23","103","464","187","C0158761"
"11912","10161","2","5","4","68","96","326","427","548","672","C0158761"
"11913","6326","2","5","8","63","36","166","341","390","158","C0158761"
"11914","7169","2","5","8","63","45","23","103","464","187","C0158761"
"11915","3146","2","5","7","34","52","216","395","549","674","C0158761"
"11916","8518","2","3","12","19","31","1","426","55","78","C0158761"
"11917","54982","2","3","2","48","170","50","399","167","593","C0158761"
"11918","4854","2","5","7","53","51","143","428","236","667","C0158761"
"11919","7044","2","5","7","53","51","342","454","573","702","C0158761"
"11920","9217","2","3","2","50","47","39","100","321","255","C0158761"
"11921","8425","2","5","7","53","51","342","454","573","492","C0158761"
"11922","3674","2","5","7","53","51","342","454","573","492","C0158775"
"11923","4436","2","3","12","19","31","261","116","1","86","C0158775"
"11924","2138","2","3","12","19","31","1","426","55","78","C0158775"
"11925","6324","2","5","7","63","36","166","341","223","158","C0158775"
"11926","2301","2","5","6","11","142","225","142","220","673","C0158775"
"11927","2110","2","3","2","48","170","50","119","444","556","C0158775"
"11928","128674","2","5","4","68","96","326","427","548","672","C0158775"
"11929","4000","2","3","12","26","105","178","226","297","156","C0158775"
"11930","1586","2","3","5","79","98","256","335","425","540","C0158775"
"11931","6121","2","3","2","69","83","101","126","170","224","C0158775"
"11932","2495","2","3","7","34","52","216","395","274","358","C0158775"
"11933","5781","2","5","7","53","14","20","25","40","186","C0158775"
"11934","6658","2","3","12","19","221","321","428","541","667","C0158775"
"11935","51067","2","3","2","110","85","67","76","252","154","C0158775"
"11936","55572","2","3","2","48","170","50","119","444","556","C0158775"
"11937","53632","2","3","2","48","57","110","141","359","462","C0158775"
"11938","3481","2","5","7","53","51","342","454","573","492","C0158779"
"11939","2798","2","5","4","68","96","326","427","548","672","C0158779"
"11940","6567","2","5","8","35","41","77","40","57","80","C0158779"
"11941","6389","2","3","2","48","170","50","119","444","556","C0158779"
"11942","7132","2","3","12","41","219","339","156","568","697","C0158986"
"11943","95","2","3","5","80","81","166","400","503","625","C0158986"
"11944","486","2","5","8","63","45","23","103","464","187","C0158986"
"11945","27286","2","5","7","53","51","342","444","560","492","C0158986"
"11946","207","2","3","7","53","14","20","34","489","416","C0158986"
"11947","6144","2","3","2","110","85","237","433","547","671","C0158986"
"11948","7099","2","5","7","41","219","339","156","568","697","C0158986"
"11949","4313","2","5","7","53","51","342","454","573","492","C0158986"
"11950","3664","2","5","7","53","184","119","156","287","116","C0158986"
"11951","51082","2","3","2","19","31","1","426","55","78","C0158986"
"11952","525","2","3","5","29","88","110","141","537","50","C0158986"
"11953","2555","2","5","8","27","70","99","162","216","290","C0158986"
"11954","3358","2","5","4","68","96","326","427","548","672","C0158986"
"11955","6616","2","5","7","34","52","216","341","223","628","C0158986"
"11956","847","2","3","7","34","52","216","395","549","674","C0158986"
"11957","6928","2","3","3","19","221","321","428","541","667","C0158986"
"11958","3763","2","5","8","63","36","166","106","110","158","C0158986"
"11959","4322","2","5","7","53","51","342","454","573","492","C0162154"
"11960","3481","2","5","7","53","51","342","454","573","492","C0162154"
"11961","5189","2","3","5","43","161","305","409","208","482","C0162154"
"11962","715","2","5","7","53","51","119","395","549","674","C0162154"
"11963","3313","2","3","2","48","170","50","304","167","593","C0162154"
"11964","6341","2","3","2","48","170","50","119","444","556","C0162154"
"11965","1910","2","5","4","68","96","326","427","548","672","C0162154"
"11966","6913","2","3","3","19","221","321","428","541","667","C0162154"
"11967","4618","2","3","12","19","31","276","91","433","118","C0162154"
"11968","3614","2","3","7","34","52","216","395","549","674","C0162154"
"11969","4535","2","3","2","48","170","50","119","444","556","C0162154"
"11970","55534","2","3","12","19","31","143","428","236","667","C0162154"
"11971","6390","2","3","2","48","170","50","119","444","556","C0162154"
"11972","695","2","5","7","53","14","20","25","40","186","C0162154"
"11973","1186","2","5","8","63","45","23","34","464","187","C0162154"
"11974","7040","2","5","7","53","51","342","454","573","492","C0162154"
"11975","1302","2","5","7","53","51","342","454","573","492","C0162154"
"11976","1280","2","5","7","53","51","342","454","573","492","C0162154"
"11977","6445","2","5","8","63","45","23","103","464","187","C0162275"
"11978","207","2","3","7","53","14","20","34","489","416","C0162275"
"11979","6557","2","5","8","45","94","199","240","415","666","C0162275"
"11980","6750","2","5","4","68","96","326","427","548","672","C0162275"
"11981","22858","2","3","7","53","14","20","34","540","68","C0162275"
"11982","617","2","3","2","48","170","50","304","167","593","C0162275"
"11983","6229","2","3","2","110","85","237","433","547","671","C0162275"
"11984","26608","2","3","2","22","170","50","119","463","153","C0162275"
"11985","1420","2","3","6","63","45","160","362","177","673","C0162283"
"11986","2072","2","3","12","19","31","261","116","1","86","C0162283"
"11987","23299","2","3","12","76","153","40","38","54","75","C0162283"
"11988","4000","2","3","12","26","105","178","226","297","156","C0162283"
"11989","221037","2","3","12","19","31","118","155","287","116","C0162283"
"11990","5728","2","3","5","80","81","339","156","568","605","C0162283"
"11991","6495","2","3","3","19","221","321","428","541","667","C0162283"
"11992","7248","2","3","2","48","57","110","141","359","462","C0162285"
"11993","594","2","3","2","67","92","293","55","75","311","C0162285"
"11994","4860","2","3","7","34","52","216","395","549","150","C0162285"
"11995","6197","2","3","12","19","14","20","34","540","68","C0162285"
"11996","3480","2","5","7","53","14","20","25","40","186","C0162285"
"11997","7248","2","3","2","48","57","110","141","359","462","C0162285"
"11998","4851","2","3","12","19","221","143","428","236","667","C0162285"
"11999","4524","2","3","2","15","166","104","369","117","583","C0162285"
"12000","2261","2","5","7","53","14","20","25","40","186","C0162285"
"12001","8398","2","3","5","116","183","40","38","352","455","C0162285"
"12002","3207","2","3","3","19","221","321","428","541","667","C0162292"
"12003","2317","2","5","7","63","45","23","103","287","664","C0162292"
"12004","6648","2","3","2","95","151","160","378","173","229","C0162292"
"12005","2132","2","3","2","74","58","112","148","193","263","C0162292"
"12006","7248","2","3","2","48","57","110","141","359","462","C0162292"
"12007","3000","2","5","4","68","96","326","427","548","672","C0162292"
"12008","1287","2","5","2","53","51","342","454","573","492","C0162309"
"12009","5295","2","5","7","53","14","20","25","40","186","C0162309"
"12010","1785","2","5","7","60","14","184","341","544","669","C0162309"
"12011","27249","2","3","2","48","182","50","119","186","245","C0162309"
"12012","2626","2","3","12","19","31","118","155","287","116","C0162309"
"12013","6005","2","3","2","16","197","45","155","78","695","C0162309"
"12014","54968","2","3","2","48","170","50","119","444","556","C0162316"
"12015","3552","2","3","12","53","51","119","156","489","416","C0162316"
"12016","2187","2","3","12","19","31","261","116","1","86","C0162316"
"12017","3073","2","3","5","105","155","250","291","152","420","C0162316"
"12018","3358","2","5","4","68","96","326","427","548","672","C0162316"
"12019","5604","2","5","7","53","14","20","34","540","68","C0162316"
"12020","5573","2","3","12","19","184","118","155","287","116","C0162316"
"12021","9244","2","5","7","53","51","119","25","40","416","C0162316"
"12022","6663","2","3","3","19","221","321","428","541","667","C0162316"
"12023","7545","2","5","3","34","52","216","142","220","298","C0162316"
"12024","26575","2","5","4","68","96","326","427","548","672","C0162323"
"12025","9049","2","3","3","41","151","276","378","271","356","C0162323"
"12026","2720","2","3","7","34","52","216","395","21","599","C0162323"
"12027","51067","2","3","2","110","85","67","76","252","154","C0162323"
"12028","8481","2","3","12","76","153","40","38","54","75","C0162323"
"12029","7704","2","3","12","41","116","268","434","468","213","C0162323"
"12030","6261","2","5","8","63","45","23","34","464","187","C0162323"
"12031","6103","2","3","12","76","153","40","38","54","75","C0162323"
"12032","7274","2","3","5","43","161","99","162","216","290","C0162323"
"12033","5015","2","3","3","19","221","321","428","541","667","C0162323"
"12034","554","2","5","4","68","96","326","427","548","672","C0162323"
"12035","9469","2","3","2","103","189","303","29","475","467","C0162359"
"12036","284403","2","3","12","48","57","110","141","359","462","C0162359"
"12037","355","2","3","7","41","219","339","156","568","697","C0162359"
"12038","55612","2","5","7","60","36","71","177","560","701","C0162361"
"12039","55630","2","3","5","27","81","99","162","216","290","C0162361"
"12040","2052","2","3","5","91","130","114","290","367","475","C0162429"
"12041","51741","2","3","2","22","33","323","66","101","127","C0162429"
"12042","641","2","3","12","19","31","261","116","1","86","C0162429"
"12043","7466","2","5","7","53","51","342","454","573","492","C0162429"
"12044","4914","2","3","2","22","18","266","202","252","252","C0162429"
"12045","3815","2","5","7","53","14","20","25","40","186","C0162429"
"12046","3949","2","5","7","60","14","184","341","544","669","C0162429"
"12047","4210","2","3","12","41","219","339","156","568","697","C0162429"
"12048","7015","2","3","12","19","31","1","426","55","78","C0162429"
"12049","8174","2","5","7","53","51","119","454","573","492","C0162429"
"12050","1131","2","5","4","68","96","326","427","548","672","C0162429"
"12051","22954","2","3","12","41","116","268","434","468","213","C0162530"
"12052","1440","2","5","7","53","51","119","25","489","416","C0162530"
"12053","8626","2","3","3","19","221","321","428","541","667","C0162538"
"12054","7439","2","5","8","63","45","23","34","464","187","C0162538"
"12055","54968","2","3","2","48","170","50","119","444","556","C0162538"
"12056","6772","2","3","12","53","184","119","156","287","116","C0162538"
"12057","51752","2","3","2","41","153","119","156","536","116","C0162538"
"12058","10002","2","3","3","19","151","276","91","433","118","C0162538"
"12059","6567","2","5","8","35","41","77","40","57","80","C0162538"
"12060","55636","2","3","3","19","221","321","428","423","389","C0162538"
"12061","231","2","3","2","90","216","273","246","100","589","C0162538"
"12062","2353","2","3","12","19","31","1","91","489","416","C0162538"
"12063","4322","2","5","7","53","51","342","454","573","492","C0162538"
"12064","7124","2","3","12","41","219","339","156","568","697","C0162538"
"12065","2263","2","5","7","53","14","20","25","40","186","C0162538"
"12066","8694","2","5","7","34","52","216","395","549","674","C0162538"
"12067","53834","2","5","7","53","51","342","454","573","492","C0162538"
"12068","4625","2","3","8","63","45","23","103","464","187","C0162538"
"12069","2710","2","3","2","72","43","179","88","125","382","C0162538"
"12070","2018","2","3","3","19","221","321","428","541","667","C0162538"
"12071","1001","2","5","7","53","51","335","444","560","373","C0162538"
"12072","415","2","3","5","105","155","250","291","152","420","C0162539"
"12073","1145","2","5","8","27","70","99","162","216","290","C0162539"
"12074","1294","2","5","7","53","51","342","454","573","492","C0162539"
"12075","6794","2","3","12","53","14","20","34","540","68","C0162539"
"12076","7372","2","3","2","68","119","109","266","182","182","C0162539"
"12077","3730","2","5","7","53","14","20","25","40","186","C0162539"
"12078","4041","2","5","3","68","221","197","259","560","422","C0162539"
"12079","100507436","2","5","7","53","51","119","395","549","674","C0162539"
"12080","10577","2","5","7","34","52","216","395","549","674","C0162539"
"12081","55130","2","3","12","76","153","76","38","54","75","C0162539"
"12082","6197","2","3","12","19","14","20","34","540","68","C0162539"
"12083","19","2","3","3","19","151","276","91","433","118","C0162539"
"12084","2944","2","3","5","91","175","271","372","471","586","C0162539"
"12085","2138","2","3","12","19","31","1","426","55","78","C0162539"
"12086","1593","2","3","5","79","152","273","157","333","277","C0162539"
"12087","1031","2","3","12","19","31","1","426","55","78","C0162539"
"12088","3425","2","3","5","80","81","166","454","573","492","C0162539"
"12089","2108","2","3","2","48","170","50","119","444","556","C0162539"
"12090","5447","2","3","5","91","214","271","372","471","586","C0162539"
"12091","2566","2","5","8","27","70","99","162","216","290","C0162539"
"12092","9343","2","3","2","22","33","323","66","101","136","C0162539"
"12093","3872","2","1","6","11","142","225","142","220","298","C0162539"
"12094","4261","2","3","12","53","184","119","156","287","116","C0162557"
"12095","6513","2","5","7","90","216","337","448","565","562","C0162557"
"12096","7846","2","3","12","76","153","40","38","54","75","C0162557"
"12097","1280","2","5","7","53","51","342","454","573","492","C0162557"
"12098","5922","2","5","7","60","54","24","30","46","72","C0162557"
"12099","51082","2","3","2","19","31","1","426","55","78","C0162557"
"12100","6507","2","3","2","45","94","199","240","415","666","C0162557"
"12101","50511","2","3","12","19","31","1","426","55","78","C0162557"
"12102","56922","2","3","2","35","40","152","114","155","202","C0162557"
"12103","55624","2","3","2","78","123","194","255","215","412","C0162557"
"12104","6011","2","5","7","53","14","20","34","540","68","C0162557"
"12105","5663","2","5","7","34","52","216","395","549","667","C0162557"
"12106","54487","2","3","2","22","33","323","66","101","136","C0162557"
"12107","6949","2","3","2","110","85","237","164","390","311","C0162557"
"12108","5023","2","5","7","34","52","216","395","549","674","C0162557"
"12109","29940","2","5","7","53","51","342","454","573","492","C0162557"
"12110","10631","2","5","7","53","51","342","454","573","492","C0162557"
"12111","8929","2","3","3","19","221","321","428","541","667","C0162557"
"12112","3845","2","5","7","60","54","24","30","46","72","C0162557"
"12113","5376","2","5","7","53","51","342","454","573","492","C0162557"
"12114","10804","2","3","12","76","153","40","38","54","75","C0162557"
"12115","199713","2","3","12","41","219","339","156","568","697","C0162557"
"12116","7273","2","5","7","53","51","342","103","464","702","C0162557"
"12117","6658","2","3","12","19","221","321","428","541","667","C0162557"
"12118","326","2","3","12","19","31","261","377","370","269","C0162557"
"12119","7132","2","3","12","41","219","339","156","568","697","C0162557"
"12120","686","2","3","5","80","81","166","166","127","173","C0162557"
"12121","8398","2","3","5","116","183","40","38","352","455","C0162557"
"12122","9451","2","3","2","110","51","335","226","297","380","C0162557"
"12123","2255","2","5","7","53","14","20","25","40","186","C0162566"
"12124","6391","2","3","2","48","170","50","119","444","556","C0162566"
"12125","51422","2","3","2","48","57","110","141","359","462","C0162566"
"12126","1280","2","5","7","53","51","342","454","573","492","C0162566"
"12127","10020","2","3","2","89","124","204","42","452","258","C0162568"
"12128","7020","2","3","12","19","31","276","91","433","664","C0162568"
"12129","5897","2","3","12","41","116","268","141","568","605","C0162568"
"12130","9896","2","3","5","80","81","296","399","201","274","C0162568"
"12131","4137","2","3","7","27","36","150","341","223","628","C0162627"
"12132","871","2","5","7","53","51","342","454","573","492","C0162627"
"12133","79751","2","3","2","10","180","290","26","73","74","C0162627"
"12134","5447","2","3","5","91","214","271","372","471","586","C0162627"
"12135","1717","2","3","2","19","151","276","48","69","204","C0162627"
"12136","6772","2","3","12","53","184","119","156","287","116","C0162627"
"12137","6341","2","3","2","48","170","50","119","444","556","C0162627"
"12138","332","2","3","12","76","153","40","38","54","75","C0162635"
"12139","27445","2","5","7","60","36","71","341","223","624","C0162635"
"12140","23229","2","5","7","60","54","24","30","46","72","C0162635"
"12141","5376","2","5","7","53","51","342","454","573","492","C0162635"
"12142","25793","2","3","12","41","116","268","434","468","213","C0162666"
"12143","1289","2","5","7","53","51","342","454","573","492","C0162666"
"12144","2623","2","3","12","19","31","1","155","287","116","C0162666"
"12145","1487","2","3","12","19","31","1","426","55","340","C0162666"
"12146","3798","2","3","7","76","153","40","38","54","75","C0162666"
"12147","6716","2","3","2","69","98","169","299","50","494","C0162666"
"12148","5313","2","3","2","90","167","321","428","541","115","C0162666"
"12149","5648","2","5","7","53","51","119","395","549","674","C0162670"
"12150","55651","2","3","2","110","85","237","433","547","671","C0162670"
"12151","467","2","3","12","19","31","276","91","433","118","C0162670"
"12152","9786","2","3","12","76","153","40","38","54","75","C0162670"
"12153","4929","2","3","3","19","151","276","91","433","118","C0162670"
"12154","2773","2","5","4","68","96","326","427","548","672","C0162670"
"12155","1457","2","3","12","19","31","286","51","488","102","C0162670"
"12156","6439","2","5","5","68","96","185","238","310","272","C0162670"
"12157","1280","2","5","7","53","51","342","454","573","492","C0162670"
"12158","4137","2","3","7","27","36","150","341","223","628","C0162670"
"12159","1312","2","3","2","87","79","105","426","129","25","C0162670"
"12160","1836","2","3","2","35","41","94","260","330","375","C0162670"
"12161","7298","2","3","12","76","153","40","38","54","75","C0162670"
"12162","8891","2","3","2","110","85","237","433","547","671","C0162670"
"12163","2521","2","3","2","22","33","323","66","101","136","C0162670"
"12164","3035","2","3","2","110","85","237","433","547","154","C0162670"
"12165","4692","2","5","7","53","51","119","402","489","416","C0162670"
"12166","54888","2","3","2","110","85","152","129","252","154","C0162670"
"12167","26277","2","3","12","19","31","1","426","1","78","C0162670"
"12168","8242","2","3","12","19","31","1","426","55","78","C0162670"
"12169","3786","2","5","8","63","36","166","106","110","158","C0162670"
"12170","1072","2","5","7","53","45","342","454","572","702","C0162671"
"12171","6908","2","3","12","19","31","1","116","159","211","C0162671"
"12172","10019","2","5","7","53","14","20","25","40","116","C0162671"
"12173","6229","2","3","2","110","85","237","433","547","671","C0162671"
"12174","50964","2","5","3","68","221","197","259","423","422","C0162671"
"12175","1390","2","3","12","19","151","276","91","433","118","C0162671"
"12176","50937","2","5","7","53","51","335","444","560","373","C0162671"
"12177","3717","2","5","7","53","14","20","25","40","186","C0162671"
"12178","8929","2","3","3","19","221","321","428","541","667","C0162671"
"12179","51062","2","5","7","27","36","150","402","489","373","C0162671"
"12180","54941","2","3","12","41","116","268","434","468","213","C0162671"
"12181","6689","2","3","12","19","31","276","91","433","118","C0162672"
"12182","6647","2","3","2","95","2","342","378","173","702","C0162672"
"12183","3636","2","3","5","80","14","20","25","40","186","C0162672"
"12184","4867","2","5","7","76","153","40","38","54","75","C0162674"
"12185","3954","2","3","2","48","170","67","119","444","593","C0162674"
"12186","7450","2","5","7","53","51","342","454","573","492","C0162674"
"12187","3549","2","5","3","53","51","197","259","560","422","C0162674"
"12188","23426","2","5","7","42","36","71","177","223","219","C0162674"
"12189","51684","2","3","12","41","116","268","38","54","75","C0162674"
"12190","6683","2","3","12","76","153","40","38","54","75","C0162674"
"12191","2626","2","3","12","19","31","118","155","287","116","C0162674"
"12192","2261","2","5","7","53","14","20","25","40","186","C0162674"
"12193","2138","2","3","12","19","31","1","426","55","78","C0162674"
"12194","22943","2","5","3","68","221","197","259","560","422","C0162674"
"12195","788","2","3","2","45","151","199","240","415","666","C0162674"
"12196","6338","2","5","8","63","45","23","34","464","187","C0162674"
"12197","1490","2","5","7","53","51","342","454","573","492","C0162674"
"12198","23636","2","3","12","22","33","323","66","101","664","C0162674"
"12199","8626","2","3","3","19","221","321","428","541","667","C0162674"
"12200","26608","2","3","2","22","170","50","119","463","153","C0162674"
"12201","546","2","3","12","19","31","261","426","1","86","C0162678"
"12202","2296","2","3","3","19","221","321","428","541","667","C0162678"
"12203","3757","2","5","8","63","36","166","106","110","158","C0162678"
"12204","51082","2","3","2","19","31","1","426","55","78","C0162678"
"12205","51527","2","3","7","60","58","112","148","362","263","C0162678"
"12206","23556","2","3","2","61","77","142","176","235","317","C0162739"
"12207","5728","2","3","5","80","81","339","156","568","605","C0162739"
"12208","6927","2","3","3","19","221","321","428","541","667","C0162739"
"12209","8799","2","3","5","43","161","305","409","208","482","C0162770"
"12210","10087","2","3","7","50","47","39","100","321","255","C0162770"
"12211","5518","2","3","12","76","153","40","38","54","435","C0162770"
"12212","5889","2","3","12","19","31","261","116","1","86","C0162770"
"12213","54499","2","3","2","48","170","50","119","444","593","C0162770"
"12214","7490","2","3","3","19","221","321","428","541","667","C0162770"
"12215","10913","2","3","12","41","219","339","156","568","697","C0162809"
"12216","26278","2","3","12","41","116","268","347","271","356","C0162809"
"12217","7476","2","5","3","68","221","197","259","560","422","C0162809"
"12218","2706","2","3","12","76","153","40","38","54","75","C0162809"
"12219","633","2","5","7","53","51","342","454","573","492","C0162809"
"12220","3237","2","3","3","19","221","321","428","541","667","C0162809"
"12221","7020","2","3","12","19","31","276","91","433","664","C0162809"
"12222","140628","2","3","12","19","31","118","155","287","116","C0162809"
"12223","7849","2","3","3","19","221","321","428","541","667","C0162809"
"12224","249","2","3","5","27","51","335","444","560","373","C0162809"
"12225","3239","2","3","3","19","221","321","428","541","667","C0162809"
"12226","3339","2","5","7","53","51","342","454","573","492","C0162809"
"12227","8260","2","3","12","41","85","266","76","287","78","C0162809"
"12228","23545","2","3","5","29","88","132","85","222","346","C0162809"
"12229","9786","2","3","12","76","153","40","38","54","75","C0162809"
"12230","5020","2","5","4","68","96","326","427","548","672","C0162809"
"12231","10102","2","3","2","48","182","67","76","463","153","C0162809"
"12232","10262","2","3","2","22","33","323","66","101","136","C0162809"
"12233","3930","2","3","2","22","33","323","66","3","464","C0162809"
"12234","5745","2","5","4","68","96","326","427","548","672","C0162809"
"12235","3918","2","5","7","53","51","342","454","573","492","C0162819"
"12236","7399","2","5","7","53","51","342","454","573","492","C0162819"
"12237","538","2","3","8","63","45","23","103","464","187","C0162819"
"12238","8076","2","5","7","53","51","342","454","573","492","C0162819"
"12239","5648","2","5","7","53","51","119","395","549","674","C0162819"
"12240","10908","2","3","2","97","173","275","377","473","592","C0162835"
"12241","10891","2","3","3","19","151","276","91","433","118","C0162835"
"12242","5604","2","5","7","53","14","20","34","540","68","C0162835"
"12243","5824","2","3","5","47","144","185","238","310","392","C0162835"
"12244","5110","2","3","2","41","75","139","175","111","312","C0162835"
"12245","10345","2","5","8","63","45","23","34","464","187","C0162835"
"12246","3758","2","5","8","63","36","166","106","110","158","C0162835"
"12247","4524","2","3","2","15","166","104","369","117","583","C0162835"
"12248","3586","2","5","7","53","51","119","25","489","416","C0162835"
"12249","3845","2","5","7","60","54","24","30","46","72","C0162835"
"12250","5657","2","5","7","34","52","216","395","549","674","C0162835"
"12251","5873","2","5","7","34","54","24","30","46","72","C0162835"
"12252","23483","2","3","2","28","191","306","143","452","258","C0162835"
"12253","5627","2","5","7","53","51","342","454","573","702","C0162835"
"12254","6495","2","3","3","19","221","321","428","541","667","C0162835"
"12255","3091","2","3","12","41","116","276","91","433","605","C0162835"
"12256","6218","2","3","2","110","85","237","433","547","671","C0162835"
"12257","4000","2","3","12","26","105","178","226","297","156","C0162835"
"12258","51733","2","3","5","80","23","257","357","455","508","C0162835"
"12259","337867","2","3","2","48","170","50","119","167","593","C0162835"
"12260","7431","2","3","12","41","45","23","103","489","416","C0162835"
"12261","595","2","3","12","19","31","1","426","489","416","C0162835"
"12262","6496","2","3","3","19","221","321","428","541","667","C0162835"
"12263","6499","2","3","2","110","85","237","433","547","671","C0162835"
"12264","51129","2","3","3","19","151","276","91","433","118","C0162835"
"12265","10585","2","5","2","27","206","324","430","215","290","C0162836"
"12266","4153","2","5","7","53","51","119","395","549","674","C0162836"
"12267","5015","2","3","3","19","221","321","428","541","667","C0162836"
"12268","6908","2","3","12","19","31","1","116","159","211","C0162848"
"12269","3861","2","1","6","11","142","225","142","220","298","C0162848"
"12270","7249","2","3","7","60","57","110","141","359","462","C0162871"
"12271","2184","2","3","5","76","153","138","236","332","407","C0162871"
"12272","55033","2","3","2","110","105","178","226","297","380","C0162871"
"12273","10459","2","3","12","76","31","261","116","1","86","C0162871"
"12274","5824","2","3","5","47","144","185","238","310","392","C0162871"
"12275","5265","2","5","7","34","52","216","395","573","702","C0162871"
"12276","5728","2","3","5","80","81","339","156","568","605","C0162871"
"12277","22930","2","5","7","60","54","24","30","46","72","C0162871"
"12278","1482","2","3","3","19","221","321","428","541","667","C0162871"
"12279","9150","2","3","12","19","31","261","116","159","211","C0162872"
"12280","9632","2","3","7","60","153","40","38","54","203","C0162872"
"12281","6521","2","5","8","35","41","199","40","415","666","C0162872"
"12282","5189","2","3","5","43","161","305","409","208","482","C0162872"
"12283","1956","2","5","7","53","14","184","45","544","669","C0162872"
"12284","6910","2","3","12","19","51","335","444","560","373","C0162872"
"12285","8242","2","3","12","19","31","1","426","55","78","C0162872"
"12286","229","2","3","2","90","167","266","367","500","577","C0162872"
"12287","1778","2","3","7","76","153","40","38","54","75","C0175691"
"12288","5627","2","5","7","53","51","342","454","573","702","C0175691"
"12289","2317","2","5","7","63","45","23","103","287","664","C0175693"
"12290","8838","2","5","7","53","51","342","259","423","389","C0175693"
"12291","3758","2","5","8","63","36","166","106","110","158","C0175693"
"12292","1188","2","5","8","63","45","23","34","464","187","C0175693"
"12293","55315","2","3","5","80","81","296","62","94","150","C0175695"
"12294","3516","2","3","12","19","31","143","428","236","667","C0175695"
"12295","51715","2","5","7","60","54","24","30","46","72","C0175695"
"12296","1280","2","5","7","53","51","342","454","573","492","C0175697"
"12297","10020","2","3","2","89","124","204","42","452","258","C0175697"
"12298","5663","2","5","7","34","52","216","395","549","667","C0175699"
"12299","5243","2","3","12","41","116","268","423","536","445","C0175699"
"12300","4281","2","5","7","53","184","119","156","287","116","C0175699"
"12301","8243","2","3","12","76","31","40","38","54","75","C0175700"
"12302","8200","2","5","7","53","51","342","259","423","389","C0175700"
"12303","1594","2","3","5","92","163","96","363","460","487","C0175700"
"12304","6638","2","3","2","22","33","323","66","101","136","C0175702"
"12305","6440","2","5","5","68","96","185","238","310","272","C0175702"
"12306","6335","2","5","8","63","36","166","341","390","158","C0175702"
"12307","1757","2","3","2","19","31","1","426","55","78","C0175702"
"12308","545","2","3","12","19","31","261","116","1","86","C0175702"
"12309","6640","2","5","7","42","36","71","177","223","219","C0175702"
"12310","10907","2","3","2","22","33","323","66","101","136","C0175702"
"12311","7290","2","3","12","19","31","1","426","55","78","C0175702"
"12312","2332","2","3","2","22","33","71","373","466","609","C0175702"
"12313","23209","2","5","8","63","45","23","103","464","187","C0175704"
"12314","1305","2","5","7","53","51","342","454","573","492","C0175704"
"12315","5631","2","3","2","72","119","109","266","336","452","C0175704"
"12316","9451","2","3","2","110","51","335","226","297","380","C0175704"
"12317","10555","2","3","7","34","52","216","395","549","622","C0175704"
"12318","9049","2","3","3","41","151","276","378","271","356","C0178416"
"12319","8398","2","3","5","116","183","40","38","352","455","C0178416"
"12320","1583","2","3","5","79","152","273","375","100","589","C0178416"
"12321","4513","2","3","2","48","170","110","141","359","532","C0178417"
"12322","1280","2","5","7","53","51","342","454","573","492","C0178417"
"12323","2263","2","5","7","53","14","20","25","40","186","C0178417"
"12324","4838","2","5","3","53","221","321","259","423","389","C0178417"
"12325","7849","2","3","3","19","221","321","428","541","667","C0178417"
"12326","54880","2","3","12","19","31","1","426","55","78","C0178417"
"12327","6513","2","5","7","90","216","337","448","565","562","C0178417"
"12328","1959","2","3","3","19","151","276","91","433","118","C0178417"
"12329","3090","2","3","12","19","31","1","426","55","664","C0178417"
"12330","80326","2","5","3","68","221","197","259","560","422","C0178417"
"12331","54808","2","3","12","76","153","40","38","54","75","C0178417"
"12332","51119","2","3","2","110","85","237","433","547","671","C0178417"
"12333","672","2","3","12","19","31","261","116","1","86","C0178417"
"12334","860","2","3","12","19","31","276","91","433","118","C0178417"
"12335","26229","2","3","2","74","205","191","396","408","257","C0178417"
"12336","10686","2","5","6","42","36","71","177","64","219","C0178417"
"12337","4867","2","5","7","76","153","40","38","54","75","C0178417"
"12338","9993","2","5","7","53","51","342","454","573","492","C0178417"
"12339","100","2","3","5","33","21","47","56","80","199","C0178417"
"12340","2255","2","5","7","53","14","20","25","40","186","C0178417"
"12341","3752","2","5","8","63","36","166","106","110","158","C0178417"
"12342","4982","2","5","12","41","219","339","156","568","697","C0178417"
"12343","4948","2","5","8","63","45","23","250","464","187","C0178417"
"12344","151","2","5","4","68","96","326","427","548","672","C0178417"
"12345","8322","2","5","3","68","221","184","259","544","669","C0178417"
"12346","5573","2","3","12","19","184","118","155","287","116","C0178417"
"12347","673","2","5","7","53","14","20","34","540","68","C0178417"
"12348","55135","2","3","12","76","137","76","136","472","435","C0178421"
"12349","3630","2","5","7","53","14","20","25","40","186","C0178421"
"12350","1910","2","5","4","68","96","326","427","548","672","C0178421"
"12351","4247","2","3","2","68","67","320","98","180","279","C0178664"
"12352","8260","2","3","12","41","85","266","76","287","78","C0178664"
"12353","26281","2","5","7","53","14","20","25","40","186","C0178664"
"12354","5551","2","5","7","53","51","119","395","549","674","C0178664"
"12355","8224","2","5","7","60","36","71","341","223","624","C0178664"
"12356","103","2","3","2","110","184","119","156","287","116","C0178664"
"12357","2516","2","3","3","19","151","276","91","433","118","C0178664"
"12358","171023","2","3","12","41","116","268","426","55","78","C0205700"
"12359","54820","2","3","12","76","153","40","38","54","75","C0205700"
"12360","5604","2","5","7","53","14","20","34","540","68","C0205700"
"12361","7124","2","3","12","41","219","339","156","568","697","C0205700"
"12362","5080","2","3","3","19","221","321","428","541","667","C0205700"
"12363","4763","2","5","7","60","54","24","30","46","214","C0205700"
"12364","5176","2","5","7","53","51","342","454","573","492","C0205700"
"12365","3035","2","3","2","110","85","237","433","547","154","C0205711"
"12366","2898","2","5","8","63","36","71","106","223","219","C0205711"
"12367","7132","2","3","12","41","219","339","156","568","697","C0205711"
"12368","2108","2","3","2","48","170","50","119","444","556","C0205713"
"12369","919","2","5","7","53","14","119","25","40","186","C0205713"
"12370","8200","2","5","7","53","51","342","259","423","389","C0205768"
"12371","100","2","3","5","33","21","47","56","80","199","C0205768"
"12372","2697","2","3","7","76","153","40","38","54","75","C0205824"
"12373","1193","2","5","8","63","45","23","34","464","187","C0205824"
"12374","6462","2","5","7","63","45","23","444","464","373","C0205824"
"12375","3172","2","3","3","19","151","276","91","433","118","C0206061"
"12376","4313","2","5","7","53","51","342","454","573","492","C0206061"
"12377","1586","2","3","5","79","98","256","335","425","540","C0206061"
"12378","60","2","3","12","60","45","184","155","287","78","C0206061"
"12379","4314","2","5","7","53","51","342","454","573","492","C0206061"
"12380","85366","2","5","7","41","14","20","34","540","68","C0206062"
"12381","3630","2","5","7","53","14","20","25","40","186","C0206062"
"12382","1493","2","5","7","53","51","119","25","40","186","C0206062"
"12383","1493","2","5","7","53","51","119","25","40","186","C0206062"
"12384","6531","2","5","8","45","94","199","240","415","666","C0206062"
"12385","6392","2","3","2","48","170","50","119","444","556","C0206115"
"12386","9723","2","5","7","53","51","342","79","560","373","C0206115"
"12387","6323","2","5","8","63","36","166","341","390","158","C0206115"
"12388","2736","2","3","12","41","116","321","428","54","667","C0206138"
"12389","9179","2","5","7","60","18","184","341","544","669","C0206138"
"12390","3074","2","3","7","34","52","216","395","549","607","C0206138"
"12391","10345","2","5","8","63","45","23","34","464","187","C0206138"
"12392","1594","2","3","5","92","163","96","363","460","487","C0206138"
"12393","3054","2","3","12","19","31","1","426","55","78","C0206138"
"12394","6663","2","3","3","19","221","321","428","541","667","C0206146"
"12395","8924","2","3","12","41","116","268","434","468","213","C0206146"
"12396","5321","2","3","5","116","183","295","398","243","327","C0206146"
"12397","3481","2","5","7","53","51","342","454","573","492","C0206146"
"12398","10309","2","3","12","19","31","261","116","1","86","C0206160"
"12399","1836","2","3","2","35","41","94","260","330","375","C0206160"
"12400","51164","2","3","7","76","153","40","38","54","75","C0206160"
"12401","389549","2","3","8","19","70","99","162","216","290","C0206160"
"12402","5009","2","3","2","48","97","50","304","167","593","C0206160"
"12403","1280","2","5","7","53","51","342","454","573","492","C0206160"
"12404","7291","2","3","12","19","151","276","91","489","416","C0206160"
"12405","6521","2","5","8","35","41","199","40","415","666","C0206160"
"12406","8831","2","5","7","60","54","24","30","46","72","C0206160"
"12407","7421","2","3","3","19","151","276","91","433","118","C0206160"
"12408","6235","2","3","2","110","85","237","433","547","671","C0206160"
"12409","29123","2","3","12","19","151","276","91","433","118","C0206160"
"12410","6687","2","3","2","48","170","50","119","444","593","C0206160"
"12411","6531","2","5","8","45","94","199","240","415","666","C0206160"
"12412","9254","2","5","8","63","36","166","341","223","158","C0206160"
"12413","2033","2","3","12","19","31","1","91","433","118","C0206160"
"12414","2556","2","5","8","27","70","99","162","216","290","C0206160"
"12415","3643","2","5","7","53","14","20","25","40","186","C0206160"
"12416","4914","2","3","2","22","18","266","202","252","252","C0206160"
"12417","7498","2","3","5","80","157","187","159","209","282","C0206160"
"12418","5896","2","3","12","41","116","268","434","568","605","C0206180"
"12419","1277","2","5","7","53","51","342","454","573","492","C0206180"
"12420","3767","2","5","8","63","36","166","106","110","158","C0206180"
"12421","10806","2","3","12","76","153","40","38","54","75","C0206180"
"12422","5335","2","3","7","53","14","20","25","40","186","C0206182"
"12423","4053","2","5","7","53","51","342","454","573","492","C0206182"
"12424","4066","2","3","12","19","31","276","91","433","118","C0206368"
"12425","1280","2","5","7","53","51","342","454","573","492","C0206368"
"12426","4514","2","3","2","48","57","110","141","359","5","C0206617"
"12427","673","2","5","7","53","14","20","34","540","68","C0206617"
"12428","338","2","5","7","53","51","342","454","573","492","C0206620"
"12429","100","2","3","5","33","21","47","56","80","199","C0206620"
"12430","8820","2","3","3","19","221","321","428","541","667","C0206620"
"12431","3845","2","5","7","60","54","24","30","46","72","C0206620"
"12432","5373","2","3","2","90","167","123","158","207","278","C0206620"
"12433","338","2","5","7","53","51","342","454","573","492","C0206620"
"12434","26128","2","3","12","76","153","40","38","54","154","C0206620"
"12435","4851","2","3","12","19","221","143","428","236","667","C0206620"
"12436","392255","2","5","7","53","51","342","259","423","389","C0206620"
"12437","5605","2","5","7","53","14","20","34","540","68","C0206620"
"12438","6654","2","5","7","60","54","24","30","46","72","C0206620"
"12439","2033","2","3","12","19","31","1","91","433","118","C0206620"
"12440","5159","2","5","7","53","14","20","25","40","186","C0206620"
"12441","7428","2","3","12","41","116","268","434","468","213","C0206620"
"12442","2033","2","3","12","19","31","1","91","433","118","C0206620"
"12443","1490","2","5","7","53","51","342","454","573","492","C0206620"
"12444","4791","2","3","12","41","219","339","156","568","697","C0206620"
"12445","4647","2","5","7","60","83","101","126","170","224","C0206620"
"12446","29110","2","3","12","41","219","339","156","568","697","C0206620"
"12447","2263","2","5","7","53","14","20","25","40","186","C0206620"
"12448","1280","2","5","7","53","51","342","454","573","492","C0206620"
"12449","4221","2","3","12","19","31","342","454","573","492","C0206624"
"12450","10370","2","3","12","19","31","276","91","433","118","C0206624"
"12451","7253","2","5","4","68","96","326","427","548","672","C0206624"
"12452","4287","2","3","12","41","116","268","434","468","215","C0206624"
"12453","4791","2","3","12","41","219","339","156","568","697","C0206624"
"12454","37","2","3","2","110","105","178","226","297","380","C0206624"
"12455","22954","2","3","12","41","116","268","434","468","213","C0206624"
"12456","9939","2","3","2","22","33","323","66","101","136","C0206624"
"12457","3717","2","5","7","53","14","20","25","40","186","C0206630"
"12458","355","2","3","7","41","219","339","156","568","697","C0206630"
"12459","8924","2","3","12","41","116","268","434","468","213","C0206630"
"12460","51259","2","3","2","76","153","40","38","54","75","C0206630"
"12461","7305","2","5","7","34","52","216","395","549","674","C0206634"
"12462","5743","2","3","5","53","175","119","167","489","416","C0206634"
"12463","2908","2","3","12","19","151","276","91","433","118","C0206637"
"12464","10084","2","3","2","22","33","323","66","101","136","C0206637"
"12465","7037","2","5","7","60","14","184","341","544","669","C0206637"
"12466","5422","2","3","12","19","31","261","116","1","86","C0206637"
"12467","3043","2","5","7","34","52","216","395","549","116","C0206637"
"12468","590","2","3","5","85","143","286","51","488","604","C0206650"
"12469","8516","2","5","7","53","51","342","454","573","492","C0206650"
"12470","1130","2","5","7","60","54","326","141","359","462","C0206655"
"12471","4351","2","3","2","90","167","266","367","500","577","C0206655"
"12472","4893","2","5","7","34","52","24","30","46","72","C0206655"
"12473","50943","2","3","12","19","31","1","426","129","131","C0206655"
"12474","26128","2","3","12","76","153","40","38","54","154","C0206656"
"12475","29954","2","5","2","27","206","324","430","215","290","C0206656"
"12476","2153","2","5","7","53","51","342","454","573","492","C0206656"
"12477","10815","2","5","7","60","36","71","341","223","666","C0206656"
"12478","3636","2","3","5","80","14","20","25","40","186","C0206656"
"12479","846","2","5","4","68","96","326","427","548","672","C0206657"
"12480","7036","2","3","5","29","88","132","85","222","346","C0206657"
"12481","11280","2","5","8","63","36","166","341","390","158","C0206661"
"12482","5307","2","3","3","19","221","321","428","541","667","C0206661"
"12483","27031","2","3","6","11","142","225","38","331","506","C0206661"
"12484","6812","2","5","7","27","36","150","341","223","628","C0206661"
"12485","5932","2","3","12","19","31","261","116","1","86","C0206661"
"12486","11093","2","5","7","53","51","342","454","573","492","C0206661"
"12487","554","2","5","4","68","96","326","427","548","672","C0206663"
"12488","5521","2","3","12","76","137","76","136","472","435","C0206663"
"12489","3908","2","5","7","53","51","342","454","573","492","C0206663"
"12490","8647","2","3","5","46","158","252","352","449","563","C0206663"
"12491","9469","2","3","2","103","189","303","29","475","467","C0206663"
"12492","11234","2","3","5","60","18","184","341","544","669","C0206663"
"12493","8214","2","3","6","11","142","225","142","220","298","C0206663"
"12494","4519","2","3","2","48","170","50","119","508","312","C0206663"
"12495","1643","2","3","12","41","116","268","434","468","213","C0206667"
"12496","22796","2","5","7","60","153","40","38","66","203","C0206667"
"12497","2657","2","5","7","53","51","342","259","423","389","C0206667"
"12498","5428","2","3","2","48","170","50","119","167","593","C0206667"
"12499","8243","2","3","12","76","31","40","38","54","75","C0206667"
"12500","1586","2","3","5","79","98","256","335","425","540","C0206669"
"12501","2916","2","5","4","68","96","326","427","548","672","C0206669"
"12502","3181","2","3","2","22","33","323","66","101","136","C0206669"
"12503","4535","2","3","2","48","170","50","119","444","556","C0206669"
"12504","4692","2","5","7","53","51","119","402","489","416","C0206669"
"12505","308","2","5","7","53","51","342","454","573","702","C0206669"
"12506","5831","2","3","2","101","62","189","182","566","409","C0206669"
"12507","10195","2","3","2","48","69","99","162","216","290","C0206677"
"12508","8481","2","3","12","76","153","40","38","54","75","C0206677"
"12509","6311","2","3","2","22","33","323","66","362","468","C0206681"
"12510","2488","2","5","4","68","96","326","427","548","672","C0206681"
"12511","4539","2","3","2","53","184","86","107","560","195","C0206682"
"12512","7547","2","3","3","19","221","321","428","541","667","C0206682"
"12513","84631","2","5","7","53","51","335","444","560","373","C0206682"
"12514","3717","2","5","7","53","14","20","25","40","186","C0206682"
"12515","286","2","5","7","60","153","40","38","54","203","C0206682"
"12516","54209","2","5","7","53","51","119","395","549","674","C0206682"
"12517","55651","2","3","2","110","85","237","433","547","671","C0206682"
"12518","6890","2","3","12","41","184","119","156","568","116","C0206684"
"12519","11315","2","3","2","48","170","50","399","201","229","C0206684"
"12520","3827","2","5","4","68","96","326","427","548","672","C0206686"
"12521","10461","2","5","7","53","14","20","25","40","186","C0206686"
"12522","7390","2","3","5","80","81","166","132","175","473","C0206686"
"12523","4846","2","3","5","41","219","75","243","44","64","C0206686"
"12524","26128","2","3","12","76","153","40","38","54","154","C0206686"
"12525","658","2","5","7","53","51","342","259","423","389","C0206686"
"12526","1298","2","5","7","53","51","342","454","573","492","C0206686"
"12527","1299","2","5","7","53","51","342","454","573","492","C0206686"
"12528","7051","2","1","6","11","142","225","142","220","298","C0206686"
"12529","7171","2","5","8","63","45","23","103","464","187","C0206686"
"12530","1026","2","3","12","19","31","1","116","489","416","C0206686"
"12531","25942","2","3","12","19","31","1","426","55","78","C0206686"
"12532","5213","2","3","2","90","167","266","367","500","577","C0206686"
"12533","9569","2","3","12","19","31","276","91","433","118","C0206686"
"12534","1832","2","5","7","34","52","225","142","220","298","C0206686"
"12535","54209","2","5","7","53","51","119","395","549","674","C0206686"
"12536","1280","2","5","7","53","51","342","454","573","492","C0206686"
"12537","7227","2","3","12","19","31","276","91","433","118","C0206686"
"12538","776","2","5","8","63","36","166","341","390","158","C0206686"
"12539","8200","2","5","7","53","51","342","259","423","389","C0206686"
"12540","4535","2","3","2","48","170","50","119","444","556","C0206686"
"12541","1260","2","5","8","63","36","166","106","110","158","C0206692"
"12542","9839","2","3","3","19","221","321","428","541","667","C0206692"
"12543","4292","2","3","12","19","31","261","116","1","86","C0206692"
"12544","2774","2","2","1","9","15","21","28","42","62","C0206693"
"12545","55275","2","5","7","60","54","24","98","66","203","C0206693"
"12546","9469","2","3","2","103","189","303","29","475","467","C0206698"
"12547","2643","2","3","5","87","91","75","204","267","352","C0206698"
"12548","1146","2","5","8","27","70","99","162","216","290","C0206698"
"12549","26227","2","3","2","41","137","44","208","81","108","C0206698"
"12550","3663","2","3","12","53","184","119","156","287","116","C0206698"
"12551","6261","2","5","8","63","45","23","34","464","187","C0206698"
"12552","10491","2","5","7","53","51","342","454","573","492","C0206698"
"12553","9723","2","5","7","53","51","342","79","560","373","C0206698"
"12554","3098","2","3","2","90","167","266","367","500","577","C0206698"
"12555","9723","2","5","7","53","51","342","79","560","373","C0206698"
"12556","54808","2","3","12","76","153","40","38","54","75","C0206698"
"12557","55651","2","3","2","110","85","237","433","547","671","C0206698"
"12558","2737","2","3","12","19","116","321","428","54","667","C0206698"
"12559","2492","2","5","4","68","96","326","427","548","672","C0206698"
"12560","7227","2","3","12","19","31","276","91","433","118","C0206698"
"12561","3767","2","5","8","63","36","166","106","110","158","C0206698"
"12562","492","2","3","8","63","45","23","103","464","187","C0206698"
"12563","5371","2","3","12","19","31","1","91","287","116","C0206698"
"12564","10128","2","3","2","48","170","50","119","444","556","C0206698"
"12565","7390","2","3","5","80","81","166","132","175","473","C0206698"
"12566","10537","2","3","12","41","116","268","434","468","213","C0206698"
"12567","10743","2","3","3","19","151","276","91","433","118","C0206698"
"12568","1281","2","5","7","53","51","342","454","573","492","C0206698"
"12569","54880","2","3","12","19","31","1","426","55","78","C0206698"
"12570","3479","2","5","7","53","51","342","454","573","492","C0206698"
"12571","26281","2","5","7","53","14","20","25","40","186","C0206704"
"12572","6521","2","5","8","35","41","199","40","415","666","C0206704"
"12573","1761","2","3","3","19","221","321","428","541","667","C0206708"
"12574","6342","2","3","5","80","161","305","409","208","482","C0206708"
"12575","388552","2","5","7","60","18","184","341","544","669","C0206711"
"12576","111","2","5","4","68","96","326","427","548","672","C0206711"
"12577","2138","2","3","12","19","31","1","426","55","78","C0206711"
"12578","3575","2","5","7","53","51","184","341","544","669","C0206711"
"12579","930","2","5","7","53","14","119","25","40","186","C0206718"
"12580","7010","2","5","7","53","14","20","25","40","186","C0206718"
"12581","23522","2","3","12","19","31","1","426","55","78","C0206718"
"12582","6567","2","5","8","35","41","77","40","57","80","C0206718"
"12583","478","2","3","8","63","45","23","366","464","187","C0206718"
"12584","3043","2","5","7","34","52","216","395","549","116","C0206718"
"12585","5972","2","5","5","34","52","216","397","418","568","C0206718"
"12586","3675","2","5","7","53","51","342","454","573","492","C0206720"
"12587","1991","2","5","7","34","52","216","395","549","674","C0206720"
"12588","1586","2","3","5","79","98","256","335","425","540","C0206720"
"12589","7169","2","5","8","63","45","23","103","464","187","C0206726"
"12590","54187","2","3","5","80","81","296","272","452","148","C0206726"
"12591","23509","2","3","2","89","124","143","428","236","667","C0206726"
"12592","1893","2","5","7","53","51","342","454","573","702","C0206726"
"12593","27125","2","3","12","19","31","261","116","159","211","C0206726"
"12594","545","2","3","12","19","31","261","116","1","86","C0206726"
"12595","6845","2","5","7","60","14","184","341","544","669","C0206726"
"12596","3949","2","5","7","60","14","184","341","544","669","C0206726"
"12597","6442","2","5","8","63","45","23","103","464","187","C0206726"
"12598","3122","2","5","7","53","184","119","156","287","116","C0206726"
"12599","6573","2","3","5","80","81","166","369","117","583","C0206726"
"12600","4882","2","3","4","68","96","326","427","548","672","C0206726"
"12601","5447","2","3","5","91","214","271","372","471","586","C0206726"
"12602","7490","2","3","3","19","221","321","428","541","667","C0206726"
"12603","2653","2","3","2","67","104","214","234","306","388","C0206726"
"12604","25953","2","3","2","67","92","293","137","75","664","C0206726"
"12605","4763","2","5","7","60","54","24","30","46","214","C0206727"
"12606","5314","2","3","12","76","153","40","38","54","75","C0206727"
"12607","7518","2","3","12","19","31","261","116","1","86","C0206727"
"12608","6875","2","3","12","19","31","261","116","159","211","C0206727"
"12609","11285","2","3","2","74","205","191","396","408","620","C0206727"
"12610","9993","2","5","7","53","51","342","454","573","492","C0206729"
"12611","2138","2","3","12","19","31","1","426","55","78","C0206729"
"12612","1571","2","3","5","91","214","271","372","471","26","C0206729"
"12613","10483","2","3","7","60","54","24","30","46","72","C0206729"
"12614","22930","2","5","7","60","54","24","30","46","72","C0206729"
"12615","25913","2","3","12","19","31","261","116","1","78","C0206731"
"12616","1811","2","5","8","35","41","199","40","415","666","C0206731"
"12617","6514","2","5","7","90","216","337","448","565","562","C0206731"
"12618","8106","2","3","2","22","33","323","66","101","136","C0206731"
"12619","6513","2","5","7","90","216","337","448","565","562","C0206731"
"12620","5897","2","3","12","41","116","268","141","568","605","C0206731"
"12621","841","2","3","12","41","219","339","156","568","697","C0206731"
"12622","4352","2","5","7","53","14","20","25","40","186","C0206732"
"12623","7227","2","3","12","19","31","276","91","433","118","C0206732"
"12624","8694","2","5","7","34","52","216","395","549","674","C0206732"
"12625","54499","2","3","2","48","170","50","119","444","593","C0206732"
"12626","1291","2","5","7","53","51","342","454","573","492","C0206732"
"12627","1280","2","5","7","53","51","342","454","573","492","C0206733"
"12628","4514","2","3","2","48","57","110","141","359","5","C0206733"
"12629","5447","2","3","5","91","214","271","372","471","586","C0206733"
"12630","4524","2","3","2","15","166","104","369","117","583","C0206733"
"12631","8820","2","3","3","19","221","321","428","541","667","C0206733"
"12632","2067","2","3","12","19","31","261","116","1","86","C0206733"
"12633","841","2","3","12","41","219","339","156","568","697","C0206733"
"12634","3758","2","5","8","63","36","166","106","110","158","C0206733"
"12635","220296","2","5","7","53","51","119","444","549","674","C0206733"
"12636","19","2","3","3","19","151","276","91","433","118","C0206733"
"12637","23169","2","3","2","78","205","112","430","429","544","C0206734"
"12638","3106","2","5","7","34","52","119","395","549","674","C0206734"
"12639","3295","2","3","5","43","161","305","409","208","482","C0206754"
"12640","2969","2","3","12","19","31","276","91","433","118","C0206754"
"12641","1493","2","5","7","53","51","119","25","40","186","C0206754"
"12642","23479","2","3","2","48","170","50","119","100","556","C0206754"
"12643","673","2","5","7","53","14","20","34","540","68","C0206754"
"12644","91147","2","3","12","76","153","40","38","54","75","C0206754"
"12645","1278","2","5","7","53","51","342","454","573","492","C0206754"
"12646","3507","2","5","7","53","51","119","395","549","674","C0206754"
"12647","7130","2","5","7","34","52","216","395","549","674","C0206754"
"12648","8481","2","3","12","76","153","40","38","54","75","C0206754"
"12649","5194","2","3","5","43","161","305","409","208","482","C0206754"
"12650","5528","2","3","12","76","153","40","38","54","75","C0206762"
"12651","8842","2","5","5","53","82","147","184","179","328","C0206762"
"12652","291","2","3","2","48","170","50","304","167","593","C0206762"
"12653","10815","2","5","7","60","36","71","341","223","666","C0206762"
"12654","2895","2","5","4","68","36","71","427","223","219","C0206762"
"12655","4000","2","3","12","26","105","178","226","297","156","C0206762"
"12656","8216","2","3","12","41","119","330","214","454","144","C0206762"
"12657","4313","2","5","7","53","51","342","454","573","492","C0206762"
"12658","25978","2","3","2","48","57","110","141","359","462","C0206762"
"12659","4010","2","3","3","19","221","321","428","541","667","C0206762"
"12660","5727","2","3","12","68","221","197","259","560","422","C0206762"
"12661","10269","2","3","2","48","182","50","119","444","556","C0206762"
"12662","7248","2","3","2","48","57","110","141","359","462","C0206762"
"12663","9632","2","3","7","60","153","40","38","54","203","C0206762"
"12664","2879","2","3","5","80","81","166","378","173","229","C0206762"
"12665","51360","2","3","3","26","35","276","91","433","203","C0220633"
"12666","1848","2","3","5","42","81","296","399","201","274","C0220633"
"12667","3274","2","5","4","68","96","326","427","548","672","C0220633"
"12668","7490","2","3","3","19","221","321","428","541","667","C0220633"
"12669","5617","2","5","12","19","31","1","426","55","78","C0220633"
"12670","7086","2","3","2","90","167","266","367","500","577","C0220633"
"12671","238","2","5","7","53","14","20","25","40","186","C0220633"
"12672","121278","2","3","5","80","81","166","307","258","345","C0220633"
"12673","7490","2","3","3","19","221","321","428","541","667","C0220658"
"12674","7040","2","5","7","53","51","342","454","573","492","C0220658"
"12675","11232","2","3","3","19","151","276","91","433","118","C0220659"
"12676","2811","2","5","7","53","51","1","454","573","78","C0220659"
"12677","4904","2","3","2","22","33","323","66","101","136","C0220662"
"12678","3845","2","5","7","60","54","24","30","46","72","C0220662"
"12679","6628","2","3","2","22","33","323","66","101","136","C0220662"
"12680","4722","2","3","2","48","170","50","119","444","556","C0220662"
"12681","23169","2","3","2","78","205","112","430","429","544","C0220662"
"12682","7461","2","3","7","60","153","40","38","93","75","C0220662"
"12683","5506","2","3","12","76","137","76","136","82","658","C0220669"
"12684","7403","2","3","12","19","31","1","426","55","78","C0220669"
"12685","440","2","3","2","101","62","189","182","509","154","C0220669"
"12686","25978","2","3","2","48","57","110","141","359","462","C0220669"
"12687","1636","2","3","5","80","81","166","397","418","568","C0220669"
"12688","1832","2","5","7","34","52","225","142","220","298","C0220697"
"12689","1311","2","5","7","53","51","342","454","573","492","C0220697"
"12690","3912","2","5","7","53","51","342","454","573","492","C0220697"
"12691","9723","2","5","7","53","51","342","79","560","373","C0220697"
"12692","421","2","5","7","42","51","335","444","560","373","C0220697"
"12693","3162","2","3","5","53","51","119","402","489","416","C0220697"
"12694","9871","2","3","7","60","153","40","38","54","203","C0220697"
"12695","8878","2","3","12","41","219","339","156","568","697","C0220697"
"12696","91252","2","5","4","68","96","326","427","548","672","C0220697"
"12697","1352","2","3","2","48","170","50","119","444","556","C0220697"
"12698","5080","2","3","3","19","221","321","428","541","667","C0220697"
"12699","7098","2","5","7","41","219","339","156","568","697","C0220697"
"12700","7840","2","3","12","76","153","40","38","54","75","C0220697"
"12701","4854","2","5","7","53","51","143","428","236","667","C0220702"
"12702","3798","2","3","7","76","153","40","38","54","75","C0220704"
"12703","2911","2","5","4","68","96","326","427","548","672","C0220704"
"12704","6731","2","3","2","110","85","237","433","547","671","C0220704"
"12705","5824","2","3","5","47","144","185","238","310","392","C0220704"
"12706","2969","2","3","12","19","31","276","91","433","118","C0220704"
"12707","2737","2","3","12","19","116","321","428","54","667","C0220704"
"12708","7157","2","3","12","19","31","261","402","489","551","C0220704"
"12709","4148","2","5","7","53","51","342","454","573","492","C0220704"
"12710","4538","2","3","2","48","170","50","119","444","556","C0220704"
"12711","6690","2","5","7","68","51","119","395","549","674","C0220708"
"12712","23529","2","5","7","53","51","119","25","40","416","C0220708"
"12713","3507","2","5","7","53","51","119","395","549","674","C0220721"
"12714","9368","2","5","7","42","36","71","177","223","219","C0220721"
"12715","3835","2","3","12","76","153","40","38","54","75","C0220722"
"12716","284403","2","3","12","48","57","110","141","359","462","C0220722"
"12717","1280","2","5","7","53","51","342","454","573","492","C0220722"
"12718","5205","2","3","8","63","45","23","103","464","619","C0220722"
"12719","1311","2","5","7","53","51","342","454","573","492","C0220723"
"12720","29893","2","3","12","19","31","1","426","55","78","C0220723"
"12721","100","2","3","5","33","21","47","56","80","199","C0220756"
"12722","6448","2","3","5","74","160","294","376","453","567","C0220756"
"12723","7249","2","3","7","60","57","110","141","359","462","C0220763"
"12724","1896","2","5","12","41","219","339","156","568","697","C0220763"
"12725","10484","2","3","7","60","153","40","38","54","203","C0220766"
"12726","10397","2","3","2","110","81","148","402","51","383","C0220766"
"12727","9896","2","3","5","80","81","296","399","201","274","C0220769"
"12728","4744","2","3","6","27","36","150","399","223","628","C0220769"
"12729","613","2","5","7","60","54","24","30","46","72","C0220769"
"12730","10225","2","5","7","53","51","119","395","549","674","C0220982"
"12731","25814","2","3","2","48","170","110","119","444","462","C0220982"
"12732","3827","2","5","4","68","96","326","427","548","672","C0220982"
"12733","2703","2","3","12","76","153","40","38","54","75","C0220982"
"12734","26608","2","3","2","22","170","50","119","463","153","C0220982"
"12735","4893","2","5","7","34","52","24","30","46","72","C0220982"
"12736","189","2","3","5","43","161","305","409","208","482","C0220982"
"12737","57534","2","3","12","41","124","143","428","236","667","C0220982"
"12738","7020","2","3","12","19","31","276","91","433","664","C0220982"
"12739","10804","2","3","12","76","153","40","38","54","75","C0220982"
"12740","10013","2","3","12","19","31","143","91","236","311","C0220982"
"12741","50940","2","3","4","68","96","326","427","548","672","C0220983"
"12742","3178","2","3","2","22","33","323","66","101","136","C0220983"
"12743","1300","2","5","7","53","51","342","454","573","492","C0220983"
"12744","4921","2","5","7","53","14","20","25","573","186","C0220983"
"12745","6391","2","3","2","48","170","50","119","444","556","C0220988"
"12746","57822","2","3","12","19","31","1","426","55","78","C0220988"
"12747","6910","2","3","12","19","51","335","444","560","373","C0220988"
"12748","686","2","3","5","80","81","166","166","127","173","C0220991"
"12749","2916","2","5","4","68","96","326","427","548","672","C0220991"
"12750","7276","2","5","7","34","52","216","395","549","674","C0220993"
"12751","10457","2","5","7","53","51","342","454","573","492","C0220993"
"12752","2492","2","5","4","68","96","326","427","548","672","C0220994"
"12753","1544","2","3","5","91","214","271","372","471","586","C0220994"
"12754","7020","2","3","12","19","31","276","91","433","664","C0220994"
"12755","1501","2","5","7","27","36","150","341","223","628","C0220994"
"12756","1759","2","5","7","60","14","184","341","544","669","C0220994"
"12757","1302","2","5","7","53","51","342","454","573","492","C0220994"
"12758","7473","2","5","3","68","221","197","259","560","422","C0220994"
"12759","348","2","5","7","53","51","342","454","573","492","C0220994"
"12760","4436","2","3","12","19","31","261","116","1","86","C0220994"
"12761","5573","2","3","12","19","184","118","155","287","116","C0220994"
"12762","3043","2","5","7","34","52","216","395","549","116","C0220994"
"12763","5830","2","3","5","43","161","305","409","208","482","C0220994"
"12764","919","2","5","7","53","14","119","25","40","186","C0220994"
"12765","4914","2","3","2","22","18","266","202","252","252","C0220994"
"12766","2554","2","5","8","27","70","99","162","216","290","C0220994"
"12767","3845","2","5","7","60","54","24","30","46","72","C0220994"
"12768","5296","2","5","7","53","14","20","25","40","186","C0220994"
"12769","2068","2","3","12","19","31","261","116","159","211","C0220994"
"12770","7456","2","5","7","60","14","20","25","40","215","C0220994"
"12771","22930","2","5","7","60","54","24","30","46","72","C0220994"
"12772","26137","2","5","7","63","45","184","103","572","658","C0220994"
"12773","5428","2","3","2","48","170","50","119","167","593","C0220994"
"12774","4221","2","3","12","19","31","342","454","573","492","C0220994"
"12775","7137","2","5","8","63","45","23","103","464","187","C0220994"
"12776","3106","2","5","7","34","52","119","395","549","674","C0220994"
"12777","10166","2","3","2","84","97","167","210","278","360","C0220994"
"12778","51660","2","3","2","62","37","154","196","257","344","C0220994"
"12779","7305","2","5","7","34","52","216","395","549","674","C0220994"
"12780","3717","2","5","7","53","14","20","25","40","186","C0220994"
"12781","50846","2","3","3","68","221","197","259","560","422","C0220994"
"12782","1302","2","5","7","53","51","342","454","573","492","C0221002"
"12783","6578","2","3","5","35","41","77","40","57","80","C0221002"
"12784","4041","2","5","3","68","221","197","259","560","422","C0221002"
"12785","7498","2","3","5","80","157","187","159","209","282","C0221013"
"12786","1235","2","5","4","68","96","326","427","548","672","C0221013"
"12787","9927","2","3","12","19","31","118","155","287","116","C0221032"
"12788","26119","2","5","7","60","14","184","341","544","669","C0221032"
"12789","3897","2","5","7","53","51","335","444","560","373","C0221032"
"12790","54567","2","5","7","53","51","143","428","236","667","C0221032"
"12791","5205","2","3","8","63","45","23","103","464","619","C0221032"
"12792","3918","2","5","7","53","51","342","454","573","492","C0221043"
"12793","59341","2","5","8","63","45","193","306","390","158","C0221043"
"12794","6578","2","3","5","35","41","77","40","57","80","C0221043"
"12795","1493","2","5","7","53","51","119","25","40","186","C0221043"
"12796","2521","2","3","2","22","33","323","66","101","136","C0221054"
"12797","3569","2","5","7","53","51","342","454","573","416","C0221054"
"12798","23169","2","3","2","78","205","112","430","429","544","C0221060"
"12799","9401","2","3","12","76","31","261","116","1","86","C0221060"
"12800","6495","2","3","3","19","221","321","428","541","667","C0221061"
"12801","7124","2","3","12","41","219","339","156","568","697","C0221061"
"12802","1292","2","5","7","53","51","342","454","573","492","C0221074"
"12803","4668","2","3","5","21","111","188","242","313","396","C0221074"
"12804","6608","2","3","3","68","221","321","428","560","667","C0221074"
"12805","3339","2","5","7","53","51","342","454","573","492","C0221074"
"12806","5449","2","3","3","19","221","321","428","541","667","C0221074"
"12807","1414","2","5","6","11","45","160","362","177","673","C0221074"
"12808","1413","2","3","6","63","45","160","362","177","673","C0221074"
"12809","10087","2","3","7","50","47","39","100","321","255","C0221166"
"12810","2969","2","3","12","19","31","276","91","433","118","C0221166"
"12811","4703","2","5","7","60","45","23","103","464","187","C0221166"
"12812","5327","2","5","7","53","51","342","454","573","492","C0221166"
"12813","7994","2","3","12","19","31","1","426","55","78","C0221166"
"12814","2972","2","3","2","19","33","261","116","159","211","C0221166"
"12815","443","2","3","5","80","81","189","182","509","409","C0221170"
"12816","3728","2","5","7","34","52","225","142","220","298","C0221170"
"12817","3458","2","5","7","53","184","119","156","287","116","C0221170"
"12818","54982","2","3","2","48","170","50","399","167","593","C0221170"
"12819","7124","2","3","12","41","219","339","156","568","697","C0221170"
"12820","5447","2","3","5","91","214","271","372","471","586","C0221170"
"12821","7227","2","3","12","19","31","276","91","433","118","C0221170"
"12822","2516","2","3","3","19","151","276","91","433","118","C0221170"
"12823","23322","2","3","12","76","153","40","38","54","75","C0221170"
"12824","3417","2","3","7","34","52","216","395","549","319","C0221170"
"12825","5002","2","5","8","45","94","199","240","415","666","C0221170"
"12826","8216","2","3","12","41","119","330","214","454","144","C0221170"
"12827","27032","2","5","8","63","45","23","103","464","187","C0221182"
"12828","3590","2","5","7","53","51","119","25","40","416","C0221182"
"12829","4524","2","3","2","15","166","104","369","117","583","C0221182"
"12830","6557","2","5","8","45","94","199","240","415","666","C0221182"
"12831","6569","2","3","8","45","94","199","240","415","666","C0221182"
"12832","2072","2","3","12","19","31","261","116","1","86","C0221182"
"12833","1301","2","5","7","53","51","342","454","573","492","C0221184"
"12834","805","2","5","8","53","45","20","34","464","187","C0221184"
"12835","10084","2","3","2","22","33","323","66","101","136","C0221204"
"12836","2316","2","5","7","53","51","342","454","573","702","C0221204"
"12837","226","2","5","7","34","52","216","395","549","702","C0221204"
"12838","2813","2","5","5","27","51","335","444","560","373","C0221204"
"12839","6813","2","5","7","53","51","342","454","573","702","C0221204"
"12840","6913","2","3","3","19","221","321","428","541","667","C0221204"
"12841","229","2","3","2","90","167","266","367","500","577","C0221204"
"12842","1813","2","5","4","68","96","326","427","548","672","C0221204"
"12843","1889","2","5","4","68","96","326","427","548","672","C0221204"
"12844","324","2","3","12","41","219","197","70","255","422","C0221204"
"12845","1758","2","5","7","53","51","342","454","573","492","C0221204"
"12846","10939","2","3","2","48","170","50","119","444","593","C0221204"
"12847","9081","2","5","5","68","184","118","155","447","586","C0221204"
"12848","4851","2","3","12","19","221","143","428","236","667","C0221204"
"12849","1482","2","3","3","19","221","321","428","541","667","C0221204"
"12850","3909","2","5","7","53","51","342","454","573","492","C0221204"
"12851","5125","2","5","6","11","51","225","142","220","298","C0221204"
"12852","7053","2","3","6","11","142","225","142","220","298","C0221204"
"12853","4352","2","5","7","53","14","20","25","40","186","C0221204"
"12854","5073","2","3","2","110","85","323","433","146","194","C0221204"
"12855","10342","2","3","7","60","219","40","202","66","203","C0221204"
"12856","5906","2","5","7","34","52","216","30","46","72","C0221204"
"12857","8516","2","5","7","53","51","342","454","573","492","C0221204"
"12858","7132","2","3","12","41","219","339","156","568","697","C0221204"
"12859","54941","2","3","12","41","116","268","434","468","213","C0221204"
"12860","779","2","5","8","63","36","166","341","390","158","C0221204"
"12861","4329","2","3","2","67","92","293","229","381","496","C0221204"
"12862","10585","2","5","2","27","206","324","430","215","290","C0221204"
"12863","1144","2","5","8","27","70","99","162","216","290","C0221204"
"12864","23742","2","5","5","68","96","326","427","447","586","C0221204"
"12865","2969","2","3","12","19","31","276","91","433","118","C0221204"
"12866","5551","2","5","7","53","51","119","395","549","674","C0221204"
"12867","6935","2","3","3","19","221","321","428","541","667","C0221209"
"12868","549","2","3","5","80","81","166","114","155","202","C0221209"
"12869","9469","2","3","2","103","189","303","29","475","467","C0221209"
"12870","4771","2","5","7","60","36","71","177","64","215","C0221209"
"12871","60675","2","5","4","68","96","326","427","548","672","C0221209"
"12872","4704","2","3","2","48","170","50","119","444","556","C0221209"
"12873","50939","2","3","12","76","153","40","38","472","435","C0221209"
"12874","2492","2","5","4","68","96","326","427","548","672","C0221209"
"12875","7469","2","3","12","19","31","261","116","159","211","C0221209"
"12876","26123","2","3","2","76","153","40","38","54","75","C0221209"
"12877","931","2","5","7","53","14","119","156","287","116","C0221210"
"12878","9469","2","3","2","103","189","303","29","475","467","C0221210"
"12879","3757","2","5","8","63","36","166","106","110","158","C0221210"
"12880","8260","2","3","12","41","85","266","76","287","78","C0221210"
"12881","5889","2","3","12","19","31","261","116","1","86","C0221210"
"12882","2067","2","3","12","19","31","261","116","1","86","C0221210"
"12883","4784","2","3","2","22","33","261","116","159","211","C0221210"
"12884","5317","2","5","7","34","52","216","142","220","298","C0221210"
"12885","2176","2","3","12","19","31","261","116","1","86","C0221210"
"12886","2554","2","5","8","27","70","99","162","216","290","C0221210"
"12887","2475","2","3","2","48","57","110","141","359","462","C0221210"
"12888","4593","2","5","7","53","14","20","454","573","492","C0221210"
"12889","5336","2","3","7","53","14","20","25","40","215","C0221210"
"12890","8642","2","5","7","53","51","335","444","560","373","C0221210"
"12891","2147","2","5","7","68","51","342","454","573","492","C0221210"
"12892","6535","2","5","8","45","94","199","240","415","666","C0221210"
"12893","50615","2","5","7","53","51","119","25","40","186","C0221214"
"12894","1029","2","3","12","19","31","1","116","1","664","C0221214"
"12895","57017","2","3","2","48","170","50","119","444","556","C0221214"
"12896","7248","2","3","2","48","57","110","141","359","462","C0221215"
"12897","6521","2","5","8","35","41","199","40","415","666","C0221215"
"12898","2068","2","3","12","19","31","261","116","159","211","C0221252"
"12899","356","2","5","7","53","219","339","25","489","697","C0221252"
"12900","8842","2","5","5","53","82","147","184","179","328","C0221252"
"12901","25953","2","3","2","67","92","293","137","75","664","C0221253"
"12902","1499","2","3","12","19","221","197","259","560","422","C0221253"
"12903","1896","2","5","12","41","219","339","156","568","697","C0221253"
"12904","9469","2","3","2","103","189","303","29","475","467","C0221253"
"12905","7084","2","3","2","72","109","115","62","268","353","C0221261"
"12906","30008","2","5","7","53","51","342","454","573","492","C0221261"
"12907","1958","2","3","12","19","31","276","91","433","116","C0221261"
"12908","9200","2","3","5","80","81","166","35","49","174","C0221261"
"12909","2132","2","3","2","74","58","112","148","193","263","C0221261"
"12910","3977","2","5","7","53","51","119","25","40","416","C0221261"
"12911","22931","2","5","7","34","54","24","30","46","72","C0221261"
"12912","4089","2","3","12","19","219","339","259","423","605","C0221262"
"12913","4318","2","5","7","34","52","216","395","573","492","C0221262"
"12914","5908","2","5","7","34","52","216","30","46","72","C0221278"
"12915","55630","2","3","5","27","81","99","162","216","290","C0221278"
"12916","1759","2","5","7","60","14","184","341","544","669","C0221278"
"12917","5160","2","3","2","67","92","293","55","75","311","C0221333"
"12918","3549","2","5","3","53","51","197","259","560","422","C0221333"
"12919","9401","2","3","12","76","31","261","116","1","86","C0221333"
"12920","3588","2","5","7","53","51","119","25","40","186","C0221333"
"12921","2395","2","3","2","48","170","50","304","167","593","C0221333"
"12922","582","2","3","12","76","153","76","38","54","75","C0221347"
"12923","2328","2","3","5","91","214","226","326","413","530","C0221347"
"12924","2073","2","3","12","19","31","261","116","1","86","C0221347"
"12925","8481","2","3","12","76","153","40","38","54","75","C0221347"
"12926","335","2","5","7","53","51","342","454","573","492","C0221347"
"12927","5745","2","5","4","68","96","326","427","548","672","C0221347"
"12928","5624","2","5","7","53","51","342","454","573","492","C0221347"
"12929","843","2","3","12","41","219","339","156","568","697","C0221353"
"12930","2255","2","5","7","53","14","20","25","40","186","C0221353"
"12931","3119","2","5","7","53","153","119","156","287","116","C0221353"
"12932","6885","2","3","12","41","219","339","156","568","697","C0221353"
"12933","2737","2","3","12","19","116","321","428","54","667","C0221353"
"12934","55612","2","5","7","60","36","71","177","560","701","C0221353"
"12935","4094","2","3","12","19","31","276","91","433","118","C0221353"
"12936","22868","2","3","2","48","182","67","76","463","153","C0221353"
"12937","2177","2","3","2","110","90","261","431","545","443","C0221353"
"12938","10804","2","3","12","76","153","40","38","54","75","C0221353"
"12939","1583","2","3","5","79","152","273","375","100","589","C0221353"
"12940","2146","2","3","12","19","31","1","426","55","78","C0221353"
"12941","5308","2","3","3","19","221","321","428","541","667","C0221353"
"12942","186","2","5","4","68","96","326","427","548","672","C0221353"
"12943","5727","2","3","12","68","221","197","259","560","422","C0221353"
"12944","8924","2","3","12","41","116","268","434","468","213","C0221353"
"12945","7855","2","5","3","68","221","197","259","560","422","C0221355"
"12946","1028","2","3","12","19","31","1","116","1","86","C0221355"
"12947","2697","2","3","7","76","153","40","38","54","75","C0221355"
"12948","9401","2","3","12","76","31","261","116","1","86","C0221355"
"12949","6804","2","5","7","60","36","71","341","223","219","C0221355"
"12950","1134","2","5","8","27","70","99","162","216","290","C0221355"
"12951","1588","2","3","5","79","159","256","350","27","44","C0221355"
"12952","2121","2","3","12","41","116","268","434","568","605","C0221355"
"12953","4322","2","5","7","53","51","342","454","573","492","C0221365"
"12954","1294","2","5","7","53","51","342","454","573","492","C0221365"
"12955","3897","2","5","7","53","51","335","444","560","373","C0221365"
"12956","1938","2","3","7","34","52","216","395","549","671","C0221365"
"12957","4535","2","3","2","48","170","50","119","444","556","C0221365"
"12958","142","2","3","12","19","31","261","116","1","86","C0221365"
"12959","7138","2","5","8","63","45","23","103","464","187","C0221373"
"12960","55215","2","3","12","76","31","261","116","1","86","C0221373"
"12961","5660","2","5","7","34","52","326","427","548","702","C0221373"
"12962","2261","2","5","7","53","14","20","25","40","186","C0221373"
"12963","3717","2","5","7","53","14","20","25","40","186","C0221373"
"12964","10269","2","3","2","48","182","50","119","444","556","C0221373"
"12965","1585","2","3","5","79","159","256","351","100","589","C0221373"
"12966","6899","2","5","7","53","184","335","259","560","373","C0221373"
"12967","4625","2","3","8","63","45","23","103","464","187","C0221373"
"12968","8200","2","5","7","53","51","342","259","423","389","C0221373"
"12969","3440","2","3","12","19","184","118","155","287","116","C0221373"
"12970","4261","2","3","12","53","184","119","156","287","116","C0221373"
"12971","6870","2","5","4","68","96","326","427","548","672","C0221373"
"12972","50846","2","3","3","68","221","197","259","560","422","C0221373"
"12973","4854","2","5","7","53","51","143","428","236","667","C0221373"
"12974","10342","2","3","7","60","219","40","202","66","203","C0221373"
"12975","4359","2","5","7","53","51","342","454","573","492","C0221373"
"12976","25793","2","3","12","41","116","268","434","468","213","C0221373"
"12977","2273","2","5","8","63","45","23","103","464","187","C0221373"
"12978","3105","2","5","7","53","51","119","156","287","116","C0221373"
"12979","23534","2","3","2","22","33","323","66","101","136","C0221373"
"12980","6628","2","3","2","22","33","323","66","101","136","C0221373"
"12981","1280","2","5","7","53","51","342","454","573","492","C0221373"
"12982","6885","2","3","12","41","219","339","156","568","697","C0221373"
"12983","6997","2","5","3","53","221","321","259","423","389","C0221373"
"12984","8822","2","5","7","53","14","20","25","40","186","C0221373"
"12985","1896","2","5","12","41","219","339","156","568","697","C0221406"
"12986","83452","2","5","7","60","54","24","30","46","72","C0221406"
"12987","6473","2","3","3","19","221","321","428","541","667","C0221406"
"12988","673","2","5","7","53","14","20","34","540","68","C0221409"
"12989","1281","2","5","7","53","51","342","454","573","492","C0221409"
"12990","4882","2","3","4","68","96","326","427","548","672","C0221409"
"12991","5376","2","5","7","53","51","342","454","573","492","C0221409"
"12992","4790","2","3","7","34","52","216","166","129","697","C0221409"
"12993","526","2","3","5","29","88","132","172","199","308","C0221480"
"12994","2694","2","5","7","48","51","105","139","186","245","C0221480"
"12995","56246","2","5","4","68","96","326","427","548","672","C0221480"
"12996","6201","2","3","2","110","85","237","433","547","671","C0221480"
"12997","4921","2","5","7","53","14","20","25","573","186","C0221480"
"12998","525","2","3","5","29","88","110","141","537","50","C0221480"
"12999","5624","2","5","7","53","51","342","454","573","492","C0221480"
"13000","10939","2","3","2","48","170","50","119","444","593","C0221480"
"13001","287","2","5","7","76","153","40","38","54","203","C0221480"
"13002","8243","2","3","12","76","31","40","38","54","75","C0221765"
"13003","6557","2","5","8","45","94","199","240","415","666","C0221765"
"13004","23347","2","3","12","41","116","268","434","468","213","C0221765"
"13005","658","2","5","7","53","51","342","259","423","389","C0221765"
"13006","547","2","3","7","76","153","40","38","54","75","C0221765"
"13007","3375","2","5","4","68","96","326","427","548","672","C0221765"
"13008","2067","2","3","12","19","31","261","116","1","86","C0221765"
"13009","5193","2","3","5","43","161","305","409","208","482","C0221765"
"13010","26503","2","3","2","89","124","204","272","347","442","C0221765"
"13011","5290","2","3","7","53","14","20","25","40","186","C0221765"
"13012","23118","2","3","12","41","219","339","156","568","697","C0221765"
"13013","1161","2","3","12","41","116","268","434","468","213","C0221765"
"13014","23530","2","3","2","88","34","234","322","505","523","C0221766"
"13015","55215","2","3","12","76","31","261","116","1","86","C0221766"
"13016","9409","2","3","5","43","161","305","409","208","482","C0221766"
"13017","1636","2","3","5","80","81","166","397","418","568","C0221766"
"13018","959","2","5","7","53","51","119","395","549","674","C0221766"
"13019","213","2","5","7","53","51","342","454","573","492","C0221766"
"13020","25836","2","3","12","76","153","40","38","54","75","C0221766"
"13021","4843","2","3","5","43","161","305","409","489","416","C0221766"
"13022","10978","2","3","2","22","33","323","66","101","136","C0221766"
"13023","8292","2","5","5","27","51","342","454","573","492","C0222716"
"13024","355","2","3","7","41","219","339","156","568","697","C0222716"
"13025","5130","2","3","2","85","143","286","51","488","102","C0222716"
"13026","51085","2","3","2","48","57","110","141","359","462","C0222716"
"13027","3178","2","3","2","22","33","323","66","101","136","C0222716"
"13028","55800","2","5","8","27","36","150","341","223","628","C0222716"
"13029","1134","2","5","8","27","70","99","162","216","290","C0222716"
"13030","1147","2","3","12","41","219","339","156","568","697","C0222716"
"13031","7809","2","5","8","63","45","23","34","464","187","C0222716"
"13032","1292","2","5","7","53","51","342","454","573","492","C0222716"
"13033","6297","2","3","12","41","116","266","402","489","416","C0222716"
"13034","5173","2","5","4","68","96","326","427","548","672","C0222716"
"13035","3516","2","3","12","19","31","143","428","236","667","C0222716"
"13036","2261","2","5","7","53","14","20","25","40","186","C0222716"
"13037","7048","2","5","7","53","51","342","259","423","389","C0222716"
"13038","6689","2","3","12","19","31","276","91","433","118","C0222716"
"13039","2706","2","3","12","76","153","40","38","54","75","C0222716"
"13040","8626","2","3","3","19","221","321","428","541","667","C0222716"
"13041","5894","2","5","7","60","54","23","34","464","187","C0222716"
"13042","2261","2","5","7","53","14","20","25","40","186","C0222716"
"13043","1588","2","3","5","79","159","256","350","27","44","C0222716"
"13044","6911","2","5","6","19","142","335","259","560","373","C0222716"
"13045","8625","2","3","12","19","31","276","91","236","118","C0222716"
"13046","286","2","5","7","60","153","40","38","54","203","C0222716"
"13047","7403","2","3","12","19","31","1","426","55","78","C0231274"
"13048","593","2","3","2","67","92","293","55","75","311","C0231274"
"13049","658","2","5","7","53","51","342","259","423","389","C0231274"
"13050","50814","2","3","2","69","221","73","360","86","119","C0231274"
"13051","6908","2","3","12","19","31","1","116","159","211","C0231274"
"13052","5444","2","3","5","80","147","236","328","411","229","C0231274"
"13053","3913","2","5","7","53","51","342","454","573","492","C0231274"
"13054","2483","2","3","2","22","33","323","66","101","136","C0231341"
"13055","6638","2","3","2","22","33","323","66","101","136","C0231341"
"13056","27125","2","3","12","19","31","261","116","159","211","C0231341"
"13057","4763","2","5","7","60","54","24","30","46","214","C0231341"
"13058","50485","2","3","12","19","31","261","116","1","86","C0231471"
"13059","58484","2","3","12","41","219","339","156","568","697","C0231471"
"13060","348","2","5","7","53","51","342","454","573","492","C0231471"
"13061","54928","2","3","2","37","105","92","113","154","201","C0231616"
"13062","23322","2","3","12","76","153","40","38","54","75","C0231616"
"13063","9031","2","3","12","19","31","1","426","55","78","C0231678"
"13064","2316","2","5","7","53","51","342","454","573","702","C0231678"
"13065","23767","2","5","7","53","14","20","25","40","186","C0231678"
"13066","324","2","3","12","41","219","197","70","255","422","C0231678"
"13067","1593","2","3","5","79","152","273","157","333","277","C0231678"
"13068","5428","2","3","2","48","170","50","119","167","593","C0231678"
"13069","1487","2","3","12","19","31","1","426","55","340","C0231678"
"13070","4221","2","3","12","19","31","342","454","573","492","C0231678"
"13071","5077","2","3","3","19","221","321","428","541","667","C0231679"
"13072","1536","2","5","7","34","52","216","395","549","674","C0231679"
"13073","9321","2","3","12","76","153","40","38","54","203","C0231679"
"13074","3240","2","5","7","34","52","216","395","549","674","C0231679"
"13075","5144","2","3","4","68","96","326","427","548","672","C0231679"
"13076","5429","2","3","12","19","31","261","116","1","86","C0231679"
"13077","6866","2","5","4","68","96","326","427","548","672","C0231679"
"13078","7840","2","3","12","76","153","40","38","54","75","C0231679"
"13079","6899","2","5","7","53","184","335","259","560","373","C0231679"
"13080","545","2","3","12","19","31","261","116","1","86","C0231679"
"13081","2155","2","5","7","53","51","119","454","549","674","C0231679"
"13082","5727","2","3","12","68","221","197","259","560","422","C0231679"
"13083","3458","2","5","7","53","184","119","156","287","116","C0231679"
"13084","3040","2","5","5","53","51","342","40","78","178","C0231679"
"13085","773","2","5","8","27","36","166","341","223","628","C0231679"
"13086","5447","2","3","5","91","214","271","372","471","586","C0231679"
"13087","26040","2","3","12","19","31","1","116","297","78","C0231679"
"13088","3557","2","3","12","41","219","339","156","568","697","C0231679"
"13089","51422","2","3","2","48","57","110","141","359","462","C0231679"
"13090","4148","2","5","7","53","51","342","454","573","492","C0231679"
"13091","8626","2","3","3","19","221","321","428","541","667","C0231679"
"13092","5896","2","3","12","41","116","268","434","568","605","C0231686"
"13093","5631","2","3","2","72","119","109","266","336","452","C0231686"
"13094","2623","2","3","12","19","31","1","155","287","116","C0231686"
"13095","3553","2","5","7","53","51","119","25","489","416","C0231686"
"13096","1644","2","3","2","88","79","239","333","258","345","C0231686"
"13097","2737","2","3","12","19","116","321","428","54","667","C0231686"
"13098","1294","2","5","7","53","51","342","454","573","492","C0231686"
"13099","8787","2","5","4","68","96","326","427","548","672","C0231686"
"13100","5290","2","3","7","53","14","20","25","40","186","C0231686"
"13101","2273","2","5","8","63","45","23","103","464","187","C0231686"
"13102","2562","2","5","8","27","70","99","162","216","290","C0231686"
"13103","2934","2","5","7","34","52","216","395","549","674","C0231686"
"13104","3207","2","3","3","19","221","321","428","541","667","C0231686"
"13105","4750","2","5","12","76","14","20","34","540","68","C0231686"
"13106","4593","2","5","7","53","14","20","454","573","492","C0231686"
"13107","5048","2","3","12","76","153","40","38","54","75","C0231686"
"13108","3115","2","5","7","53","184","119","156","287","116","C0231686"
"13109","4327","2","5","7","53","51","342","454","573","492","C0231686"
"13110","57190","2","5","7","11","142","71","341","560","219","C0231686"
"13111","23545","2","3","5","29","88","132","85","222","346","C0231686"
"13112","1543","2","3","5","91","151","276","91","433","118","C0231686"
"13113","26040","2","3","12","19","31","1","116","297","78","C0231686"
"13114","249","2","3","5","27","51","335","444","560","373","C0231686"
"13115","3712","2","3","2","48","170","50","119","444","556","C0231686"
"13116","51741","2","3","2","22","33","323","66","101","127","C0231686"
"13117","1280","2","5","7","53","51","342","454","573","492","C0231686"
"13118","9526","2","3","2","48","69","99","162","216","290","C0231686"
"13119","54880","2","3","12","19","31","1","426","55","78","C0231686"
"13120","3952","2","5","3","53","151","276","91","433","118","C0231686"
"13121","3000","2","5","4","68","96","326","427","548","672","C0231687"
"13122","23020","2","3","2","22","33","323","66","101","136","C0231687"
"13123","8398","2","3","5","116","183","40","38","352","455","C0231687"
"13124","158","2","3","4","96","177","61","373","341","142","C0231687"
"13125","6234","2","3","2","110","85","237","433","547","671","C0231687"
"13126","26277","2","3","12","19","31","1","426","1","78","C0231687"
"13127","4763","2","5","7","60","54","24","30","46","214","C0231687"
"13128","1356","2","3","7","53","51","342","454","573","492","C0231687"
"13129","4489","2","5","6","27","184","261","116","287","116","C0231687"
"13130","4208","2","3","12","19","151","276","91","433","118","C0231687"
"13131","4261","2","3","12","53","184","119","156","287","116","C0231687"
"13132","2779","2","5","4","68","96","326","427","548","672","C0231687"
"13133","55612","2","5","7","60","36","71","177","560","701","C0231687"
"13134","5244","2","3","3","41","151","276","91","433","118","C0231687"
"13135","55112","2","3","12","76","153","40","38","54","75","C0231687"
"13136","6655","2","5","7","60","54","24","30","46","72","C0231687"
"13137","3909","2","5","7","53","51","342","454","573","492","C0231687"
"13138","1583","2","3","5","79","152","273","375","100","589","C0231687"
"13139","2290","2","3","3","19","221","321","428","541","667","C0231687"
"13140","10401","2","3","12","19","31","261","116","1","664","C0231687"
"13141","317","2","5","7","34","52","216","395","549","674","C0231687"
"13142","55630","2","3","5","27","81","99","162","216","290","C0231687"
"13143","51750","2","3","12","19","31","261","116","1","86","C0231687"
"13144","10159","2","5","7","34","52","216","395","549","674","C0231688"
"13145","57805","2","3","12","41","219","339","347","271","356","C0231688"
"13146","2263","2","5","7","53","14","20","25","40","186","C0231688"
"13147","2521","2","3","2","22","33","323","66","101","136","C0231688"
"13148","7291","2","3","12","19","151","276","91","489","416","C0231688"
"13149","9569","2","3","12","19","31","276","91","433","118","C0231688"
"13150","2189","2","3","12","19","31","261","116","1","86","C0231688"
"13151","59","2","5","8","63","45","23","103","464","187","C0231688"
"13152","27031","2","3","6","11","142","225","38","331","506","C0231698"
"13153","1139","2","5","8","27","70","99","162","216","290","C0231698"
"13154","1674","2","5","8","63","45","23","103","464","187","C0231698"
"13155","5771","2","5","7","53","14","296","25","40","186","C0231791"
"13156","80149","2","3","12","41","219","339","156","568","697","C0231791"
"13157","5728","2","3","5","80","81","339","156","568","605","C0231791"
"13158","210","2","3","7","34","52","216","395","549","674","C0231791"
"13159","9569","2","3","12","19","31","276","91","433","118","C0231791"
"13160","2261","2","5","7","53","14","20","25","40","186","C0231791"
"13161","9321","2","3","12","76","153","40","38","54","203","C0231791"
"13162","1230","2","5","4","68","96","326","427","548","672","C0231791"
"13163","2260","2","5","7","53","14","20","25","40","186","C0231791"
"13164","5189","2","3","5","43","161","305","409","208","482","C0231791"
"13165","2200","2","5","7","53","51","342","454","573","492","C0231791"
"13166","2074","2","3","12","19","31","1","426","55","78","C0231791"
"13167","2260","2","5","7","53","14","20","25","40","186","C0231791"
"13168","288","2","5","7","76","153","40","38","54","203","C0231791"
"13169","9927","2","3","12","19","31","118","155","287","116","C0231791"
"13170","3040","2","5","5","53","51","342","40","78","178","C0231791"
"13171","4256","2","5","7","53","51","342","454","573","492","C0231791"
"13172","50945","2","3","3","48","170","335","347","560","373","C0231791"
"13173","2879","2","3","5","80","81","166","378","173","229","C0231791"
"13174","2629","2","3","5","80","81","250","291","152","420","C0231791"
"13175","5605","2","5","7","53","14","20","34","540","68","C0231791"
"13176","6039","2","5","7","34","52","216","395","549","674","C0231791"
"13177","9409","2","3","5","43","161","305","409","208","482","C0231791"
"13178","25836","2","3","12","76","153","40","38","54","75","C0231791"
"13179","2670","2","5","7","27","36","150","341","223","628","C0231807"
"13180","2260","2","5","7","53","14","20","25","40","186","C0231807"
"13181","4990","2","3","3","19","221","321","428","541","667","C0231807"
"13182","51360","2","3","3","26","35","276","91","433","203","C0231807"
"13183","6391","2","3","2","48","170","50","119","444","556","C0231807"
"13184","4780","2","3","12","19","31","276","91","433","118","C0231807"
"13185","5194","2","3","5","43","161","305","409","208","482","C0231807"
"13186","4524","2","3","2","15","166","104","369","117","583","C0231807"
"13187","8074","2","5","7","53","14","20","25","40","186","C0231807"
"13188","5189","2","3","5","43","161","305","409","208","482","C0231807"
"13189","3082","2","5","7","53","51","342","25","40","186","C0231807"
"13190","25970","2","5","7","53","14","20","25","40","116","C0231807"
"13191","4519","2","3","2","48","170","50","119","508","312","C0231807"
"13192","7809","2","5","8","63","45","23","34","464","187","C0231807"
"13193","2260","2","5","7","53","14","20","25","40","186","C0231807"
"13194","9049","2","3","3","41","151","276","378","271","356","C0231807"
"13195","1019","2","3","12","19","31","1","116","1","86","C0231807"
"13196","3586","2","5","7","53","51","119","25","489","416","C0231807"
"13197","5189","2","3","5","43","161","305","409","208","482","C0231807"
"13198","1832","2","5","7","34","52","225","142","220","298","C0231807"
"13199","7531","2","3","2","48","170","110","329","251","533","C0231807"
"13200","27077","2","3","12","76","153","40","38","54","75","C0231807"
"13201","9632","2","3","7","60","153","40","38","54","203","C0231807"
"13202","9241","2","5","7","53","51","342","259","423","389","C0231807"
"13203","3759","2","5","8","63","36","166","106","110","158","C0231835"
"13204","675","2","3","12","19","31","261","116","1","86","C0231835"
"13205","5376","2","5","7","53","51","342","454","573","492","C0231835"
"13206","2022","2","5","7","53","51","342","259","423","389","C0231835"
"13207","7399","2","5","7","53","51","342","454","573","492","C0231835"
"13208","2316","2","5","7","53","51","342","454","573","702","C0231835"
"13209","2720","2","3","7","34","52","216","395","21","599","C0231835"
"13210","54938","2","3","2","110","85","67","76","252","154","C0231835"
"13211","669","2","3","5","90","167","266","441","106","616","C0231835"
"13212","3242","2","3","5","67","92","293","55","308","390","C0231835"
"13213","4791","2","3","12","41","219","339","156","568","697","C0231835"
"13214","6391","2","3","2","48","170","50","119","444","556","C0231835"
"13215","3972","2","5","4","68","96","326","427","548","672","C0231835"
"13216","857","2","5","7","53","45","23","57","83","422","C0231835"
"13217","1302","2","5","7","53","51","342","454","573","492","C0231835"
"13218","54187","2","3","5","80","81","296","272","452","148","C0231835"
"13219","2146","2","3","12","19","31","1","426","55","78","C0231835"
"13220","3569","2","5","7","53","51","342","454","573","416","C0231835"
"13221","6392","2","3","2","48","170","50","119","444","556","C0231835"
"13222","3575","2","5","7","53","51","184","341","544","669","C0231835"
"13223","427","2","3","7","34","52","216","395","549","420","C0232347"
"13224","10518","2","3","2","22","170","50","119","444","556","C0232347"
"13225","5119","2","3","2","48","57","110","141","359","462","C0232347"
"13226","8557","2","5","8","63","45","23","103","464","187","C0232370"
"13227","1161","2","3","12","41","116","268","434","468","213","C0232370"
"13228","2132","2","3","2","74","58","112","148","193","263","C0232370"
"13229","4591","2","3","12","41","116","268","434","468","213","C0232461"
"13230","4952","2","3","5","60","54","184","30","544","669","C0232461"
"13231","3398","2","3","12","19","31","276","91","433","118","C0232461"
"13232","207","2","3","7","53","14","20","34","489","416","C0232461"
"13233","987","2","3","6","48","94","279","347","330","304","C0232461"
"13234","1737","2","3","2","67","92","293","55","75","311","C0232461"
"13235","51119","2","3","2","110","85","237","433","547","671","C0232461"
"13236","843","2","3","12","41","219","339","156","568","697","C0232461"
"13237","3052","2","3","2","48","170","50","119","444","556","C0232461"
"13238","7287","2","5","7","11","142","71","341","560","219","C0232461"
"13239","9361","2","3","2","48","170","50","119","444","556","C0232461"
"13240","3030","2","3","2","48","57","339","44","65","31","C0232461"
"13241","3954","2","3","2","48","170","67","119","444","593","C0232461"
"13242","6949","2","3","2","110","85","237","164","390","311","C0232461"
"13243","6521","2","5","8","35","41","199","40","415","666","C0232461"
"13244","7157","2","3","12","19","31","261","402","489","551","C0232461"
"13245","2328","2","3","5","91","214","226","326","413","530","C0232461"
"13246","2057","2","5","7","53","14","20","25","40","186","C0232461"
"13247","595","2","3","12","19","31","1","426","489","416","C0232461"
"13248","435","2","3","8","84","97","167","210","278","360","C0232461"
"13249","2068","2","3","12","19","31","261","116","159","211","C0232461"
"13250","10297","2","3","12","27","36","150","444","223","628","C0232461"
"13251","10948","2","3","5","54","152","273","119","100","589","C0232461"
"13252","9968","2","4","3","24","119","330","214","454","144","C0232461"
"13253","3458","2","5","7","53","184","119","156","287","116","C0232462"
"13254","1308","2","5","7","53","51","119","454","573","492","C0232462"
"13255","478","2","3","8","63","45","23","366","464","187","C0232462"
"13256","3674","2","5","7","53","51","342","454","573","492","C0232462"
"13257","64127","2","3","12","41","219","339","156","568","697","C0232462"
"13258","26123","2","3","2","76","153","40","38","54","75","C0232462"
"13259","1144","2","5","8","27","70","99","162","216","290","C0232462"
"13260","2138","2","3","12","19","31","1","426","55","78","C0232462"
"13261","127","2","3","2","75","120","200","263","251","40","C0232475"
"13262","5728","2","3","5","80","81","339","156","568","605","C0232475"
"13263","249","2","3","5","27","51","335","444","560","373","C0232513"
"13264","977","2","5","7","53","51","342","454","573","492","C0232513"
"13265","2697","2","3","7","76","153","40","38","54","75","C0232513"
"13266","5184","2","3","5","80","81","166","52","105","349","C0232513"
"13267","4868","2","5","7","53","51","335","25","560","373","C0232513"
"13268","2261","2","5","7","53","14","20","25","40","186","C0232513"
"13269","11284","2","3","12","19","31","261","116","1","86","C0232513"
"13270","9517","2","3","2","50","47","39","100","321","638","C0232513"
"13271","51025","2","3","2","48","170","50","304","167","593","C0232513"
"13272","3265","2","5","7","60","54","24","30","46","72","C0232513"
"13273","8398","2","3","5","116","183","40","38","352","455","C0232513"
"13274","3077","2","5","7","53","51","119","395","549","674","C0232513"
"13275","26281","2","5","7","53","14","20","25","40","186","C0232513"
"13276","4688","2","5","7","60","14","20","25","40","215","C0232513"
"13277","4540","2","3","2","48","170","50","119","444","556","C0232513"
"13278","29110","2","3","12","41","219","339","156","568","697","C0232513"
"13279","55636","2","3","3","19","221","321","428","423","389","C0232513"
"13280","5621","2","5","8","27","36","342","454","573","628","C0232744"
"13281","2296","2","3","3","19","221","321","428","541","667","C0232744"
"13282","4920","2","5","7","53","14","20","259","560","373","C0232744"
"13283","2273","2","5","8","63","45","23","103","464","187","C0232744"
"13284","2697","2","3","7","76","153","40","38","54","75","C0232744"
"13285","3845","2","5","7","60","54","24","30","46","72","C0232744"
"13286","1282","2","5","7","53","51","342","454","573","492","C0232744"
"13287","6929","2","3","12","19","31","1","426","55","78","C0232744"
"13288","5189","2","3","5","43","161","305","409","208","482","C0232744"
"13289","22868","2","3","2","48","182","67","76","463","153","C0232744"
"13290","55636","2","3","3","19","221","321","428","423","389","C0232744"
"13291","8214","2","3","6","11","142","225","142","220","298","C0232744"
"13292","6696","2","5","7","53","51","342","454","573","492","C0232744"
"13293","7389","2","3","2","17","24","51","132","210","123","C0232744"
"13294","23426","2","5","7","42","36","71","177","223","219","C0232744"
"13295","23418","2","5","7","53","36","71","177","560","373","C0232744"
"13296","8302","2","5","7","53","51","119","395","549","674","C0232744"
"13297","26608","2","3","2","22","170","50","119","463","153","C0232744"
"13298","5194","2","3","5","43","161","305","409","208","482","C0232744"
"13299","1230","2","5","4","68","96","326","427","548","672","C0232744"
"13300","540","2","5","8","63","45","23","103","464","187","C0232744"
"13301","7473","2","5","3","68","221","197","259","560","422","C0232744"
"13302","4306","2","3","3","19","151","276","91","433","118","C0232744"
"13303","3587","2","5","7","53","51","119","395","549","674","C0232744"
"13304","4591","2","3","12","41","116","268","434","468","213","C0232831"
"13305","1956","2","5","7","53","14","184","45","544","669","C0232831"
"13306","2253","2","5","7","53","14","20","25","40","186","C0232831"
"13307","5156","2","5","7","53","14","20","25","40","186","C0232831"
"13308","6548","2","3","2","45","94","199","240","415","326","C0232831"
"13309","2548","2","3","7","34","52","216","395","549","674","C0232940"
"13310","57082","2","3","12","76","153","40","38","54","75","C0232940"
"13311","2263","2","5","7","53","14","20","25","40","186","C0232940"
"13312","54332","2","3","2","60","170","40","98","66","203","C0232940"
"13313","10084","2","3","2","22","33","323","66","101","136","C0232940"
"13314","3576","2","5","4","68","96","326","427","548","672","C0232940"
"13315","1029","2","3","12","19","31","1","116","1","664","C0232940"
"13316","23363","2","3","12","41","116","268","434","468","213","C0232940"
"13317","3664","2","5","7","53","184","119","156","287","116","C0232940"
"13318","7050","2","3","12","19","31","321","428","541","667","C0232940"
"13319","2175","2","3","12","19","31","261","116","1","86","C0232940"
"13320","4287","2","3","12","41","116","268","434","468","215","C0232940"
"13321","50616","2","5","7","53","51","119","25","40","186","C0232940"
"13322","701","2","3","12","76","153","40","38","54","75","C0232940"
"13323","3759","2","5","8","63","36","166","106","110","158","C0232940"
"13324","4313","2","5","7","53","51","342","454","573","492","C0232940"
"13325","5167","2","3","5","32","93","163","207","303","126","C0232940"
"13326","1583","2","3","5","79","152","273","375","100","589","C0232940"
"13327","2581","2","3","5","80","81","250","291","152","420","C0232940"
"13328","2316","2","5","7","53","51","342","454","573","702","C0232940"
"13329","23639","2","3","12","41","219","261","136","271","356","C0232940"
"13330","2969","2","3","12","19","31","276","91","433","118","C0232940"
"13331","148","2","5","4","68","96","326","427","548","672","C0232940"
"13332","949","2","5","5","45","94","199","240","415","666","C0232943"
"13333","7080","2","3","3","19","221","321","428","541","667","C0232943"
"13334","22999","2","5","7","60","36","71","341","223","219","C0232943"
"13335","717","2","5","7","53","51","119","395","549","674","C0232943"
"13336","1514","2","5","7","53","51","342","454","573","492","C0233477"
"13337","2623","2","3","12","19","31","1","155","287","116","C0233477"
"13338","7476","2","5","3","68","221","197","259","560","422","C0233477"
"13339","10743","2","3","3","19","151","276","91","433","118","C0233477"
"13340","6833","2","5","8","45","36","166","240","415","666","C0233477"
"13341","1301","2","5","7","53","51","342","454","573","492","C0233477"
"13342","1522","2","5","7","34","52","216","395","549","674","C0233477"
"13343","5159","2","5","7","53","14","20","25","40","186","C0233593"
"13344","2068","2","3","12","19","31","261","116","159","211","C0233593"
"13345","5340","2","5","7","53","51","342","454","573","492","C0233762"
"13346","3630","2","5","7","53","14","20","25","40","186","C0233762"
"13347","23742","2","5","5","68","96","326","427","447","586","C0233763"
"13348","5346","2","3","3","19","151","276","91","433","118","C0233763"
"13349","3845","2","5","7","60","54","24","30","46","72","C0233763"
"13350","4099","2","5","7","27","51","150","444","223","628","C0233763"
"13351","7227","2","3","12","19","31","276","91","433","118","C0233763"
"13352","3651","2","3","3","19","221","321","428","541","667","C0233763"
"13353","50964","2","5","3","68","221","197","259","423","422","C0233844"
"13354","732","2","5","7","53","51","119","395","549","674","C0233844"
"13355","3569","2","5","7","53","51","342","454","573","416","C0233844"
"13356","6660","2","3","3","19","221","321","428","541","667","C0233844"
"13357","3284","2","3","2","69","98","169","299","183","243","C0233844"
"13358","5741","2","5","4","68","96","326","427","548","672","C0233844"
"13359","3909","2","5","7","53","51","342","454","573","492","C0233844"
"13360","6103","2","3","12","76","153","40","38","54","75","C0234132"
"13361","811","2","3","2","41","116","342","423","536","342","C0234132"
"13362","673","2","5","7","53","14","20","34","540","68","C0234132"
"13363","861","2","3","12","19","31","1","426","55","78","C0234132"
"13364","4318","2","5","7","34","52","216","395","573","492","C0234132"
"13365","844","2","5","8","63","45","23","34","464","187","C0234132"
"13366","411","2","3","7","34","52","216","395","549","674","C0234132"
"13367","54487","2","3","2","22","33","323","66","101","136","C0234132"
"13368","6913","2","3","3","19","221","321","428","541","667","C0234132"
"13369","1301","2","5","7","53","51","342","454","573","492","C0234132"
"13370","4853","2","3","12","19","124","143","428","236","667","C0234132"
"13371","6499","2","3","2","110","85","237","433","547","671","C0234132"
"13372","9742","2","3","12","76","153","40","38","54","75","C0234132"
"13373","538","2","3","8","63","45","23","103","464","187","C0234132"
"13374","6223","2","3","2","110","85","237","433","547","671","C0234132"
"13375","7415","2","3","7","34","52","216","395","536","445","C0234132"
"13376","30008","2","5","7","53","51","342","454","573","492","C0234132"
"13377","4010","2","3","3","19","221","321","428","541","667","C0234132"
"13378","9968","2","4","3","24","119","330","214","454","144","C0234132"
"13379","7473","2","5","3","68","221","197","259","560","422","C0234132"
"13380","27031","2","3","6","11","142","225","38","331","506","C0234132"
"13381","2188","2","3","12","19","31","261","116","1","86","C0234132"
"13382","4683","2","3","12","19","31","261","116","1","86","C0234132"
"13383","54941","2","3","12","41","116","268","434","468","213","C0234132"
"13384","5727","2","3","12","68","221","197","259","560","422","C0234132"
"13385","6392","2","3","2","48","170","50","119","444","556","C0234132"
"13386","3458","2","5","7","53","184","119","156","287","116","C0234132"
"13387","54903","2","3","12","76","153","40","38","54","75","C0234132"
"13388","23474","2","3","12","19","31","1","91","433","118","C0234133"
"13389","26503","2","3","2","89","124","204","272","347","442","C0234133"
"13390","10269","2","3","2","48","182","50","119","444","556","C0234133"
"13391","54205","2","3","2","48","170","50","119","444","556","C0234133"
"13392","4000","2","3","12","26","105","178","226","297","156","C0234133"
"13393","3339","2","5","7","53","51","342","454","573","492","C0234133"
"13394","5520","2","3","2","110","85","237","433","547","671","C0234133"
"13395","3991","2","3","5","80","81","166","57","83","658","C0234133"
"13396","3265","2","5","7","60","54","24","30","46","72","C0234133"
"13397","2006","2","5","7","53","51","342","454","573","492","C0234133"
"13398","5290","2","3","7","53","14","20","25","40","186","C0234133"
"13399","4524","2","3","2","15","166","104","369","117","583","C0234133"
"13400","1543","2","3","5","91","151","276","91","433","118","C0234133"
"13401","23321","2","5","7","53","184","119","156","287","116","C0234133"
"13402","8878","2","3","12","41","219","339","156","568","697","C0234133"
"13403","1571","2","3","5","91","214","271","372","471","26","C0234133"
"13404","7066","2","5","7","53","51","119","25","573","416","C0234133"
"13405","25782","2","5","7","60","54","24","30","46","72","C0234133"
"13406","5290","2","3","7","53","14","20","25","40","186","C0234133"
"13407","9993","2","5","7","53","51","342","454","573","492","C0234133"
"13408","5015","2","3","3","19","221","321","428","541","667","C0234133"
"13409","51259","2","3","2","76","153","40","38","54","75","C0234133"
"13410","6655","2","5","7","60","54","24","30","46","72","C0234133"
"13411","54551","2","3","12","41","219","197","156","568","422","C0234133"
"13412","10913","2","3","12","41","219","339","156","568","697","C0234133"
"13413","7547","2","3","3","19","221","321","428","541","667","C0234133"
"13414","8481","2","3","12","76","153","40","38","54","75","C0234133"
"13415","26229","2","3","2","74","205","191","396","408","257","C0234133"
"13416","3590","2","5","7","53","51","119","25","40","416","C0234133"
"13417","8450","2","3","12","41","116","268","434","468","213","C0234144"
"13418","2719","2","5","7","53","51","342","454","573","492","C0234144"
"13419","4916","2","5","7","53","14","20","25","447","186","C0234144"
"13420","3845","2","5","7","60","54","24","30","46","72","C0234144"
"13421","7421","2","3","3","19","151","276","91","433","118","C0234144"
"13422","1186","2","5","8","63","45","23","34","464","187","C0234144"
"13423","1387","2","3","12","19","31","276","91","433","118","C0234144"
"13424","5351","2","5","7","53","51","342","454","573","492","C0234144"
"13425","2072","2","3","12","19","31","261","116","1","86","C0234144"
"13426","4087","2","3","12","19","219","339","259","423","605","C0234144"
"13427","2629","2","3","5","80","81","250","291","152","420","C0234144"
"13428","8195","2","3","12","76","153","76","38","54","75","C0234144"
"13429","51807","2","3","12","76","153","40","38","54","75","C0234144"
"13430","10269","2","3","2","48","182","50","119","444","556","C0234144"
"13431","27161","2","3","2","22","33","323","141","359","194","C0234144"
"13432","2178","2","3","12","19","31","261","116","1","86","C0234144"
"13433","65057","2","3","12","19","31","1","426","55","78","C0234166"
"13434","5521","2","3","12","76","137","76","136","472","435","C0234166"
"13435","2934","2","5","7","34","52","216","395","549","674","C0234166"
"13436","941","2","5","7","53","51","119","25","40","186","C0234166"
"13437","149233","2","5","7","53","51","119","25","489","416","C0234166"
"13438","7066","2","5","7","53","51","119","25","573","416","C0234166"
"13439","8195","2","3","12","76","153","76","38","54","75","C0234166"
"13440","55669","2","3","12","19","31","118","155","287","116","C0234166"
"13441","2263","2","5","7","53","14","20","25","40","186","C0234182"
"13442","25836","2","3","12","76","153","40","38","54","75","C0234182"
"13443","5443","2","5","4","68","96","326","427","548","672","C0234182"
"13444","3852","2","1","6","11","142","225","142","220","298","C0234182"
"13445","1487","2","3","12","19","31","1","426","55","340","C0234182"
"13446","3930","2","3","2","22","33","323","66","3","464","C0234182"
"13447","10758","2","3","12","41","219","339","156","568","697","C0234182"
"13448","3764","2","5","8","63","36","166","106","110","158","C0234182"
"13449","3315","2","3","12","41","181","160","362","402","215","C0234182"
"13450","23742","2","5","5","68","96","326","427","447","586","C0234182"
"13451","2705","2","3","12","76","153","40","38","54","75","C0234182"
"13452","1410","2","3","12","63","45","23","38","54","187","C0234182"
"13453","1387","2","3","12","19","31","276","91","433","118","C0234182"
"13454","54499","2","3","2","48","170","50","119","444","593","C0234182"
"13455","3909","2","5","7","53","51","342","454","573","492","C0234182"
"13456","51715","2","5","7","60","54","24","30","46","72","C0234182"
"13457","8216","2","3","12","41","119","330","214","454","144","C0234182"
"13458","6648","2","3","2","95","151","160","378","173","229","C0234182"
"13459","57674","2","3","12","41","116","268","434","468","213","C0234182"
"13460","1191","2","5","7","53","51","342","454","573","702","C0234182"
"13461","1278","2","5","7","53","51","342","454","573","492","C0234182"
"13462","2147","2","5","7","68","51","342","454","573","492","C0234182"
"13463","3643","2","5","7","53","14","20","25","40","186","C0234182"
"13464","23229","2","5","7","60","54","24","30","46","72","C0234182"
"13465","50943","2","3","12","19","31","1","426","129","131","C0234376"
"13466","9211","2","5","7","27","36","150","341","223","628","C0234376"
"13467","1356","2","3","7","53","51","342","454","573","492","C0234376"
"13468","1471","2","5","7","34","52","216","395","549","492","C0234376"
"13469","2911","2","5","4","68","96","326","427","548","672","C0234376"
"13470","3081","2","3","2","91","51","3","267","308","429","C0234376"
"13471","3576","2","5","4","68","96","326","427","548","672","C0234376"
"13472","2706","2","3","12","76","153","40","38","54","75","C0234376"
"13473","1409","2","3","12","76","153","40","38","54","75","C0234376"
"13474","6606","2","3","2","22","33","323","66","101","136","C0234376"
"13475","5194","2","3","5","43","161","305","409","208","482","C0234376"
"13476","6569","2","3","8","45","94","199","240","415","666","C0234376"
"13477","5373","2","3","2","90","167","123","158","207","278","C0234376"
"13478","4621","2","5","8","63","45","23","103","464","187","C0234376"
"13479","2316","2","5","7","53","51","342","454","573","702","C0234376"
"13480","5443","2","5","4","68","96","326","427","548","672","C0234376"
"13481","54808","2","3","12","76","153","40","38","54","75","C0234376"
"13482","3107","2","5","7","34","52","119","395","549","674","C0234376"
"13483","659","2","5","7","53","14","20","259","423","389","C0234376"
"13484","6135","2","3","2","110","85","237","433","547","671","C0234376"
"13485","3178","2","3","2","22","33","323","66","101","136","C0234376"
"13486","538","2","3","8","63","45","23","103","464","187","C0234376"
"13487","4359","2","5","7","53","51","342","454","573","492","C0234378"
"13488","2313","2","3","12","19","31","276","91","433","118","C0234378"
"13489","4000","2","3","12","26","105","178","226","297","156","C0234378"
"13490","1650","2","5","7","34","52","216","395","549","674","C0234378"
"13491","1186","2","5","8","63","45","23","34","464","187","C0234378"
"13492","1103","2","3","2","67","92","293","55","75","311","C0234378"
"13493","4000","2","3","12","26","105","178","226","297","156","C0234378"
"13494","2566","2","5","8","27","70","99","162","216","290","C0234378"
"13495","3949","2","5","7","60","14","184","341","544","669","C0234378"
"13496","5982","2","3","12","19","31","261","116","1","86","C0234378"
"13497","2121","2","3","12","41","116","268","434","568","605","C0234378"
"13498","1299","2","5","7","53","51","342","454","573","492","C0234378"
"13499","22900","2","3","12","41","219","339","156","568","697","C0234378"
"13500","6559","2","5","8","45","94","199","240","415","666","C0234378"
"13501","5308","2","3","3","19","221","321","428","541","667","C0234378"
"13502","6505","2","3","2","45","94","199","240","415","666","C0234378"
"13503","1544","2","3","5","91","214","271","372","471","586","C0234378"
"13504","2260","2","5","7","53","14","20","25","40","186","C0234378"
"13505","3066","2","3","12","19","31","1","426","55","78","C0234378"
"13506","55703","2","3","2","22","33","261","116","159","211","C0234378"
"13507","659","2","5","7","53","14","20","259","423","389","C0234378"
"13508","3146","2","5","7","34","52","216","395","549","674","C0234379"
"13509","9241","2","5","7","53","51","342","259","423","389","C0234379"
"13510","4535","2","3","2","48","170","50","119","444","556","C0234379"
"13511","6609","2","3","5","105","155","250","291","152","420","C0234379"
"13512","335","2","5","7","53","51","342","454","573","492","C0234379"
"13513","6777","2","5","7","53","14","20","25","40","186","C0234379"
"13514","843","2","3","12","41","219","339","156","568","697","C0234379"
"13515","23111","2","3","12","41","219","339","156","568","697","C0234379"
"13516","7248","2","3","2","48","57","110","141","359","462","C0234379"
"13517","2706","2","3","12","76","153","40","38","54","75","C0234428"
"13518","1280","2","5","7","53","51","342","454","573","492","C0234428"
"13519","3914","2","5","7","53","51","342","454","573","492","C0234428"
"13520","1062","2","3","12","76","153","40","38","54","75","C0234428"
"13521","4854","2","5","7","53","51","143","428","236","667","C0234428"
"13522","10195","2","3","2","48","69","99","162","216","290","C0234428"
"13523","26040","2","3","12","19","31","1","116","297","78","C0234428"
"13524","5830","2","3","5","43","161","305","409","208","482","C0234428"
"13525","4221","2","3","12","19","31","342","454","573","492","C0234428"
"13526","10269","2","3","2","48","182","50","119","444","556","C0234428"
"13527","7480","2","5","3","68","221","197","259","560","422","C0234428"
"13528","8322","2","5","3","68","221","184","259","544","669","C0234428"
"13529","23746","2","3","12","41","83","101","126","271","356","C0234517"
"13530","8504","2","3","5","47","144","185","238","310","392","C0234517"
"13531","4359","2","5","7","53","51","342","454","573","492","C0234518"
"13532","5192","2","3","5","43","161","305","409","208","482","C0234518"
"13533","2006","2","5","7","53","51","342","454","573","492","C0234518"
"13534","5195","2","3","5","43","161","305","409","208","482","C0234518"
"13535","617","2","3","2","48","170","50","304","167","593","C0234518"
"13536","51750","2","3","12","19","31","261","116","1","86","C0234518"
"13537","477","2","3","8","63","45","23","103","464","187","C0234518"
"13538","6792","2","5","7","53","14","20","34","540","68","C0234533"
"13539","3785","2","5","8","63","36","166","106","110","158","C0234533"
"13540","23461","2","3","5","47","144","185","238","310","392","C0234533"
"13541","8626","2","3","3","19","221","321","428","541","667","C0234533"
"13542","5265","2","5","7","34","52","216","395","573","702","C0234533"
"13543","10743","2","3","3","19","151","276","91","433","118","C0234533"
"13544","3557","2","3","12","41","219","339","156","568","697","C0234533"
"13545","5740","2","3","5","91","175","279","167","224","301","C0234533"
"13546","4286","2","3","12","19","31","261","116","1","664","C0234533"
"13547","9820","2","3","12","41","116","268","434","468","213","C0234629"
"13548","2719","2","5","7","53","51","342","454","573","492","C0234629"
"13549","5830","2","3","5","43","161","305","409","208","482","C0234629"
"13550","51520","2","3","2","110","85","237","433","547","154","C0234629"
"13551","4538","2","3","2","48","170","50","119","444","556","C0234629"
"13552","5251","2","3","5","80","81","296","474","593","722","C0234629"
"13553","4935","2","5","4","68","96","326","427","548","672","C0234629"
"13554","8139","2","3","12","41","116","268","434","468","213","C0234629"
"13555","5162","2","3","2","67","92","293","55","75","311","C0234629"
"13556","2317","2","5","7","63","45","23","103","287","664","C0234629"
"13557","54567","2","5","7","53","51","143","428","236","667","C0234629"
"13558","26503","2","3","2","89","124","204","272","347","442","C0234629"
"13559","2324","2","5","7","53","14","20","25","40","186","C0234629"
"13560","1308","2","5","7","53","51","119","454","573","492","C0234629"
"13561","10617","2","3","12","48","57","110","141","359","462","C0234629"
"13562","23495","2","3","12","41","219","339","156","568","697","C0234629"
"13563","3569","2","5","7","53","51","342","454","573","416","C0234629"
"13564","4719","2","3","2","48","170","50","119","444","556","C0234629"
"13565","4669","2","3","5","80","81","166","454","453","492","C0234629"
"13566","5020","2","5","4","68","96","326","427","548","672","C0234629"
"13567","2328","2","3","5","91","214","226","326","413","530","C0234629"
"13568","240","2","3","7","34","52","216","395","489","416","C0234629"
"13569","23322","2","3","12","76","153","40","38","54","75","C0234629"
"13570","238","2","5","7","53","14","20","25","40","186","C0234629"
"13571","9321","2","3","12","76","153","40","38","54","203","C0234629"
"13572","4920","2","5","7","53","14","20","259","560","373","C0234629"
"13573","2155","2","5","7","53","51","119","454","549","674","C0234629"
"13574","3576","2","5","4","68","96","326","427","548","672","C0234629"
"13575","1855","2","5","12","76","153","197","259","560","422","C0234629"
"13576","2317","2","5","7","63","45","23","103","287","664","C0234629"
"13577","8626","2","3","3","19","221","321","428","541","667","C0234629"
"13578","5447","2","3","5","91","214","271","372","471","586","C0234708"
"13579","22999","2","5","7","60","36","71","341","223","219","C0234708"
"13580","3762","2","5","8","63","36","166","106","110","158","C0234708"
"13581","10804","2","3","12","76","153","40","38","54","75","C0234708"
"13582","6462","2","5","7","63","45","23","444","464","373","C0234853"
"13583","8292","2","5","5","27","51","342","454","573","492","C0234853"
"13584","2719","2","5","7","53","51","342","454","573","492","C0234853"
"13585","8200","2","5","7","53","51","342","259","423","389","C0234860"
"13586","27031","2","3","6","11","142","225","38","331","506","C0234860"
"13587","2312","2","1","6","11","142","225","142","220","298","C0234860"
"13588","1356","2","3","7","53","51","342","454","573","492","C0234860"
"13589","1387","2","3","12","19","31","276","91","433","118","C0234860"
"13590","1312","2","3","2","87","79","105","426","129","25","C0234860"
"13591","7248","2","3","2","48","57","110","141","359","462","C0234860"
"13592","9440","2","4","3","24","119","330","214","454","144","C0234860"
"13593","9496","2","5","6","11","142","225","142","220","673","C0234860"
"13594","55699","2","3","2","110","85","67","76","252","154","C0234860"
"13595","10804","2","3","12","76","153","40","38","54","75","C0234860"
"13596","3952","2","5","3","53","151","276","91","433","118","C0234860"
"13597","6628","2","3","2","22","33","323","66","101","136","C0234860"
"13598","6648","2","3","2","95","151","160","378","173","229","C0234860"
"13599","2317","2","5","7","63","45","23","103","287","664","C0234860"
"13600","6399","2","5","7","60","54","24","30","46","72","C0234860"
"13601","5994","2","3","12","19","31","276","91","491","118","C0234860"
"13602","4286","2","3","12","19","31","261","116","1","664","C0234861"
"13603","2121","2","3","12","41","116","268","434","568","605","C0234861"
"13604","54386","2","3","12","19","31","261","116","1","78","C0234967"
"13605","25782","2","5","7","60","54","24","30","46","72","C0234967"
"13606","8626","2","3","3","19","221","321","428","541","667","C0234967"
"13607","2492","2","5","4","68","96","326","427","548","672","C0234967"
"13608","6495","2","3","3","19","221","321","428","541","667","C0234967"
"13609","9509","2","5","7","53","51","342","454","573","492","C0234967"
"13610","25861","2","5","7","42","36","71","177","223","219","C0234967"
"13611","5829","2","5","7","53","14","20","25","40","701","C0234967"
"13612","57369","2","3","12","76","153","40","38","54","75","C0234967"
"13613","6390","2","3","2","48","170","50","119","444","556","C0234967"
"13614","26277","2","3","12","19","31","1","426","1","78","C0234967"
"13615","2152","2","5","7","53","51","119","454","549","674","C0234967"
"13616","3594","2","5","7","53","51","119","25","560","373","C0234967"
"13617","2697","2","3","7","76","153","40","38","54","75","C0234967"
"13618","6567","2","5","8","35","41","77","40","57","80","C0234967"
"13619","256297","2","3","3","19","221","321","428","541","667","C0234967"
"13620","5073","2","3","2","110","85","323","433","146","194","C0234967"
"13621","716","2","5","7","53","51","119","395","549","674","C0234967"
"13622","54714","2","5","8","63","36","166","106","110","158","C0234967"
"13623","10312","2","3","7","34","52","216","395","549","674","C0234967"
"13624","4893","2","5","7","34","52","24","30","46","72","C0234967"
"13625","2263","2","5","7","53","14","20","25","40","186","C0234967"
"13626","1513","2","5","7","53","51","342","454","573","492","C0234967"
"13627","10483","2","3","7","60","54","24","30","46","72","C0234967"
"13628","87","2","5","7","53","51","342","454","573","702","C0234967"
"13629","7169","2","5","8","63","45","23","103","464","187","C0234967"
"13630","861","2","3","12","19","31","1","426","55","78","C0234967"
"13631","5589","2","5","7","53","51","342","454","573","492","C0234967"
"13632","4683","2","3","12","19","31","261","116","1","86","C0234967"
"13633","1147","2","3","12","41","219","339","156","568","697","C0234967"
"13634","3060","2","5","4","68","96","326","427","548","672","C0234967"
"13635","1581","2","3","5","19","151","276","91","433","118","C0234967"
"13636","10312","2","3","7","34","52","216","395","549","674","C0234974"
"13637","5216","2","5","7","76","153","342","38","54","702","C0234974"
"13638","4990","2","3","3","19","221","321","428","541","667","C0234979"
"13639","3481","2","5","7","53","51","342","454","573","492","C0234979"
"13640","50964","2","5","3","68","221","197","259","423","422","C0234979"
"13641","55624","2","3","2","78","123","194","255","215","412","C0234979"
"13642","9640","2","3","12","19","31","261","116","159","211","C0234979"
"13643","5727","2","3","12","68","221","197","259","560","422","C0234979"
"13644","9401","2","3","12","76","31","261","116","1","86","C0234979"
"13645","8813","2","3","2","48","116","142","136","280","363","C0234979"
"13646","1301","2","5","7","53","51","342","454","573","492","C0234979"
"13647","7287","2","5","7","11","142","71","341","560","219","C0234979"
"13648","10643","2","3","2","22","33","323","66","101","136","C0234979"
"13649","7169","2","5","8","63","45","23","103","464","187","C0234979"
"13650","2688","2","5","7","53","51","119","25","40","186","C0234979"
"13651","1861","2","5","7","60","14","184","341","544","669","C0234979"
"13652","2335","2","5","7","53","51","342","454","573","492","C0234979"
"13653","9731","2","3","12","76","153","40","38","54","75","C0234979"
"13654","9517","2","3","2","50","47","39","100","321","638","C0234979"
"13655","5728","2","3","5","80","81","339","156","568","605","C0234979"
"13656","6899","2","5","7","53","184","335","259","560","373","C0234979"
"13657","5265","2","5","7","34","52","216","395","573","702","C0234979"
"13658","338","2","5","7","53","51","342","454","573","492","C0234979"
"13659","8085","2","3","12","19","31","1","426","55","78","C0234979"
"13660","4591","2","3","12","41","116","268","434","468","213","C0234979"
"13661","538","2","3","8","63","45","23","103","464","187","C0234979"
"13662","55750","2","3","2","42","18","184","118","543","214","C0234979"
"13663","23639","2","3","12","41","219","261","136","271","356","C0234985"
"13664","85378","2","3","12","76","153","40","38","54","75","C0234985"
"13665","4792","2","3","12","41","219","339","156","568","605","C0234985"
"13666","5594","2","5","7","34","14","20","34","540","274","C0234985"
"13667","3730","2","5","7","53","14","20","25","40","186","C0234985"
"13668","355","2","3","7","41","219","339","156","568","697","C0234985"
"13669","128178","2","3","12","41","219","339","156","568","697","C0234985"
"13670","10269","2","3","2","48","182","50","119","444","556","C0234985"
"13671","973","2","5","7","53","14","20","25","40","186","C0234985"
"13672","10483","2","3","7","60","54","24","30","46","72","C0234985"
"13673","26160","2","3","12","76","153","40","38","54","75","C0234985"
"13674","5784","2","5","7","42","81","296","399","201","274","C0234985"
"13675","3516","2","3","12","19","31","143","428","236","667","C0234985"
"13676","7450","2","5","7","53","51","342","454","573","492","C0234985"
"13677","4792","2","3","12","41","219","339","156","568","605","C0234985"
"13678","4689","2","5","7","60","14","20","25","40","215","C0234985"
"13679","50615","2","5","7","53","51","119","25","40","186","C0234985"
"13680","5077","2","3","3","19","221","321","428","541","667","C0234985"
"13681","8139","2","3","12","41","116","268","434","468","213","C0234985"
"13682","673","2","5","7","53","14","20","34","540","68","C0234985"
"13683","4843","2","3","5","43","161","305","409","489","416","C0234985"
"13684","54790","2","3","12","19","31","1","426","55","78","C0234985"
"13685","7098","2","5","7","41","219","339","156","568","697","C0234985"
"13686","51360","2","3","3","26","35","276","91","433","203","C0234985"
"13687","4854","2","5","7","53","51","143","428","236","667","C0234985"
"13688","8626","2","3","3","19","221","321","428","541","667","C0234985"
"13689","3586","2","5","7","53","51","119","25","489","416","C0234985"
"13690","7292","2","5","12","41","219","339","156","568","697","C0234985"
"13691","5906","2","5","7","34","52","216","30","46","72","C0234985"
"13692","5727","2","3","12","68","221","197","259","560","422","C0234985"
"13693","6913","2","3","3","19","221","321","428","541","667","C0234985"
"13694","3735","2","3","2","110","85","237","433","252","154","C0234985"
"13695","1729","2","5","7","34","52","216","395","549","674","C0235025"
"13696","2328","2","3","5","91","214","226","326","413","530","C0235025"
"13697","6654","2","5","7","60","54","24","30","46","72","C0235025"
"13698","6347","2","5","7","53","51","119","427","489","416","C0235025"
"13699","4983","2","5","7","60","54","24","30","46","72","C0235032"
"13700","2131","2","3","2","74","58","112","148","181","416","C0235032"
"13701","5826","2","3","7","48","161","105","139","186","245","C0235032"
"13702","8504","2","3","5","47","144","185","238","310","392","C0235032"
"13703","4671","2","3","12","41","219","339","156","568","697","C0235032"
"13704","3613","2","3","5","80","81","296","399","162","216","C0235032"
"13705","50964","2","5","3","68","221","197","259","423","422","C0235032"
"13706","27030","2","3","12","19","31","1","426","55","78","C0235032"
"13707","6331","2","5","8","63","36","166","341","223","158","C0235032"
"13708","28982","2","3","5","25","44","165","101","274","358","C0235032"
"13709","22995","2","3","12","76","153","40","38","54","75","C0235032"
"13710","8216","2","3","12","41","119","330","214","454","144","C0235032"
"13711","51259","2","3","2","76","153","40","38","54","75","C0235032"
"13712","6337","2","5","8","63","45","23","34","464","187","C0235032"
"13713","2261","2","5","7","53","14","20","25","40","186","C0235032"
"13714","6772","2","3","12","53","184","119","156","287","116","C0235032"
"13715","773","2","5","8","27","36","166","341","223","628","C0235032"
"13716","208","2","5","7","53","14","20","34","540","68","C0235032"
"13717","64327","2","5","4","68","96","326","427","548","672","C0235032"
"13718","23435","2","3","2","22","33","323","66","101","136","C0235032"
"13719","189","2","3","5","43","161","305","409","208","482","C0235032"
"13720","7473","2","5","3","68","221","197","259","560","422","C0235032"
"13721","3066","2","3","12","19","31","1","426","55","78","C0235032"
"13722","22845","2","3","2","48","68","125","161","214","288","C0235032"
"13723","2697","2","3","7","76","153","40","38","54","75","C0235032"
"13724","22861","2","3","12","41","219","339","156","568","697","C0235032"
"13725","2260","2","5","7","53","14","20","25","40","186","C0235063"
"13726","8504","2","3","5","47","144","185","238","310","392","C0235063"
"13727","3766","2","5","8","63","36","166","106","110","158","C0235063"
"13728","7486","2","3","12","19","31","261","116","1","86","C0235063"
"13729","53834","2","5","7","53","51","342","454","573","492","C0235063"
"13730","3730","2","5","7","53","14","20","25","40","186","C0235063"
"13731","8076","2","5","7","53","51","342","454","573","492","C0235063"
"13732","4771","2","5","7","60","36","71","177","64","215","C0235063"
"13733","116449","2","5","7","53","14","20","25","40","186","C0235063"
"13734","10381","2","3","12","76","153","40","38","54","75","C0235063"
"13735","2778","2","5","4","68","96","326","427","548","672","C0235063"
"13736","8622","2","3","4","68","96","326","427","548","672","C0235081"
"13737","2705","2","3","12","76","153","40","38","54","75","C0235081"
"13738","124997","2","3","2","48","81","266","369","117","583","C0235259"
"13739","10733","2","3","12","76","153","40","38","54","75","C0235259"
"13740","498","2","3","2","48","170","50","304","167","593","C0235259"
"13741","2248","2","5","7","53","14","20","25","40","186","C0235259"
"13742","10002","2","3","3","19","151","276","91","433","118","C0235259"
"13743","5781","2","5","7","53","14","20","25","40","186","C0235357"
"13744","1302","2","5","7","53","51","342","454","573","492","C0235357"
"13745","30008","2","5","7","53","51","342","454","573","492","C0235357"
"13746","338","2","5","7","53","51","342","454","573","492","C0235357"
"13747","10324","2","3","12","41","116","268","434","468","213","C0235357"
"13748","1583","2","3","5","79","152","273","375","100","589","C0235357"
"13749","3758","2","5","8","63","36","166","106","110","158","C0235357"
"13750","7249","2","3","7","60","57","110","141","359","462","C0235430"
"13751","54941","2","3","12","41","116","268","434","468","213","C0235430"
"13752","3861","2","1","6","11","142","225","142","220","298","C0235430"
"13753","790","2","3","12","41","219","339","347","206","627","C0235430"
"13754","4853","2","3","12","19","124","143","428","236","667","C0235430"
"13755","5896","2","3","12","41","116","268","434","568","605","C0235430"
"13756","9499","2","5","7","53","51","23","103","464","187","C0235430"
"13757","5336","2","3","7","53","14","20","25","40","215","C0235430"
"13758","673","2","5","7","53","14","20","34","540","68","C0235430"
"13759","25974","2","3","7","48","51","105","139","186","245","C0235430"
"13760","1524","2","5","4","68","96","326","427","548","672","C0235430"
"13761","207","2","3","7","53","14","20","34","489","416","C0235480"
"13762","4860","2","3","7","34","52","216","395","549","150","C0235480"
"13763","25959","2","3","3","19","151","276","91","433","118","C0235480"
"13764","2253","2","5","7","53","14","20","25","40","186","C0235480"
"13765","9939","2","3","2","22","33","323","66","101","136","C0235480"
"13766","9607","2","5","4","68","96","326","427","548","672","C0235480"
"13767","4352","2","5","7","53","14","20","25","40","186","C0235480"
"13768","8514","2","5","7","34","52","216","395","549","674","C0235480"
"13769","9907","2","3","5","27","142","335","444","560","214","C0235480"
"13770","4359","2","5","7","53","51","342","454","573","492","C0235752"
"13771","6891","2","3","12","41","116","119","156","568","116","C0235752"
"13772","1646","2","3","2","46","136","227","168","225","490","C0235752"
"13773","4312","2","5","7","53","51","342","454","573","492","C0235752"
"13774","196","2","3","3","19","151","276","91","433","118","C0235752"
"13775","8924","2","3","12","41","116","268","434","468","213","C0235752"
"13776","23204","2","3","2","48","57","110","141","359","462","C0235752"
"13777","9928","2","3","12","76","153","40","38","54","75","C0235752"
"13778","51741","2","3","2","22","33","323","66","101","127","C0235857"
"13779","7046","2","3","12","41","219","339","259","423","605","C0235857"
"13780","54345","2","5","3","19","221","321","428","541","667","C0235857"
"13781","3861","2","1","6","11","142","225","142","220","298","C0235886"
"13782","6473","2","3","3","19","221","321","428","541","667","C0235886"
"13783","8642","2","5","7","53","51","335","444","560","373","C0235886"
"13784","2303","2","5","3","19","221","321","428","541","667","C0235896"
"13785","3861","2","1","6","11","142","225","142","220","298","C0235896"
"13786","2222","2","3","2","19","151","276","91","433","118","C0235896"
"13787","4255","2","3","12","19","31","261","116","1","86","C0235896"
"13788","22868","2","3","2","48","182","67","76","463","153","C0235896"
"13789","6314","2","3","12","19","31","1","426","568","78","C0235896"
"13790","55651","2","3","2","110","85","237","433","547","671","C0235896"
"13791","55135","2","3","12","76","137","76","136","472","435","C0235896"
"13792","2990","2","3","7","34","52","216","395","549","674","C0235896"
"13793","843","2","3","12","41","219","339","156","568","697","C0235896"
"13794","4000","2","3","12","26","105","178","226","297","156","C0235896"
"13795","10459","2","3","12","76","31","261","116","1","86","C0235896"
"13796","8260","2","3","12","41","85","266","76","287","78","C0235896"
"13797","4729","2","3","2","48","170","50","119","444","556","C0235896"
"13798","148022","2","3","12","41","219","339","156","568","697","C0235896"
"13799","6934","2","3","12","19","31","1","428","541","667","C0235896"
"13800","885","2","5","4","68","96","326","427","548","672","C0235896"
"13801","4621","2","5","8","63","45","23","103","464","187","C0235971"
"13802","11160","2","3","12","41","116","268","423","536","445","C0235971"
"13803","6794","2","3","12","53","14","20","34","540","68","C0235983"
"13804","547","2","3","7","76","153","40","38","54","75","C0235983"
"13805","9466","2","5","7","53","51","119","395","549","674","C0235983"
"13806","5978","2","3","12","19","31","1","426","55","78","C0235983"
"13807","4204","2","3","12","19","31","1","426","55","78","C0235983"
"13808","16","2","3","2","110","85","237","433","547","154","C0235983"
"13809","4921","2","5","7","53","14","20","25","573","186","C0235986"
"13810","476","2","3","8","63","45","23","103","464","187","C0235986"
"13811","8625","2","3","12","19","31","276","91","236","118","C0235986"
"13812","26277","2","3","12","19","31","1","426","1","78","C0235986"
"13813","4790","2","3","7","34","52","216","166","129","697","C0235986"
"13814","3507","2","5","7","53","51","119","395","549","674","C0235986"
"13815","3988","2","3","5","98","174","277","379","476","42","C0235986"
"13816","6469","2","5","3","53","221","197","259","560","422","C0235986"
"13817","5696","2","3","12","41","116","268","156","568","116","C0235986"
"13818","10060","2","3","8","41","45","23","423","464","445","C0235986"
"13819","3689","2","5","7","34","52","216","395","549","674","C0235986"
"13820","1778","2","3","7","76","153","40","38","54","75","C0235986"
"13821","1031","2","3","12","19","31","1","426","55","78","C0235986"
"13822","5450","2","3","12","19","221","261","116","159","211","C0235986"
"13823","10265","2","3","3","19","221","321","428","541","667","C0236000"
"13824","10522","2","3","12","19","221","197","259","236","422","C0236000"
"13825","7461","2","3","7","60","153","40","38","93","75","C0236048"
"13826","1737","2","3","2","67","92","293","55","75","311","C0236048"
"13827","26119","2","5","7","60","14","184","341","544","669","C0236048"
"13828","1278","2","5","7","53","51","342","454","573","492","C0236048"
"13829","5624","2","5","7","53","51","342","454","573","492","C0236175"
"13830","570","2","3","5","43","161","305","409","255","56","C0236175"
"13831","51524","2","5","7","45","94","199","240","415","666","C0236175"
"13832","10484","2","3","7","60","153","40","38","54","203","C0236175"
"13833","351","2","5","4","68","96","326","188","145","193","C0236175"
"13834","1487","2","3","12","19","31","1","426","55","340","C0236175"
"13835","2512","2","3","7","34","52","216","395","544","358","C0236175"
"13836","9289","2","5","4","68","96","326","427","548","672","C0236175"
"13837","10847","2","3","12","19","31","1","426","55","78","C0236175"
"13838","15","2","3","2","11","142","225","142","87","673","C0236175"
"13839","4148","2","5","7","53","51","342","454","573","492","C0236642"
"13840","1588","2","3","5","79","159","256","350","27","44","C0236642"
"13841","3239","2","3","3","19","221","321","428","541","667","C0236663"
"13842","1785","2","5","7","60","14","184","341","544","669","C0236663"
"13843","5328","2","5","7","34","52","216","395","549","674","C0236663"
"13844","6499","2","3","2","110","85","237","433","547","671","C0236663"
"13845","9321","2","3","12","76","153","40","38","54","203","C0236663"
"13846","3763","2","5","8","63","36","166","106","110","158","C0236663"
"13847","25782","2","5","7","60","54","24","30","46","72","C0236663"
"13848","6121","2","3","2","69","83","101","126","170","224","C0236663"
"13849","23522","2","3","12","19","31","1","426","55","78","C0236663"
"13850","6584","2","3","8","45","94","199","240","415","666","C0236663"
"13851","8516","2","5","7","53","51","342","454","573","492","C0236663"
"13852","7042","2","5","7","53","51","342","454","573","492","C0236664"
"13853","23028","2","3","12","19","31","1","426","55","78","C0236664"
"13854","2064","2","5","7","53","14","20","25","40","186","C0236664"
"13855","4162","2","5","7","53","51","342","454","573","492","C0236664"
"13856","6569","2","3","8","45","94","199","240","415","666","C0236664"
"13857","3920","2","5","7","34","52","216","395","549","674","C0236792"
"13858","2720","2","3","7","34","52","216","395","21","599","C0236792"
"13859","5728","2","3","5","80","81","339","156","568","605","C0236811"
"13860","7468","2","3","12","19","31","1","426","55","78","C0236811"
"13861","776","2","5","8","63","36","166","341","390","158","C0236811"
"13862","6885","2","3","12","41","219","339","156","568","697","C0236964"
"13863","3798","2","3","7","76","153","40","38","54","75","C0236964"
"13864","6197","2","3","12","19","14","20","34","540","68","C0237304"
"13865","894","2","3","12","19","31","1","34","540","68","C0237304"
"13866","6524","2","5","8","45","94","199","240","415","666","C0237304"
"13867","1146","2","5","8","27","70","99","162","216","290","C0237304"
"13868","2688","2","5","7","53","51","119","25","40","186","C0237304"
"13869","51196","2","3","7","60","54","24","30","46","72","C0237653"
"13870","6654","2","5","7","60","54","24","30","46","72","C0237653"
"13871","54790","2","3","12","19","31","1","426","55","78","C0237653"
"13872","3426","2","5","7","53","51","119","395","549","674","C0237653"
"13873","51259","2","3","2","76","153","40","38","54","75","C0237653"
"13874","2720","2","3","7","34","52","216","395","21","599","C0237653"
"13875","55145","2","3","2","22","33","225","142","220","140","C0237653"
"13876","785","2","5","8","63","36","166","106","110","158","C0237653"
"13877","25836","2","3","12","76","153","40","38","54","75","C0237653"
"13878","545","2","3","12","19","31","261","116","1","86","C0237653"
"13879","4914","2","3","2","22","18","266","202","252","252","C0237653"
"13880","23405","2","3","2","22","33","323","66","146","194","C0237849"
"13881","23533","2","3","2","53","14","20","25","362","468","C0237849"
"13882","10157","2","3","5","71","102","175","222","290","371","C0237849"
"13883","1019","2","3","12","19","31","1","116","1","86","C0237849"
"13884","6899","2","5","7","53","184","335","259","560","373","C0237849"
"13885","2743","2","5","8","27","70","99","162","216","290","C0237849"
"13886","23363","2","3","12","41","116","268","434","468","213","C0237849"
"13887","4000","2","3","12","26","105","178","226","297","156","C0237849"
"13888","10516","2","5","7","53","51","342","454","573","492","C0237873"
"13889","4703","2","5","7","60","45","23","103","464","187","C0237873"
"13890","51626","2","3","12","76","153","40","38","54","75","C0237873"
"13891","2261","2","5","7","53","14","20","25","40","186","C0237873"
"13892","673","2","5","7","53","14","20","34","540","68","C0238111"
"13893","4703","2","5","7","60","45","23","103","464","187","C0238111"
"13894","55651","2","3","2","110","85","237","433","547","671","C0238111"
"13895","1301","2","5","7","53","51","342","454","573","492","C0238111"
"13896","2626","2","3","12","19","31","118","155","287","116","C0238111"
"13897","6792","2","5","7","53","14","20","34","540","68","C0238198"
"13898","7157","2","3","12","19","31","261","402","489","551","C0238198"
"13899","1292","2","5","7","53","51","342","454","573","492","C0238198"
"13900","4524","2","3","2","15","166","104","369","117","583","C0238198"
"13901","4920","2","5","7","53","14","20","259","560","373","C0238198"
"13902","4088","2","3","12","19","219","339","259","423","605","C0238198"
"13903","26137","2","5","7","63","45","184","103","572","658","C0238198"
"13904","3818","2","5","7","68","51","119","395","549","674","C0238207"
"13905","23345","2","3","12","19","31","1","426","55","78","C0238207"
"13906","114798","2","5","7","53","51","335","444","560","373","C0238207"
"13907","54888","2","3","2","110","85","152","129","252","154","C0238207"
"13908","10683","2","5","7","53","51","143","428","560","667","C0238207"
"13909","10743","2","3","3","19","151","276","91","433","118","C0238207"
"13910","51684","2","3","12","41","116","268","38","54","75","C0238207"
"13911","29926","2","3","2","68","66","123","158","207","278","C0238207"
"13912","10269","2","3","2","48","182","50","119","444","556","C0238207"
"13913","6899","2","5","7","53","184","335","259","560","373","C0238207"
"13914","429","2","3","3","19","221","321","428","541","667","C0238207"
"13915","10436","2","3","2","110","85","237","433","547","671","C0238210"
"13916","3123","2","5","7","53","51","119","156","287","116","C0238210"
"13917","10269","2","3","2","48","182","50","119","444","556","C0238288"
"13918","4137","2","3","7","27","36","150","341","223","628","C0238288"
"13919","2201","2","5","7","53","51","342","454","573","492","C0238288"
"13920","54808","2","3","12","76","153","40","38","54","75","C0238288"
"13921","5476","2","3","7","34","52","216","395","152","310","C0238288"
"13922","4810","2","3","2","76","57","110","444","560","373","C0238288"
"13923","10149","2","5","5","63","36","166","332","220","158","C0238288"
"13924","4582","2","5","7","53","206","324","430","429","544","C0238288"
"13925","207","2","3","7","53","14","20","34","489","416","C0238288"
"13926","1193","2","5","8","63","45","23","34","464","187","C0238288"
"13927","9113","2","5","7","53","14","20","34","540","68","C0238288"
"13928","10804","2","3","12","76","153","40","38","54","75","C0238288"
"13929","2248","2","5","7","53","14","20","25","40","186","C0238300"
"13930","4747","2","5","7","27","36","150","341","223","628","C0238300"
"13931","19","2","3","3","19","151","276","91","433","118","C0238300"
"13932","7227","2","3","12","19","31","276","91","433","118","C0238300"
"13933","2902","2","5","7","60","14","20","341","223","219","C0238339"
"13934","6949","2","3","2","110","85","237","164","390","311","C0238339"
"13935","7157","2","3","12","19","31","261","402","489","551","C0238339"
"13936","4487","2","3","3","19","221","321","428","541","667","C0238339"
"13937","779","2","5","8","63","36","166","341","390","158","C0238339"
"13938","1848","2","3","5","42","81","296","399","201","274","C0238339"
"13939","29887","2","3","7","60","18","110","141","198","270","C0238357"
"13940","930","2","5","7","53","14","119","25","40","186","C0238357"
"13941","2192","2","5","7","53","51","342","454","573","492","C0238357"
"13942","6622","2","3","7","27","36","150","341","223","628","C0238358"
"13943","2177","2","3","2","110","90","261","431","545","443","C0238358"
"13944","847","2","3","7","34","52","216","395","549","674","C0238358"
"13945","1690","2","5","7","27","51","342","454","573","492","C0238378"
"13946","8022","2","3","3","110","85","321","428","541","667","C0238378"
"13947","55325","2","5","7","34","181","23","119","544","187","C0238394"
"13948","617","2","3","2","48","170","50","304","167","593","C0238394"
"13949","7297","2","5","7","53","184","119","25","40","186","C0238394"
"13950","7319","2","3","12","41","116","268","434","468","213","C0238394"
"13951","659","2","5","7","53","14","20","259","423","389","C0238394"
"13952","50846","2","3","3","68","221","197","259","560","422","C0238395"
"13953","3952","2","5","3","53","151","276","91","433","118","C0238395"
"13954","2068","2","3","12","19","31","261","116","159","211","C0238395"
"13955","7555","2","3","2","110","85","237","433","547","671","C0238395"
"13956","118856","2","5","7","53","51","342","454","573","492","C0238395"
"13957","8216","2","3","12","41","119","330","214","454","144","C0238395"
"13958","5860","2","3","2","69","91","75","204","267","352","C0238395"
"13959","949","2","5","5","45","94","199","240","415","666","C0238395"
"13960","51473","2","5","7","60","36","20","25","64","215","C0238395"
"13961","2767","2","5","4","68","96","326","427","548","672","C0238395"
"13962","4534","2","3","5","80","81","296","399","362","468","C0238395"
"13963","3077","2","5","7","53","51","119","395","549","674","C0238395"
"13964","6833","2","5","8","45","36","166","240","415","666","C0238395"
"13965","5167","2","3","5","32","93","163","207","303","126","C0238395"
"13966","7337","2","3","12","41","116","268","434","468","213","C0238395"
"13967","8890","2","3","2","110","85","237","433","547","671","C0238395"
"13968","5663","2","5","7","34","52","216","395","549","667","C0238395"
"13969","2178","2","3","12","19","31","261","116","1","86","C0238395"
"13970","2316","2","5","7","53","51","342","454","573","702","C0238395"
"13971","215","2","3","5","47","144","185","238","310","392","C0238397"
"13972","783","2","5","8","63","36","166","106","110","158","C0238397"
"13973","10269","2","3","2","48","182","50","119","444","556","C0238397"
"13974","1302","2","5","7","53","51","342","454","573","492","C0238397"
"13975","6324","2","5","7","63","36","166","341","223","158","C0238397"
"13976","6010","2","5","4","68","96","326","427","548","672","C0238397"
"13977","10060","2","3","8","41","45","23","423","464","445","C0238397"
"13978","207","2","3","7","53","14","20","34","489","416","C0238397"
"13979","1278","2","5","7","53","51","342","454","573","492","C0238397"
"13980","207","2","3","7","53","14","20","34","489","416","C0238397"
"13981","7507","2","3","12","19","31","261","116","1","86","C0238397"
"13982","2261","2","5","7","53","14","20","25","40","186","C0238397"
"13983","4624","2","5","8","63","45","23","103","464","187","C0238397"
"13984","3053","2","5","7","53","51","342","454","573","492","C0238397"
"13985","1836","2","3","2","35","41","94","260","330","375","C0238397"
"13986","7476","2","5","3","68","221","197","259","560","422","C0238397"
"13987","4000","2","3","12","26","105","178","226","297","156","C0238397"
"13988","554","2","5","4","68","96","326","427","548","672","C0238397"
"13989","54888","2","3","2","110","85","152","129","252","154","C0238397"
"13990","6335","2","5","8","63","36","166","341","390","158","C0238397"
"13991","3984","2","5","7","53","14","20","34","540","68","C0238399"
"13992","2121","2","3","12","41","116","268","434","568","605","C0238399"
"13993","23414","2","3","12","19","31","118","155","287","116","C0238441"
"13994","6010","2","5","4","68","96","326","427","548","672","C0238441"
"13995","6335","2","5","8","63","36","166","341","390","158","C0238462"
"13996","5728","2","3","5","80","81","339","156","568","605","C0238462"
"13997","2706","2","3","12","76","153","40","38","54","75","C0238463"
"13998","51360","2","3","3","26","35","276","91","433","203","C0238463"
"13999","5376","2","5","7","53","51","342","454","573","492","C0238463"
"14000","7476","2","5","3","68","221","197","259","560","422","C0238463"
"14001","4922","2","5","4","68","96","326","427","548","672","C0238463"
"14002","7157","2","3","12","19","31","261","402","489","551","C0238463"
"14003","966","2","5","7","34","52","216","395","549","674","C0238463"
"14004","7469","2","3","12","19","31","261","116","159","211","C0238463"
"14005","57379","2","3","5","22","137","261","104","146","194","C0238463"
"14006","8626","2","3","3","19","221","321","428","541","667","C0238463"
"14007","6622","2","3","7","27","36","150","341","223","628","C0238463"
"14008","1186","2","5","8","63","45","23","34","464","187","C0238463"
"14009","4860","2","3","7","34","52","216","395","549","150","C0238463"
"14010","778","2","5","8","63","36","166","341","223","158","C0238463"
"14011","3045","2","3","12","19","31","118","155","287","116","C0238463"
"14012","6648","2","3","2","95","151","160","378","173","229","C0238463"
"14013","5660","2","5","7","34","52","326","427","548","702","C0238463"
"14014","9361","2","3","2","48","170","50","119","444","556","C0238463"
"14015","3930","2","3","2","22","33","323","66","3","464","C0238463"
"14016","9562","2","3","5","80","81","296","248","317","405","C0238463"
"14017","3576","2","5","4","68","96","326","427","548","672","C0238463"
"14018","5506","2","3","12","76","137","76","136","82","658","C0238463"
"14019","860","2","3","12","19","31","276","91","433","118","C0238463"
"14020","3588","2","5","7","53","51","119","25","40","186","C0238463"
"14021","4790","2","3","7","34","52","216","166","129","697","C0238463"
"14022","2184","2","3","5","76","153","138","236","332","407","C0238463"
"14023","5265","2","5","7","34","52","216","395","573","702","C0238463"
"14024","4089","2","3","12","19","219","339","259","423","605","C0238463"
"14025","30061","2","3","5","25","44","165","101","274","358","C0238463"
"14026","6311","2","3","2","22","33","323","66","362","468","C0238463"
"14027","2592","2","3","2","68","117","196","257","326","419","C0238463"
"14028","10801","2","3","12","76","108","293","141","305","387","C0238506"
"14029","22954","2","3","12","41","116","268","434","468","213","C0238506"
"14030","4000","2","3","12","26","105","178","226","297","156","C0238651"
"14031","7291","2","3","12","19","151","276","91","489","416","C0238651"
"14032","1281","2","5","7","53","51","342","454","573","492","C0238651"
"14033","546","2","3","12","19","31","261","426","1","86","C0238651"
"14034","2908","2","3","12","19","151","276","91","433","118","C0238651"
"14035","54463","2","3","2","48","57","110","141","359","462","C0238651"
"14036","9056","2","3","8","45","94","199","240","415","666","C0238669"
"14037","5190","2","3","5","43","161","305","409","208","482","C0238669"
"14038","4337","2","3","2","80","91","75","204","267","352","C0238669"
"14039","1440","2","5","7","53","51","119","25","489","416","C0238669"
"14040","6391","2","3","2","48","170","50","119","444","556","C0238669"
"14041","6392","2","3","2","48","170","50","119","444","556","C0238669"
"14042","7681","2","3","12","41","116","268","434","468","213","C0238669"
"14043","10342","2","3","7","60","219","40","202","66","203","C0238669"
"14044","9820","2","3","12","41","116","268","434","468","213","C0238669"
"14045","8600","2","5","7","41","219","339","156","568","697","C0238669"
"14046","5604","2","5","7","53","14","20","34","540","68","C0238669"
"14047","3855","2","1","6","11","142","225","142","220","298","C0238801"
"14048","2110","2","3","2","48","170","50","119","444","556","C0238801"
"14049","23476","2","3","12","19","31","1","426","159","211","C0238801"
"14050","2819","2","3","2","116","183","295","398","552","622","C0239043"
"14051","3786","2","5","8","63","36","166","106","110","158","C0239043"
"14052","2200","2","5","7","53","51","342","454","573","492","C0239043"
"14053","185","2","5","4","68","96","326","427","548","672","C0239067"
"14054","10815","2","5","7","60","36","71","341","223","666","C0239067"
"14055","54790","2","3","12","19","31","1","426","55","78","C0239067"
"14056","8644","2","3","2","46","175","227","167","224","301","C0239067"
"14057","2178","2","3","12","19","31","261","116","1","86","C0239067"
"14058","2624","2","3","12","19","31","1","155","287","116","C0239067"
"14059","4286","2","3","12","19","31","261","116","1","664","C0239067"
"14060","9095","2","5","7","53","51","335","444","560","373","C0239067"
"14061","147372","2","5","3","19","221","342","428","541","667","C0239067"
"14062","1312","2","3","2","87","79","105","426","129","25","C0239067"
"14063","2672","2","3","3","19","221","321","259","423","389","C0239067"
"14064","2260","2","5","7","53","14","20","25","40","186","C0239067"
"14065","1964","2","3","2","110","85","237","433","547","671","C0239105"
"14066","3280","2","3","12","19","31","143","428","236","667","C0239105"
"14067","2260","2","5","7","53","14","20","25","40","186","C0239105"
"14068","2006","2","5","7","53","51","342","454","573","492","C0239105"
"14069","1281","2","5","7","53","51","342","454","573","492","C0239105"
"14070","658","2","5","7","53","51","342","259","423","389","C0239105"
"14071","10804","2","3","12","76","153","40","38","54","75","C0239105"
"14072","11041","2","3","2","27","36","150","341","223","628","C0239105"
"14073","4591","2","3","12","41","116","268","434","468","213","C0239105"
"14074","6662","2","3","3","19","221","321","428","541","667","C0239105"
"14075","7428","2","3","12","41","116","268","434","468","213","C0239105"
"14076","3845","2","5","7","60","54","24","30","46","72","C0239105"
"14077","10342","2","3","7","60","219","40","202","66","203","C0239105"
"14078","182","2","5","7","53","51","143","428","236","667","C0239105"
"14079","8929","2","3","3","19","221","321","428","541","667","C0239137"
"14080","26278","2","3","12","41","116","268","347","271","356","C0239137"
"14081","26227","2","3","2","41","137","44","208","81","108","C0239137"
"14082","24","2","3","12","41","116","268","423","536","445","C0239137"
"14083","7042","2","5","7","53","51","342","454","573","492","C0239137"
"14084","8622","2","3","4","68","96","326","427","548","672","C0239137"
"14085","1717","2","3","2","19","151","276","48","69","204","C0239137"
"14086","4015","2","5","7","53","51","342","454","573","492","C0239137"
"14087","1146","2","5","8","27","70","99","162","216","290","C0239137"
"14088","5328","2","5","7","34","52","216","395","549","674","C0239137"
"14089","10225","2","5","7","53","51","119","395","549","674","C0239137"
"14090","84876","2","5","8","63","45","23","103","464","187","C0239137"
"14091","335","2","5","7","53","51","342","454","573","492","C0239137"
"14092","1285","2","5","7","53","51","342","454","573","492","C0239137"
"14093","2068","2","3","12","19","31","261","116","159","211","C0239137"
"14094","3032","2","3","2","48","57","38","347","12","145","C0239137"
"14095","190","2","3","3","19","151","276","91","433","118","C0239137"
"14096","54716","2","5","8","45","94","199","240","415","666","C0239137"
"14097","2879","2","3","5","80","81","166","378","173","229","C0239137"
"14098","5428","2","3","2","48","170","50","119","167","593","C0239137"
"14099","284086","2","5","7","53","14","20","34","540","68","C0239137"
"14100","23090","2","3","12","19","151","276","91","433","118","C0239137"
"14101","2512","2","3","7","34","52","216","395","544","358","C0239138"
"14102","6330","2","5","8","63","36","166","341","223","158","C0239138"
"14103","5885","2","3","12","76","153","40","38","54","75","C0239138"
"14104","9652","2","3","2","110","85","237","433","547","671","C0239138"
"14105","3115","2","5","7","53","184","119","156","287","116","C0239138"
"14106","7227","2","3","12","19","31","276","91","433","118","C0239138"
"14107","593","2","3","2","67","92","293","55","75","311","C0239138"
"14108","23479","2","3","2","48","170","50","119","100","556","C0239138"
"14109","1909","2","5","4","68","96","326","427","548","672","C0239138"
"14110","151648","2","3","12","76","153","40","38","54","75","C0239138"
"14111","54716","2","5","8","45","94","199","240","415","666","C0239138"
"14112","10262","2","3","2","22","33","323","66","101","136","C0239138"
"14113","4669","2","3","5","80","81","166","454","453","492","C0239138"
"14114","2200","2","5","7","53","51","342","454","573","492","C0239138"
"14115","23545","2","3","5","29","88","132","85","222","346","C0239138"
"14116","1756","2","5","8","63","45","23","103","464","187","C0239138"
"14117","4148","2","5","7","53","51","342","454","573","492","C0239138"
"14118","7471","2","5","3","68","221","197","259","560","422","C0239138"
"14119","8450","2","3","12","41","116","268","434","468","213","C0239138"
"14120","26580","2","5","8","27","70","99","162","216","290","C0239138"
"14121","4613","2","3","12","19","31","1","426","55","78","C0239138"
"14122","2588","2","3","7","34","52","216","395","549","674","C0239138"
"14123","5551","2","5","7","53","51","119","395","549","674","C0239138"
"14124","6885","2","3","12","41","219","339","156","568","697","C0239138"
"14125","51715","2","5","7","60","54","24","30","46","72","C0239181"
"14126","54968","2","3","2","48","170","50","119","444","556","C0239181"
"14127","7157","2","3","12","19","31","261","402","489","551","C0239181"
"14128","7403","2","3","12","19","31","1","426","55","78","C0239181"
"14129","5428","2","3","2","48","170","50","119","167","593","C0239181"
"14130","4166","2","3","2","89","60","99","7","211","217","C0239340"
"14131","10342","2","3","7","60","219","40","202","66","203","C0239340"
"14132","1387","2","3","12","19","31","276","91","433","118","C0239340"
"14133","1716","2","3","2","27","36","150","221","138","188","C0239399"
"14134","3417","2","3","7","34","52","216","395","549","319","C0239399"
"14135","717","2","5","7","53","51","119","395","549","674","C0239399"
"14136","3425","2","3","5","80","81","166","454","573","492","C0239399"
"14137","4878","2","3","12","19","31","1","426","55","78","C0239399"
"14138","3030","2","3","2","48","57","339","44","65","31","C0239399"
"14139","5897","2","3","12","41","116","268","141","568","605","C0239399"
"14140","9723","2","5","7","53","51","342","79","560","373","C0239488"
"14141","6595","2","3","12","19","31","1","426","55","78","C0239488"
"14142","1392","2","5","4","68","96","326","427","548","672","C0239488"
"14143","847","2","3","7","34","52","216","395","549","674","C0239488"
"14144","4089","2","3","12","19","219","339","259","423","605","C0239548"
"14145","23503","2","3","6","11","142","225","142","220","298","C0239548"
"14146","4593","2","5","7","53","14","20","454","573","492","C0239548"
"14147","1277","2","5","7","53","51","342","454","573","492","C0239548"
"14148","176","2","5","7","53","51","342","454","573","492","C0239548"
"14149","7473","2","5","3","68","221","197","259","560","422","C0239548"
"14150","4771","2","5","7","60","36","71","177","64","215","C0239548"
"14151","2642","2","5","4","68","96","326","427","548","672","C0239548"
"14152","462","2","5","7","53","51","342","454","573","492","C0239548"
"14153","3440","2","3","12","19","184","118","155","287","116","C0239594"
"14154","22900","2","3","12","41","219","339","156","568","697","C0239594"
"14155","6866","2","5","4","68","96","326","427","548","672","C0239594"
"14156","773","2","5","8","27","36","166","341","223","628","C0239594"
"14157","10269","2","3","2","48","182","50","119","444","556","C0239594"
"14158","2643","2","3","5","87","91","75","204","267","352","C0239594"
"14159","189","2","3","5","43","161","305","409","208","482","C0239594"
"14160","3559","2","5","7","53","14","20","25","40","186","C0239594"
"14161","1184","2","5","8","63","45","23","34","464","187","C0239594"
"14162","25978","2","3","2","48","57","110","141","359","462","C0239594"
"14163","10913","2","3","12","41","219","339","156","568","697","C0239594"
"14164","6295","2","3","4","68","45","272","427","518","621","C0239594"
"14165","5663","2","5","7","34","52","216","395","549","667","C0239594"
"14166","10743","2","3","3","19","151","276","91","433","118","C0239594"
"14167","10743","2","3","3","19","151","276","91","433","118","C0239594"
"14168","1437","2","5","7","53","14","20","25","40","186","C0239594"
"14169","5192","2","3","5","43","161","305","409","208","482","C0239594"
"14170","6899","2","5","7","53","184","335","259","560","373","C0239761"
"14171","27249","2","3","2","48","182","50","119","186","245","C0239761"
"14172","26229","2","3","2","74","205","191","396","408","257","C0239801"
"14173","3172","2","3","3","19","151","276","91","433","118","C0239801"
"14174","7037","2","5","7","60","14","184","341","544","669","C0239801"
"14175","51715","2","5","7","60","54","24","30","46","72","C0239801"
"14176","2071","2","3","12","19","31","261","116","159","211","C0239801"
"14177","1298","2","5","7","53","51","342","454","573","492","C0239801"
"14178","1184","2","5","8","63","45","23","34","464","187","C0239801"
"14179","443","2","3","5","80","81","189","182","509","409","C0239803"
"14180","6794","2","3","12","53","14","20","34","540","68","C0239803"
"14181","3651","2","3","3","19","221","321","428","541","667","C0239803"
"14182","286","2","5","7","60","153","40","38","54","203","C0239803"
"14183","1130","2","5","7","60","54","326","141","359","462","C0239803"
"14184","3284","2","3","2","69","98","169","299","183","243","C0239803"
"14185","627","2","5","7","53","51","335","444","423","373","C0239804"
"14186","2720","2","3","7","34","52","216","395","21","599","C0239804"
"14187","57084","2","3","5","10","180","176","224","292","159","C0239804"
"14188","54968","2","3","2","48","170","50","119","444","556","C0239804"
"14189","8643","2","5","3","68","221","197","259","560","422","C0239804"
"14190","3543","2","5","7","53","51","119","395","549","674","C0239804"
"14191","3257","2","5","7","60","54","24","30","46","72","C0239804"
"14192","4538","2","3","2","48","170","50","119","444","556","C0239815"
"14193","2006","2","5","7","53","51","342","454","573","492","C0239815"
"14194","55690","2","3","2","48","57","110","141","359","462","C0239815"
"14195","84152","2","3","12","76","45","23","402","518","621","C0239815"
"14196","3952","2","5","3","53","151","276","91","433","118","C0239815"
"14197","3309","2","3","12","41","219","342","347","271","702","C0239815"
"14198","10058","2","3","5","44","50","209","68","11","141","C0239830"
"14199","94233","2","5","4","68","96","326","427","548","672","C0239830"
"14200","1761","2","3","3","19","221","321","428","541","667","C0239842"
"14201","6926","2","5","7","53","51","335","259","560","373","C0239842"
"14202","5860","2","3","2","69","91","75","204","267","352","C0239842"
"14203","2074","2","3","12","19","31","1","426","55","78","C0239842"
"14204","7124","2","3","12","41","219","339","156","568","697","C0239882"
"14205","207","2","3","7","53","14","20","34","489","416","C0239882"
"14206","8517","2","3","12","41","219","339","156","568","697","C0239882"
"14207","3855","2","1","6","11","142","225","142","220","298","C0239882"
"14208","6687","2","3","2","48","170","50","119","444","593","C0239882"
"14209","5332","2","3","4","68","96","326","427","548","672","C0239935"
"14210","1134","2","5","8","27","70","99","162","216","290","C0239935"
"14211","2941","2","3","5","91","175","271","372","471","586","C0239935"
"14212","5580","2","5","7","34","52","216","395","287","116","C0239935"
"14213","2582","2","3","2","78","206","324","430","429","544","C0239935"
"14214","10161","2","5","4","68","96","326","427","548","672","C0239937"
"14215","2263","2","5","7","53","14","20","25","40","186","C0239937"
"14216","4210","2","3","12","41","219","339","156","568","697","C0239937"
"14217","11160","2","3","12","41","116","268","423","536","445","C0239937"
"14218","2626","2","3","12","19","31","118","155","287","116","C0239937"
"14219","673","2","5","7","53","14","20","34","540","68","C0239937"
"14220","694","2","3","12","19","31","198","261","146","118","C0239937"
"14221","367","2","3","12","19","31","276","91","433","118","C0239937"
"14222","5605","2","5","7","53","14","20","34","540","68","C0239937"
"14223","8504","2","3","5","47","144","185","238","310","392","C0239941"
"14224","1030","2","3","12","19","31","1","426","55","78","C0239941"
"14225","5621","2","5","8","27","36","342","454","573","628","C0239941"
"14226","5657","2","5","7","34","52","216","395","549","674","C0239941"
"14227","4838","2","5","3","53","221","321","259","423","389","C0239941"
"14228","1594","2","3","5","92","163","96","363","460","487","C0239941"
"14229","8200","2","5","7","53","51","342","259","423","389","C0239941"
"14230","55630","2","3","5","27","81","99","162","216","290","C0239946"
"14231","6678","2","5","7","53","51","342","454","573","492","C0239946"
"14232","24140","2","3","2","110","85","152","129","252","154","C0239946"
"14233","5053","2","3","5","80","81","166","236","308","390","C0239946"
"14234","2696","2","5","4","68","96","326","427","548","672","C0239946"
"14235","2796","2","5","4","68","96","326","427","548","672","C0239946"
"14236","773","2","5","8","27","36","166","341","223","628","C0239946"
"14237","8878","2","3","12","41","219","339","156","568","697","C0239946"
"14238","2263","2","5","7","53","14","20","25","40","186","C0239946"
"14239","3630","2","5","7","53","14","20","25","40","186","C0239946"
"14240","4010","2","3","3","19","221","321","428","541","667","C0239946"
"14241","2064","2","5","7","53","14","20","25","40","186","C0239946"
"14242","3912","2","5","7","53","51","342","454","573","492","C0239946"
"14243","411","2","3","7","34","52","216","395","549","674","C0239946"
"14244","8856","2","3","3","19","151","276","91","433","118","C0239946"
"14245","2516","2","3","3","19","151","276","91","433","118","C0239946"
"14246","4306","2","3","3","19","151","276","91","433","118","C0239946"
"14247","55612","2","5","7","60","36","71","177","560","701","C0239946"
"14248","2629","2","3","5","80","81","250","291","152","420","C0239946"
"14249","2263","2","5","7","53","14","20","25","40","186","C0239946"
"14250","3984","2","5","7","53","14","20","34","540","68","C0239946"
"14251","10128","2","3","2","48","170","50","119","444","556","C0239946"
"14252","9627","2","3","12","19","31","1","426","55","78","C0239946"
"14253","8200","2","5","7","53","51","342","259","423","389","C0239946"
"14254","2131","2","3","2","74","58","112","148","181","416","C0239946"
"14255","3329","2","3","2","48","170","50","304","167","593","C0239946"
"14256","1808","2","3","7","76","153","157","79","64","436","C0239946"
"14257","2697","2","3","7","76","153","40","38","54","75","C0239946"
"14258","5194","2","3","5","43","161","305","409","208","482","C0239946"
"14259","2235","2","3","2","17","24","51","132","175","473","C0239946"
"14260","5728","2","3","5","80","81","339","156","568","605","C0239946"
"14261","4512","2","3","2","48","170","110","141","359","8","C0239946"
"14262","3239","2","3","3","19","221","321","428","541","667","C0239981"
"14263","9056","2","3","8","45","94","199","240","415","666","C0239981"
"14264","841","2","3","12","41","219","339","156","568","697","C0239981"
"14265","26608","2","3","2","22","170","50","119","463","153","C0239981"
"14266","7248","2","3","2","48","57","110","141","359","462","C0239981"
"14267","348","2","5","7","53","51","342","454","573","492","C0239981"
"14268","1282","2","5","7","53","51","342","454","573","492","C0239981"
"14269","324","2","3","12","41","219","197","70","255","422","C0239981"
"14270","6309","2","3","5","19","151","76","48","69","204","C0239981"
"14271","8924","2","3","12","41","116","268","434","468","213","C0239981"
"14272","1107","2","3","12","19","31","1","426","55","78","C0239981"
"14273","5265","2","5","7","34","52","216","395","573","702","C0239981"
"14274","331","2","3","12","41","219","339","156","568","697","C0239981"
"14275","5153","2","3","4","68","96","326","427","548","672","C0239981"
"14276","2263","2","5","7","53","14","20","25","40","186","C0239981"
"14277","6134","2","3","2","110","85","237","433","547","671","C0239981"
"14278","54476","2","3","12","41","219","339","156","568","697","C0239981"
"14279","2741","2","5","8","27","70","99","162","216","290","C0239981"
"14280","1301","2","5","7","53","51","342","454","573","492","C0239981"
"14281","183","2","5","4","68","96","326","427","548","672","C0239981"
"14282","3845","2","5","7","60","54","24","30","46","72","C0239981"
"14283","1371","2","3","5","17","24","261","116","164","6","C0239981"
"14284","9968","2","4","3","24","119","330","214","454","144","C0239981"
"14285","2773","2","5","4","68","96","326","427","548","672","C0239981"
"14286","2629","2","3","5","80","81","250","291","152","420","C0239984"
"14287","1376","2","3","2","19","151","276","91","433","118","C0239984"
"14288","5158","2","3","4","68","45","272","259","518","621","C0239984"
"14289","7518","2","3","12","19","31","261","116","1","86","C0239984"
"14290","3664","2","5","7","53","184","119","156","287","116","C0239984"
"14291","4921","2","5","7","53","14","20","25","573","186","C0239989"
"14292","4292","2","3","12","19","31","261","116","1","86","C0239989"
"14293","11253","2","3","2","41","116","268","423","536","445","C0239989"
"14294","5663","2","5","7","34","52","216","395","549","667","C0239989"
"14295","3481","2","5","7","53","51","342","454","573","492","C0239989"
"14296","2263","2","5","7","53","14","20","25","40","186","C0239989"
"14297","25836","2","3","12","76","153","40","38","54","75","C0239989"
"14298","959","2","5","7","53","51","119","395","549","674","C0239989"
"14299","3516","2","3","12","19","31","143","428","236","667","C0239989"
"14300","5896","2","3","12","41","116","268","434","568","605","C0239989"
"14301","50618","2","5","7","60","54","24","30","544","669","C0239989"
"14302","857","2","5","7","53","45","23","57","83","422","C0240083"
"14303","1536","2","5","7","34","52","216","395","549","674","C0240083"
"14304","9896","2","3","5","80","81","296","399","201","274","C0240083"
"14305","5447","2","3","5","91","214","271","372","471","586","C0240083"
"14306","1356","2","3","7","53","51","342","454","573","492","C0240083"
"14307","9992","2","5","8","63","36","166","341","110","158","C0240182"
"14308","3606","2","5","7","53","51","119","156","489","416","C0240182"
"14309","4921","2","5","7","53","14","20","25","573","186","C0240182"
"14310","9839","2","3","3","19","221","321","428","541","667","C0240182"
"14311","55325","2","5","7","34","181","23","119","544","187","C0240182"
"14312","4000","2","3","12","26","105","178","226","297","156","C0240182"
"14313","1716","2","3","2","27","36","150","221","138","188","C0240231"
"14314","5314","2","3","12","76","153","40","38","54","75","C0240231"
"14315","811","2","3","2","41","116","342","423","536","342","C0240278"
"14316","9368","2","5","7","42","36","71","177","223","219","C0240278"
"14317","8260","2","3","12","41","85","266","76","287","78","C0240278"
"14318","55636","2","3","3","19","221","321","428","423","389","C0240278"
"14319","84735","2","3","5","80","81","166","162","269","248","C0240278"
"14320","3845","2","5","7","60","54","24","30","46","72","C0240278"
"14321","4683","2","3","12","19","31","261","116","1","86","C0240278"
"14322","10987","2","3","12","41","116","268","434","468","213","C0240278"
"14323","478","2","3","8","63","45","23","366","464","187","C0240278"
"14324","10560","2","3","2","65","196","310","127","527","648","C0240278"
"14325","1294","2","5","7","53","51","342","454","573","492","C0240278"
"14326","1759","2","5","7","60","14","184","341","544","669","C0240278"
"14327","5015","2","3","3","19","221","321","428","541","667","C0240278"
"14328","5332","2","3","4","68","96","326","427","548","672","C0240278"
"14329","4000","2","3","12","26","105","178","226","297","156","C0240278"
"14330","2483","2","3","2","22","33","323","66","101","136","C0240278"
"14331","249","2","3","5","27","51","335","444","560","373","C0240278"
"14332","8504","2","3","5","47","144","185","238","310","392","C0240278"
"14333","2316","2","5","7","53","51","342","454","573","702","C0240278"
"14334","356","2","5","7","53","219","339","25","489","697","C0240278"
"14335","54820","2","3","12","76","153","40","38","54","75","C0240278"
"14336","84295","2","3","2","110","85","237","426","101","78","C0240412"
"14337","6399","2","5","7","60","54","24","30","46","72","C0240412"
"14338","2218","2","5","2","53","123","194","255","560","373","C0240414"
"14339","6888","2","3","2","90","167","266","367","500","577","C0240414"
"14340","213","2","5","7","53","51","342","454","573","492","C0240414"
"14341","2074","2","3","12","19","31","1","426","55","78","C0240414"
"14342","72","2","5","8","63","45","23","103","464","187","C0240414"
"14343","6331","2","5","8","63","36","166","341","223","158","C0240421"
"14344","2138","2","3","12","19","31","1","426","55","78","C0240421"
"14345","5313","2","3","2","90","167","321","428","541","115","C0240421"
"14346","9382","2","5","7","60","153","40","38","66","203","C0240421"
"14347","348980","2","5","8","63","36","166","106","110","158","C0240421"
"14348","4942","2","3","2","67","94","199","182","509","666","C0240421"
"14349","3845","2","5","7","60","54","24","30","46","72","C0240421"
"14350","5096","2","3","2","48","40","130","166","127","173","C0240421"
"14351","54714","2","5","8","63","36","166","106","110","158","C0240421"
"14352","338","2","5","7","53","51","342","454","573","492","C0240421"
"14353","57510","2","3","12","76","33","323","38","54","664","C0240421"
"14354","2244","2","5","7","53","51","342","454","573","492","C0240421"
"14355","940","2","5","7","53","14","20","25","40","186","C0240421"
"14356","1201","2","3","2","48","170","50","304","167","593","C0240421"
"14357","23495","2","3","12","41","219","339","156","568","697","C0240421"
"14358","9927","2","3","12","19","31","118","155","287","116","C0240421"
"14359","7546","2","5","3","19","221","321","79","560","373","C0240421"
"14360","7080","2","3","3","19","221","321","428","541","667","C0240421"
"14361","3845","2","5","7","60","54","24","30","46","72","C0240421"
"14362","5889","2","3","12","19","31","261","116","1","86","C0240421"
"14363","4089","2","3","12","19","219","339","259","423","605","C0240421"
"14364","5894","2","5","7","60","54","23","34","464","187","C0240421"
"14365","190","2","3","3","19","151","276","91","433","118","C0240479"
"14366","51151","2","3","5","23","18","138","250","332","407","C0240479"
"14367","4604","2","5","8","63","45","23","103","464","187","C0240479"
"14368","35","2","3","2","67","148","70","456","575","704","C0240479"
"14369","9031","2","3","12","19","31","1","426","55","78","C0240479"
"14370","6331","2","5","8","63","36","166","341","223","158","C0240479"
"14371","6774","2","3","12","53","14","276","25","489","416","C0240479"
"14372","23169","2","3","2","78","205","112","430","429","544","C0240479"
"14373","4621","2","5","8","63","45","23","103","464","187","C0240479"
"14374","5745","2","5","4","68","96","326","427","548","672","C0240479"
"14375","4948","2","5","8","63","45","23","250","464","187","C0240479"
"14376","3930","2","3","2","22","33","323","66","3","464","C0240479"
"14377","4089","2","3","12","19","219","339","259","423","605","C0240479"
"14378","5649","2","5","7","53","51","342","444","560","373","C0240479"
"14379","29968","2","3","8","67","94","199","182","509","666","C0240479"
"14380","5194","2","3","5","43","161","305","409","208","482","C0240479"
"14381","7704","2","3","12","41","116","268","434","468","213","C0240479"
"14382","10134","2","3","2","41","219","339","156","536","342","C0240547"
"14383","6772","2","3","12","53","184","119","156","287","116","C0240547"
"14384","672","2","3","12","19","31","261","116","1","86","C0240547"
"14385","3284","2","3","2","69","98","169","299","183","243","C0240547"
"14386","3048","2","3","12","19","31","118","155","287","116","C0240671"
"14387","5139","2","3","4","68","96","326","427","548","672","C0240671"
"14388","10165","2","3","2","48","170","50","304","167","593","C0240671"
"14389","546","2","3","12","19","31","261","426","1","86","C0240671"
"14390","3728","2","5","7","34","52","225","142","220","298","C0240671"
"14391","1292","2","5","7","53","51","342","454","573","492","C0240671"
"14392","11160","2","3","12","41","116","268","423","536","445","C0240671"
"14393","1545","2","3","5","91","175","271","372","443","558","C0240671"
"14394","871","2","5","7","53","51","342","454","573","492","C0240671"
"14395","3265","2","5","7","60","54","24","30","46","72","C0240671"
"14396","3265","2","5","7","60","54","24","30","46","72","C0240671"
"14397","26278","2","3","12","41","116","268","347","271","356","C0240679"
"14398","1120","2","3","2","85","143","286","51","488","102","C0240679"
"14399","27445","2","5","7","60","36","71","341","223","624","C0240679"
"14400","22995","2","3","12","76","153","40","38","54","75","C0240701"
"14401","54903","2","3","12","76","153","40","38","54","75","C0240701"
"14402","6834","2","3","2","48","170","50","119","444","556","C0240701"
"14403","4313","2","5","7","53","51","342","454","573","492","C0240701"
"14404","10269","2","3","2","48","182","50","119","444","556","C0240701"
"14405","567","2","5","7","34","52","119","395","549","674","C0240735"
"14406","54585","2","3","12","76","153","76","38","54","75","C0240735"
"14407","775","2","5","8","63","36","166","341","223","158","C0240735"
"14408","4255","2","3","12","19","31","261","116","1","86","C0240735"
"14409","3549","2","5","3","53","51","197","259","560","422","C0240735"
"14410","6785","2","3","5","67","7","5","239","311","393","C0240735"
"14411","5328","2","5","7","34","52","216","395","549","674","C0240735"
"14412","1120","2","3","2","85","143","286","51","488","102","C0240735"
"14413","644","2","3","2","42","49","93","192","253","338","C0240735"
"14414","8438","2","3","12","76","153","261","116","1","86","C0240735"
"14415","50846","2","3","3","68","221","197","259","560","422","C0240735"
"14416","1284","2","5","7","53","51","342","454","573","492","C0240735"
"14417","7132","2","3","12","41","219","339","156","568","697","C0240735"
"14418","3239","2","3","3","19","221","321","428","541","667","C0240735"
"14419","4593","2","5","7","53","14","20","454","573","492","C0240735"
"14420","673","2","5","7","53","14","20","34","540","68","C0240735"
"14421","5626","2","3","3","19","221","321","428","541","667","C0240735"
"14422","271","2","3","5","33","6","241","233","304","386","C0240735"
"14423","4620","2","5","8","63","45","23","103","464","187","C0240735"
"14424","10397","2","3","2","110","81","148","402","51","383","C0240735"
"14425","80144","2","5","7","53","51","335","444","560","373","C0240735"
"14426","1967","2","3","2","110","85","237","433","547","671","C0240735"
"14427","1356","2","3","7","53","51","342","454","573","492","C0240735"
"14428","1649","2","3","12","19","31","276","91","433","118","C0240783"
"14429","6335","2","5","8","63","36","166","341","390","158","C0240783"
"14430","6010","2","5","4","68","96","326","427","548","672","C0240783"
"14431","204","2","3","4","72","109","182","235","307","506","C0240783"
"14432","2263","2","5","7","53","14","20","25","40","186","C0240783"
"14433","2623","2","3","12","19","31","1","155","287","116","C0240783"
"14434","2626","2","3","12","19","31","118","155","287","116","C0240783"
"14435","183","2","5","4","68","96","326","427","548","672","C0240783"
"14436","4210","2","3","12","41","219","339","156","568","697","C0240783"
"14437","5468","2","3","3","19","151","276","91","433","118","C0240896"
"14438","10752","2","5","7","53","51","335","444","560","373","C0240896"
"14439","5741","2","5","4","68","96","326","427","548","672","C0240896"
"14440","54903","2","3","12","76","153","40","38","54","75","C0240896"
"14441","1145","2","5","8","27","70","99","162","216","290","C0240896"
"14442","4312","2","5","7","53","51","342","454","573","492","C0240896"
"14443","29123","2","3","12","19","151","276","91","433","118","C0240896"
"14444","367","2","3","12","19","31","276","91","433","118","C0240896"
"14445","4089","2","3","12","19","219","339","259","423","605","C0240896"
"14446","4593","2","5","7","53","14","20","454","573","492","C0240896"
"14447","3295","2","3","5","43","161","305","409","208","482","C0240896"
"14448","8481","2","3","12","76","153","40","38","54","75","C0240896"
"14449","64220","2","3","2","69","83","101","126","170","224","C0240896"
"14450","1301","2","5","7","53","51","342","454","573","492","C0240896"
"14451","2099","2","3","12","19","151","276","91","433","118","C0240896"
"14452","7297","2","5","7","53","184","119","25","40","186","C0240896"
"14453","6658","2","3","12","19","221","321","428","541","667","C0240896"
"14454","5053","2","3","5","80","81","166","236","308","390","C0240896"
"14455","145282","2","3","6","11","142","225","79","220","298","C0240897"
"14456","3945","2","3","2","62","137","76","136","212","286","C0240897"
"14457","10280","2","3","2","110","85","52","57","86","119","C0240897"
"14458","885","2","5","4","68","96","326","427","548","672","C0240897"
"14459","4535","2","3","2","48","170","50","119","444","556","C0240897"
"14460","6716","2","3","2","69","98","169","299","50","494","C0240897"
"14461","338917","2","3","3","19","221","321","428","541","667","C0240897"
"14462","1294","2","5","7","53","51","342","454","573","492","C0240897"
"14463","9939","2","3","2","22","33","323","66","101","136","C0240897"
"14464","8200","2","5","7","53","51","342","259","423","389","C0240897"
"14465","9817","2","3","12","41","116","268","434","468","213","C0240897"
"14466","5307","2","3","3","19","221","321","428","541","667","C0240912"
"14467","1804","2","5","7","27","36","150","341","223","628","C0240912"
"14468","10599","2","3","8","35","41","77","40","57","80","C0240912"
"14469","3643","2","5","7","53","14","20","25","40","186","C0240912"
"14470","1106","2","3","12","19","31","1","426","55","78","C0240912"
"14471","5894","2","5","7","60","54","23","34","464","187","C0240912"
"14472","10269","2","3","2","48","182","50","119","444","556","C0240912"
"14473","1528","2","3","5","91","214","271","372","471","586","C0240912"
"14474","10269","2","3","2","48","182","50","119","444","556","C0240912"
"14475","2353","2","3","12","19","31","1","91","489","416","C0240912"
"14476","2645","2","3","2","90","167","266","367","101","664","C0240912"
"14477","2879","2","3","5","80","81","166","378","173","229","C0240912"
"14478","627","2","5","7","53","51","335","444","423","373","C0240912"
"14479","367","2","3","12","19","31","276","91","433","118","C0240912"
"14480","7840","2","3","12","76","153","40","38","54","75","C0240912"
"14481","1536","2","5","7","34","52","216","395","549","674","C0240912"
"14482","859","2","5","8","63","45","23","103","464","187","C0240912"
"14483","1144","2","5","8","27","70","99","162","216","290","C0240912"
"14484","1717","2","3","2","19","151","276","48","69","204","C0240912"
"14485","51371","2","3","12","41","116","268","434","568","605","C0240912"
"14486","55505","2","3","2","110","85","237","433","547","671","C0240912"
"14487","10060","2","3","8","41","45","23","423","464","445","C0240912"
"14488","10733","2","3","12","76","153","40","38","54","75","C0240912"
"14489","3918","2","5","7","53","51","342","454","573","492","C0240912"
"14490","5873","2","5","7","34","54","24","30","46","72","C0240912"
"14491","10149","2","5","5","63","36","166","332","220","158","C0240914"
"14492","11277","2","3","12","19","31","261","116","1","86","C0240914"
"14493","5908","2","5","7","34","52","216","30","46","72","C0240914"
"14494","9990","2","5","8","45","94","199","240","415","666","C0240914"
"14495","9289","2","5","4","68","96","326","427","548","672","C0240953"
"14496","5428","2","3","2","48","170","50","119","167","593","C0240953"
"14497","2563","2","5","8","27","70","99","162","216","290","C0240953"
"14498","4851","2","3","12","19","221","143","428","236","667","C0240953"
"14499","3636","2","3","5","80","14","20","25","40","186","C0240953"
"14500","1298","2","5","7","53","51","342","454","573","492","C0240953"
"14501","6469","2","5","3","53","221","197","259","560","422","C0240953"
"14502","10743","2","3","3","19","151","276","91","433","118","C0240953"
"14503","3930","2","3","2","22","33","323","66","3","464","C0240953"
"14504","10815","2","5","7","60","36","71","341","223","666","C0240953"
"14505","2263","2","5","7","53","14","20","25","40","186","C0240953"
"14506","2072","2","3","12","19","31","261","116","1","86","C0240953"
"14507","1409","2","3","12","76","153","40","38","54","75","C0240953"
"14508","9496","2","5","6","11","142","225","142","220","673","C0240953"
"14509","148022","2","3","12","41","219","339","156","568","697","C0240953"
"14510","2535","2","5","3","68","221","197","259","560","422","C0240953"
"14511","9215","2","5","2","27","36","150","430","215","628","C0240953"
"14512","2720","2","3","7","34","52","216","395","21","599","C0240953"
"14513","847","2","3","7","34","52","216","395","549","674","C0240953"
"14514","4538","2","3","2","48","170","50","119","444","556","C0240953"
"14515","3123","2","5","7","53","51","119","156","287","116","C0240953"
"14516","8425","2","5","7","53","51","342","454","573","492","C0240953"
"14517","2260","2","5","7","53","14","20","25","40","186","C0240953"
"14518","6662","2","3","3","19","221","321","428","541","667","C0240991"
"14519","5428","2","3","2","48","170","50","119","167","593","C0240991"
"14520","652","2","5","7","53","51","342","454","573","492","C0240991"
"14521","3973","2","5","4","68","96","326","427","548","672","C0240991"
"14522","6491","2","3","12","76","153","40","38","54","75","C0240991"
"14523","1512","2","5","7","34","52","216","395","549","674","C0240997"
"14524","3569","2","5","7","53","51","342","454","573","416","C0240997"
"14525","2253","2","5","7","53","14","20","25","40","186","C0240997"
"14526","51094","2","3","2","48","57","110","141","359","462","C0240997"
"14527","5447","2","3","5","91","214","271","372","471","586","C0241011"
"14528","7051","2","1","6","11","142","225","142","220","298","C0241011"
"14529","22909","2","3","12","19","31","261","116","1","86","C0241011"
"14530","6521","2","5","8","35","41","199","40","415","666","C0241011"
"14531","6663","2","3","3","19","221","321","428","541","667","C0241011"
"14532","6949","2","3","2","110","85","237","164","390","311","C0241011"
"14533","1062","2","3","12","76","153","40","38","54","75","C0241011"
"14534","9518","2","5","7","53","51","342","259","423","389","C0241011"
"14535","7681","2","3","12","41","116","268","434","468","213","C0241011"
"14536","10907","2","3","2","22","33","323","66","101","136","C0241011"
"14537","3763","2","5","8","63","36","166","106","110","158","C0241011"
"14538","11285","2","3","2","74","205","191","396","408","620","C0241011"
"14539","2316","2","5","7","53","51","342","454","573","702","C0241011"
"14540","1261","2","5","8","63","36","166","106","110","158","C0241011"
"14541","3560","2","5","7","53","14","20","25","40","186","C0241011"
"14542","5116","2","3","12","76","153","40","38","54","75","C0241011"
"14543","1536","2","5","7","34","52","216","395","549","674","C0241011"
"14544","7469","2","3","12","19","31","261","116","159","211","C0241011"
"14545","7450","2","5","7","53","51","342","454","573","492","C0241011"
"14546","7021","2","3","12","19","31","261","91","433","664","C0241011"
"14547","5885","2","3","12","76","153","40","38","54","75","C0241011"
"14548","4313","2","5","7","53","51","342","454","573","492","C0241011"
"14549","282808","2","5","7","60","54","24","30","46","72","C0241013"
"14550","3356","2","5","4","68","96","326","427","548","672","C0241013"
"14551","1031","2","3","12","19","31","1","426","55","78","C0241013"
"14552","55699","2","3","2","110","85","67","76","252","154","C0241013"
"14553","2033","2","3","12","19","31","1","91","433","118","C0241013"
"14554","8815","2","3","12","22","33","323","66","444","664","C0241013"
"14555","9241","2","5","7","53","51","342","259","423","389","C0241013"
"14556","5125","2","5","6","11","51","225","142","220","298","C0241013"
"14557","10878","2","5","7","53","51","119","395","549","674","C0241013"
"14558","5922","2","5","7","60","54","24","30","46","72","C0241013"
"14559","5189","2","3","5","43","161","305","409","208","482","C0241013"
"14560","1373","2","3","8","84","97","167","210","271","536","C0241013"
"14561","23630","2","5","8","63","36","166","106","110","158","C0241013"
"14562","5176","2","5","7","53","51","342","454","573","492","C0241013"
"14563","51741","2","3","2","22","33","323","66","101","127","C0241074"
"14564","2542","2","3","5","80","81","296","399","500","577","C0241074"
"14565","2177","2","3","2","110","90","261","431","545","443","C0241074"
"14566","567","2","5","7","34","52","119","395","549","674","C0241074"
"14567","9215","2","5","2","27","36","150","430","215","628","C0241074"
"14568","23095","2","3","7","76","153","40","38","54","75","C0241074"
"14569","1832","2","5","7","34","52","225","142","220","298","C0241074"
"14570","1261","2","5","8","63","36","166","106","110","158","C0241074"
"14571","2263","2","5","7","53","14","20","25","40","186","C0241074"
"14572","5450","2","3","12","19","221","261","116","159","211","C0241074"
"14573","5290","2","3","7","53","14","20","25","40","186","C0241074"
"14574","79823","2","3","4","68","45","272","347","518","621","C0241074"
"14575","4361","2","3","12","19","31","261","116","1","86","C0241074"
"14576","4880","2","3","4","19","96","326","427","548","672","C0241074"
"14577","847","2","3","7","34","52","216","395","549","674","C0241074"
"14578","338","2","5","7","53","51","342","454","573","492","C0241074"
"14579","23322","2","3","12","76","153","40","38","54","75","C0241074"
"14580","2259","2","5","8","63","36","166","341","223","158","C0241074"
"14581","3426","2","5","7","53","51","119","395","549","674","C0241074"
"14582","9031","2","3","12","19","31","1","426","55","78","C0241074"
"14583","54664","2","5","2","48","90","110","395","549","674","C0241074"
"14584","3655","2","5","7","53","51","342","454","573","492","C0241074"
"14585","3115","2","5","7","53","184","119","156","287","116","C0241074"
"14586","54977","2","3","2","110","85","118","155","287","116","C0241074"
"14587","59","2","5","8","63","45","23","103","464","187","C0241074"
"14588","4148","2","5","7","53","51","342","454","573","492","C0241074"
"14589","1406","2","3","3","19","221","321","428","541","667","C0241074"
"14590","633","2","5","7","53","51","342","454","573","492","C0241074"
"14591","57105","2","5","4","68","96","326","427","548","672","C0241074"
"14592","331","2","3","12","41","219","339","156","568","697","C0241074"
"14593","4340","2","5","7","53","51","119","341","223","628","C0241074"
"14594","4000","2","3","12","26","105","178","226","297","156","C0241074"
"14595","5080","2","3","3","19","221","321","428","541","667","C0241128"
"14596","51816","2","5","7","34","52","216","395","549","674","C0241128"
"14597","4982","2","5","12","41","219","339","156","568","697","C0241128"
"14598","2261","2","5","7","53","14","20","25","40","186","C0241128"
"14599","2006","2","5","7","53","51","342","454","573","492","C0241128"
"14600","6628","2","3","2","22","33","323","66","101","136","C0241128"
"14601","9365","2","3","7","53","14","20","25","40","186","C0241148"
"14602","5333","2","3","5","18","16","40","417","103","58","C0241148"
"14603","50615","2","5","7","53","51","119","25","40","186","C0241148"
"14604","5172","2","5","8","45","94","199","240","415","666","C0241148"
"14605","2067","2","3","12","19","31","261","116","1","86","C0241148"
"14606","10269","2","3","2","48","182","50","119","444","556","C0241157"
"14607","1938","2","3","7","34","52","216","395","549","671","C0241157"
"14608","3991","2","3","5","80","81","166","57","83","658","C0241157"
"14609","7345","2","3","12","41","116","268","341","223","628","C0241157"
"14610","6911","2","5","6","19","142","335","259","560","373","C0241157"
"14611","2072","2","3","12","19","31","261","116","1","86","C0241157"
"14612","51360","2","3","3","26","35","276","91","433","203","C0241157"
"14613","27031","2","3","6","11","142","225","38","331","506","C0241157"
"14614","774","2","5","8","63","36","166","341","390","158","C0241157"
"14615","3815","2","5","7","53","14","20","25","40","186","C0241157"
"14616","238","2","5","7","53","14","20","25","40","186","C0241178"
"14617","846","2","5","4","68","96","326","427","548","672","C0241178"
"14618","10269","2","3","2","48","182","50","119","444","556","C0241178"
"14619","4000","2","3","12","26","105","178","226","297","156","C0241178"
"14620","351","2","5","4","68","96","326","188","145","193","C0241178"
"14621","1440","2","5","7","53","51","119","25","489","416","C0241178"
"14622","1028","2","3","12","19","31","1","116","1","86","C0241178"
"14623","4803","2","5","7","60","54","24","30","46","72","C0241178"
"14624","7273","2","5","7","53","51","342","103","464","702","C0241178"
"14625","51594","2","3","7","76","153","40","38","54","75","C0241178"
"14626","2263","2","5","7","53","14","20","25","40","186","C0241178"
"14627","875","2","3","5","80","137","44","21","451","316","C0241178"
"14628","7305","2","5","7","34","52","216","395","549","674","C0241178"
"14629","2658","2","5","7","53","51","342","259","423","389","C0241178"
"14630","23064","2","3","6","11","31","261","142","220","664","C0241178"
"14631","3934","2","5","7","34","52","216","395","549","674","C0241178"
"14632","6310","2","3","12","22","142","225","366","362","468","C0241178"
"14633","2588","2","3","7","34","52","216","395","549","674","C0241181"
"14634","9215","2","5","2","27","36","150","430","215","628","C0241181"
"14635","7036","2","3","5","29","88","132","85","222","346","C0241181"
"14636","1583","2","3","5","79","152","273","375","100","589","C0241181"
"14637","9820","2","3","12","41","116","268","434","468","213","C0241181"
"14638","1134","2","5","8","27","70","99","162","216","290","C0241181"
"14639","3593","2","5","7","53","51","119","25","489","416","C0241181"
"14640","2778","2","5","4","68","96","326","427","548","672","C0241181"
"14641","7100","2","5","7","53","219","119","156","568","697","C0241181"
"14642","242","2","3","5","11","142","223","142","220","298","C0241181"
"14643","6872","2","3","12","19","31","261","116","159","211","C0241181"
"14644","10269","2","3","2","48","182","50","119","444","556","C0241181"
"14645","9343","2","3","2","22","33","323","66","101","136","C0241181"
"14646","2701","2","3","12","76","153","40","38","54","75","C0241181"
"14647","8910","2","5","8","63","45","23","103","464","187","C0241181"
"14648","930","2","5","7","53","14","119","25","40","186","C0241181"
"14649","7275","2","5","7","53","14","20","25","40","186","C0241181"
"14650","2556","2","5","8","27","70","99","162","216","290","C0241181"
"14651","54209","2","5","7","53","51","119","395","549","674","C0241185"
"14652","26275","2","3","2","67","92","67","76","155","153","C0241185"
"14653","54790","2","3","12","19","31","1","426","55","78","C0241185"
"14654","5744","2","5","4","68","96","326","427","548","672","C0241237"
"14655","3248","2","3","2","69","83","133","167","224","301","C0241237"
"14656","6531","2","5","8","45","94","199","240","415","666","C0241237"
"14657","7274","2","3","5","43","161","99","162","216","290","C0241267"
"14658","7319","2","3","12","41","116","268","434","468","213","C0241267"
"14659","8626","2","3","3","19","221","321","428","541","667","C0241267"
"14660","4502","2","5","7","53","184","119","156","287","116","C0241358"
"14661","9652","2","3","2","110","85","237","433","547","671","C0241358"
"14662","338","2","5","7","53","51","342","454","573","492","C0241358"
"14663","6521","2","5","8","35","41","199","40","415","666","C0241358"
"14664","421","2","5","7","42","51","335","444","560","373","C0241395"
"14665","875","2","3","5","80","137","44","21","451","316","C0241395"
"14666","4692","2","5","7","53","51","119","402","489","416","C0241395"
"14667","1594","2","3","5","92","163","96","363","460","487","C0241397"
"14668","7473","2","5","3","68","221","197","259","560","422","C0241397"
"14669","8398","2","3","5","116","183","40","38","352","455","C0241397"
"14670","2255","2","5","7","53","14","20","25","40","186","C0241397"
"14671","2671","2","3","2","48","170","50","304","167","593","C0241397"
"14672","145226","2","3","2","69","83","101","126","170","224","C0241397"
"14673","9321","2","3","12","76","153","40","38","54","203","C0241397"
"14674","3952","2","5","3","53","151","276","91","433","118","C0241397"
"14675","3766","2","5","8","63","36","166","106","110","158","C0241397"
"14676","6690","2","5","7","68","51","119","395","549","674","C0241423"
"14677","7048","2","5","7","53","51","342","259","423","389","C0241423"
"14678","4854","2","5","7","53","51","143","428","236","667","C0241423"
"14679","6786","2","5","8","63","45","23","103","464","187","C0241423"
"14680","7066","2","5","7","53","51","119","25","573","416","C0241438"
"14681","55670","2","3","5","43","161","305","409","208","482","C0241438"
"14682","54567","2","5","7","53","51","143","428","236","667","C0241438"
"14683","84790","2","3","12","76","153","40","38","54","75","C0241442"
"14684","26277","2","3","12","19","31","1","426","1","78","C0241442"
"14685","6303","2","3","2","67","118","160","261","188","423","C0241442"
"14686","8626","2","3","3","19","221","321","428","541","667","C0241442"
"14687","356","2","5","7","53","219","339","25","489","697","C0241442"
"14688","6662","2","3","3","19","221","321","428","541","667","C0241442"
"14689","7351","2","3","2","20","29","98","123","166","221","C0241442"
"14690","4000","2","3","12","26","105","178","226","297","156","C0241442"
"14691","5077","2","3","3","19","221","321","428","541","667","C0241442"
"14692","1272","2","5","7","53","51","335","444","236","373","C0241442"
"14693","7837","2","3","5","80","51","342","454","573","492","C0241442"
"14694","2690","2","5","7","53","14","20","25","40","186","C0241521"
"14695","23522","2","3","12","19","31","1","426","55","78","C0241521"
"14696","613","2","5","7","60","54","24","30","46","72","C0241521"
"14697","3098","2","3","2","90","167","266","367","500","577","C0241521"
"14698","3115","2","5","7","53","184","119","156","287","116","C0241521"
"14699","7039","2","3","12","19","31","1","426","55","203","C0241521"
"14700","1583","2","3","5","79","152","273","375","100","589","C0241521"
"14701","55612","2","5","7","60","36","71","177","560","701","C0241521"
"14702","11005","2","1","6","11","142","225","142","220","298","C0241521"
"14703","540","2","5","8","63","45","23","103","464","187","C0241577"
"14704","6657","2","3","12","19","221","321","428","541","667","C0241577"
"14705","5027","2","5","8","63","45","23","306","390","158","C0241577"
"14706","2247","2","5","7","53","14","20","25","40","186","C0241577"
"14707","3508","2","3","12","19","31","261","116","1","86","C0241577"
"14708","51199","2","3","12","76","153","40","38","54","75","C0241654"
"14709","6231","2","3","2","110","85","237","433","547","671","C0241654"
"14710","4893","2","5","7","34","52","24","30","46","72","C0241654"
"14711","3481","2","5","7","53","51","342","454","573","492","C0241654"
"14712","1811","2","5","8","35","41","199","40","415","666","C0241654"
"14713","2212","2","5","7","34","52","216","395","549","674","C0241654"
"14714","7043","2","5","7","53","51","342","454","573","492","C0241654"
"14715","154","2","5","4","68","96","326","427","548","669","C0241654"
"14716","1356","2","3","7","53","51","342","454","573","492","C0241654"
"14717","3425","2","3","5","80","81","166","454","573","492","C0241654"
"14718","2562","2","5","8","27","70","99","162","216","290","C0241654"
"14719","5824","2","3","5","47","144","185","238","310","392","C0241654"
"14720","5468","2","3","3","19","151","276","91","433","118","C0241688"
"14721","26608","2","3","2","22","170","50","119","463","153","C0241688"
"14722","4598","2","3","2","19","151","276","198","259","427","C0241688"
"14723","2261","2","5","7","53","14","20","25","40","186","C0241688"
"14724","10312","2","3","7","34","52","216","395","549","674","C0241688"
"14725","10617","2","3","12","48","57","110","141","359","462","C0241700"
"14726","10008","2","5","8","63","36","166","341","223","158","C0241700"
"14727","57379","2","3","5","22","137","261","104","146","194","C0241700"
"14728","3643","2","5","7","53","14","20","25","40","186","C0241700"
"14729","55112","2","3","12","76","153","40","38","54","75","C0241700"
"14730","7259","2","3","12","19","31","1","426","55","78","C0241700"
"14731","2627","2","3","12","19","31","118","155","287","116","C0241700"
"14732","346171","2","3","12","19","31","1","426","55","78","C0241703"
"14733","5993","2","3","12","19","31","1","426","55","78","C0241703"
"14734","2720","2","3","7","34","52","216","395","21","599","C0241703"
"14735","545","2","3","12","19","31","261","116","1","86","C0241703"
"14736","2200","2","5","7","53","51","342","454","573","492","C0241703"
"14737","5447","2","3","5","91","214","271","372","471","586","C0241703"
"14738","1737","2","3","2","67","92","293","55","75","311","C0241703"
"14739","776","2","5","8","63","36","166","341","390","158","C0241703"
"14740","3242","2","3","5","67","92","293","55","308","390","C0241703"
"14741","778","2","5","8","63","36","166","341","223","158","C0241703"
"14742","7112","2","3","12","76","153","40","38","54","75","C0241703"
"14743","1962","2","3","5","43","161","305","409","208","482","C0241703"
"14744","5189","2","3","5","43","161","305","409","208","482","C0241703"
"14745","1298","2","5","7","53","51","342","454","573","492","C0241703"
"14746","1837","2","5","8","63","45","23","103","464","187","C0241703"
"14747","1277","2","5","7","53","51","342","454","573","492","C0241703"
"14748","51204","2","3","2","48","170","50","119","444","556","C0241703"
"14749","1312","2","3","2","87","79","105","426","129","25","C0241703"
"14750","5495","2","3","12","41","219","339","347","287","664","C0241703"
"14751","6663","2","3","3","19","221","321","428","541","667","C0241703"
"14752","2719","2","5","7","53","51","342","454","573","492","C0241703"
"14753","5994","2","3","12","19","31","276","91","491","118","C0241703"
"14754","5774","2","5","7","60","81","296","399","201","274","C0241703"
"14755","10269","2","3","2","48","182","50","119","444","556","C0241760"
"14756","861","2","3","12","19","31","1","426","55","78","C0241760"
"14757","5465","2","3","3","19","151","276","91","433","118","C0241775"
"14758","1513","2","5","7","53","51","342","454","573","492","C0241775"
"14759","10135","2","3","2","11","175","279","265","276","474","C0241775"
"14760","4750","2","5","12","76","14","20","34","540","68","C0241775"
"14761","2752","2","3","2","101","62","189","182","509","409","C0241775"
"14762","1758","2","5","7","53","51","342","454","573","492","C0241775"
"14763","3758","2","5","8","63","36","166","106","110","158","C0241816"
"14764","5319","2","3","5","116","183","295","398","243","327","C0241816"
"14765","54880","2","3","12","19","31","1","426","55","78","C0241816"
"14766","51684","2","3","12","41","116","268","38","54","75","C0241816"
"14767","3758","2","5","8","63","36","166","106","110","158","C0241816"
"14768","3239","2","3","3","19","221","321","428","541","667","C0241816"
"14769","4323","2","5","7","53","51","342","454","573","492","C0241816"
"14770","6888","2","3","2","90","167","266","367","500","577","C0241908"
"14771","1584","2","3","5","79","159","256","276","353","456","C0241908"
"14772","7369","2","5","7","53","51","119","395","549","674","C0241910"
"14773","8772","2","3","12","41","219","339","156","568","697","C0241910"
"14774","5727","2","3","12","68","221","197","259","560","422","C0241910"
"14775","23086","2","3","12","19","45","197","70","107","270","C0241910"
"14776","51752","2","3","2","41","153","119","156","536","116","C0241910"
"14777","4645","2","3","4","67","92","293","55","75","311","C0241910"
"14778","213","2","5","7","53","51","342","454","573","492","C0241910"
"14779","1080","2","3","12","41","219","339","156","544","669","C0241910"
"14780","238","2","5","7","53","14","20","25","40","186","C0241910"
"14781","9842","2","3","5","76","155","76","291","152","420","C0241910"
"14782","2896","2","5","7","34","52","216","395","549","674","C0241910"
"14783","1312","2","3","2","87","79","105","426","129","25","C0241910"
"14784","8878","2","3","12","41","219","339","156","568","697","C0241910"
"14785","1003","2","5","7","53","51","335","444","560","373","C0241910"
"14786","4322","2","5","7","53","51","342","454","573","492","C0241910"
"14787","2317","2","5","7","63","45","23","103","287","664","C0241910"
"14788","51098","2","3","12","76","153","40","38","54","75","C0241910"
"14789","10686","2","5","6","42","36","71","177","64","219","C0241961"
"14790","4921","2","5","7","53","14","20","25","573","186","C0241961"
"14791","595","2","3","12","19","31","1","426","489","416","C0241961"
"14792","6775","2","5","7","53","14","119","25","40","186","C0242184"
"14793","2033","2","3","12","19","31","1","91","433","118","C0242184"
"14794","6786","2","5","8","63","45","23","103","464","187","C0242184"
"14795","1174","2","5","7","60","153","184","341","544","669","C0242184"
"14796","3845","2","5","7","60","54","24","30","46","72","C0242184"
"14797","8517","2","3","12","41","219","339","156","568","697","C0242184"
"14798","3106","2","5","7","34","52","119","395","549","674","C0242184"
"14799","10815","2","5","7","60","36","71","341","223","666","C0242184"
"14800","2969","2","3","12","19","31","276","91","433","118","C0242184"
"14801","2538","2","3","5","90","216","333","438","561","689","C0242184"
"14802","3339","2","5","7","53","51","342","454","573","492","C0242184"
"14803","3909","2","5","7","53","51","342","454","573","492","C0242184"
"14804","4540","2","3","2","48","170","50","119","444","556","C0242184"
"14805","51057","2","3","12","76","153","40","38","54","75","C0242184"
"14806","4210","2","3","12","41","219","339","156","568","697","C0242184"
"14807","1406","2","3","3","19","221","321","428","541","667","C0242184"
"14808","3954","2","3","2","48","170","67","119","444","593","C0242184"
"14809","25915","2","3","2","48","170","50","119","444","556","C0242184"
"14810","1798","2","3","2","48","69","99","162","216","290","C0242184"
"14811","25814","2","3","2","48","170","110","119","444","462","C0242184"
"14812","5080","2","3","3","19","221","321","428","541","667","C0242184"
"14813","9382","2","5","7","60","153","40","38","66","203","C0242184"
"14814","2623","2","3","12","19","31","1","155","287","116","C0242184"
"14815","5994","2","3","12","19","31","276","91","491","118","C0242184"
"14816","5897","2","3","12","41","116","268","141","568","605","C0242184"
"14817","8546","2","5","7","60","18","184","341","544","669","C0242184"
"14818","1536","2","5","7","34","52","216","395","549","674","C0242184"
"14819","1280","2","5","7","53","51","342","454","573","492","C0242184"
"14820","6555","2","5","8","45","94","199","240","415","666","C0242184"
"14821","4041","2","5","3","68","221","197","259","560","422","C0242184"
"14822","50","2","3","5","80","81","50","304","167","593","C0242184"
"14823","3764","2","5","8","63","36","166","106","110","158","C0242184"
"14824","26277","2","3","12","19","31","1","426","1","78","C0242184"
"14825","1535","2","5","7","34","52","216","395","549","674","C0242216"
"14826","11136","2","3","5","80","94","199","240","415","666","C0242216"
"14827","2260","2","5","7","53","14","20","25","40","186","C0242216"
"14828","26154","2","3","5","47","144","185","238","310","392","C0242216"
"14829","11277","2","3","12","19","31","261","116","1","86","C0242231"
"14830","2033","2","3","12","19","31","1","91","433","118","C0242231"
"14831","5980","2","3","12","19","31","261","116","1","86","C0242231"
"14832","1027","2","3","12","19","31","1","116","1","86","C0242231"
"14833","6622","2","3","7","27","36","150","341","223","628","C0242231"
"14834","6522","2","5","8","35","41","199","40","415","666","C0242231"
"14835","6948","2","5","7","48","51","105","139","186","245","C0242231"
"14836","7157","2","3","12","19","31","261","402","489","551","C0242339"
"14837","2557","2","5","8","27","70","99","162","216","290","C0242339"
"14838","2707","2","3","12","76","153","40","38","54","75","C0242339"
"14839","7399","2","5","7","53","51","342","454","573","492","C0242339"
"14840","1294","2","5","7","53","51","342","454","573","492","C0242339"
"14841","5805","2","3","2","43","91","75","204","267","352","C0242339"
"14842","5095","2","3","2","48","40","130","166","127","173","C0242339"
"14843","2218","2","5","2","53","123","194","255","560","373","C0242339"
"14844","5745","2","5","4","68","96","326","427","548","672","C0242339"
"14845","4688","2","5","7","60","14","20","25","40","215","C0242339"
"14846","1991","2","5","7","34","52","216","395","549","674","C0242339"
"14847","5155","2","5","7","53","51","342","454","573","186","C0242339"
"14848","999","2","5","7","53","51","342","444","560","373","C0242339"
"14849","7704","2","3","12","41","116","268","434","468","213","C0242339"
"14850","1896","2","5","12","41","219","339","156","568","697","C0242339"
"14851","3730","2","5","7","53","14","20","25","40","186","C0242339"
"14852","1584","2","3","5","79","159","256","276","353","456","C0242339"
"14853","8086","2","3","12","22","33","323","66","101","664","C0242339"
"14854","3074","2","3","7","34","52","216","395","549","607","C0242339"
"14855","6499","2","3","2","110","85","237","433","547","671","C0242339"
"14856","1352","2","3","2","48","170","50","119","444","556","C0242339"
"14857","4792","2","3","12","41","219","339","156","568","605","C0242339"
"14858","4509","2","3","2","48","170","50","119","444","556","C0242339"
"14859","1302","2","5","7","53","51","342","454","573","492","C0242339"
"14860","22891","2","3","12","76","153","40","341","54","75","C0242339"
"14861","3075","2","5","7","53","51","119","395","549","674","C0242339"
"14862","3033","2","3","2","67","80","145","179","239","618","C0242339"
"14863","4210","2","3","12","41","219","339","156","568","697","C0242343"
"14864","5538","2","3","2","115","18","340","269","342","444","C0242343"
"14865","2138","2","3","12","19","31","1","426","55","78","C0242343"
"14866","6204","2","3","2","110","85","237","433","547","671","C0242343"
"14867","6576","2","3","2","45","94","199","240","569","666","C0242343"
"14868","959","2","5","7","53","51","119","395","549","674","C0242350"
"14869","55605","2","3","12","76","153","40","38","54","75","C0242350"
"14870","579","2","3","3","19","221","321","428","541","667","C0242350"
"14871","3284","2","3","2","69","98","169","299","183","243","C0242350"
"14872","6535","2","5","8","45","94","199","240","415","666","C0242350"
"14873","3939","2","3","2","62","37","28","52","105","349","C0242350"
"14874","23742","2","5","5","68","96","326","427","447","586","C0242350"
"14875","9775","2","3","2","22","33","323","66","101","136","C0242350"
"14876","5310","2","5","7","53","51","335","444","560","373","C0242350"
"14877","3060","2","5","4","68","96","326","427","548","672","C0242350"
"14878","5048","2","3","12","76","153","40","38","54","75","C0242350"
"14879","658","2","5","7","53","51","342","259","423","389","C0242350"
"14880","2099","2","3","12","19","151","276","91","433","118","C0242350"
"14881","5116","2","3","12","76","153","40","38","54","75","C0242350"
"14882","10083","2","5","7","42","36","71","177","223","219","C0242350"
"14883","857","2","5","7","53","45","23","57","83","422","C0242350"
"14884","2177","2","3","2","110","90","261","431","545","443","C0242350"
"14885","1964","2","3","2","110","85","237","433","547","671","C0242350"
"14886","4000","2","3","12","26","105","178","226","297","156","C0242350"
"14887","7476","2","5","3","68","221","197","259","560","422","C0242350"
"14888","51128","2","5","7","60","153","24","38","46","72","C0242350"
"14889","540","2","5","8","63","45","23","103","464","187","C0242350"
"14890","4359","2","5","7","53","51","342","454","573","492","C0242350"
"14891","30008","2","5","7","53","51","342","454","573","492","C0242350"
"14892","6557","2","5","8","45","94","199","240","415","666","C0242350"
"14893","4210","2","3","12","41","219","339","156","568","697","C0242350"
"14894","50937","2","5","7","53","51","335","444","560","373","C0242350"
"14895","284403","2","3","12","48","57","110","141","359","462","C0242350"
"14896","8643","2","5","3","68","221","197","259","560","422","C0242350"
"14897","5015","2","3","3","19","221","321","428","541","667","C0242350"
"14898","23373","2","3","3","19","151","276","91","433","118","C0242350"
"14899","4318","2","5","7","34","52","216","395","573","492","C0242350"
"14900","9896","2","3","5","80","81","296","399","201","274","C0242383"
"14901","10939","2","3","2","48","170","50","119","444","593","C0242383"
"14902","348","2","5","7","53","51","342","454","573","492","C0242383"
"14903","2736","2","3","12","41","116","321","428","54","667","C0242383"
"14904","1827","2","5","7","63","45","23","402","518","621","C0242383"
"14905","9897","2","3","12","76","18","75","38","1","212","C0242383"
"14906","2562","2","5","8","27","70","99","162","216","290","C0242383"
"14907","5395","2","3","12","19","31","261","116","1","86","C0242383"
"14908","2717","2","3","7","34","52","216","395","549","674","C0242383"
"14909","5607","2","5","7","53","14","20","34","540","68","C0242383"
"14910","1576","2","3","5","91","214","226","326","413","574","C0242383"
"14911","6295","2","3","4","68","45","272","427","518","621","C0242383"
"14912","1588","2","3","5","79","159","256","350","27","44","C0242383"
"14913","7401","2","5","7","60","83","101","126","170","224","C0242383"
"14914","2263","2","5","7","53","14","20","25","40","186","C0242383"
"14915","5146","2","3","5","86","72","258","318","403","518","C0242383"
"14916","847","2","3","7","34","52","216","395","549","674","C0242383"
"14917","5277","2","3","2","61","77","142","176","235","317","C0242383"
"14918","5573","2","3","12","19","184","118","155","287","116","C0242387"
"14919","9563","2","3","5","13","10","212","294","373","485","C0242387"
"14920","1285","2","5","7","53","51","342","454","573","492","C0242387"
"14921","4867","2","5","7","76","153","40","38","54","75","C0242387"
"14922","10518","2","3","2","22","170","50","119","444","556","C0242387"
"14923","3617","2","5","7","86","221","321","454","311","518","C0242488"
"14924","54658","2","3","2","78","205","207","67","355","138","C0242488"
"14925","8139","2","3","12","41","116","268","434","468","213","C0242488"
"14926","2201","2","5","7","53","51","342","454","573","492","C0242488"
"14927","183","2","5","4","68","96","326","427","548","672","C0242488"
"14928","6578","2","3","5","35","41","77","40","57","80","C0242488"
"14929","182","2","5","7","53","51","143","428","236","667","C0242488"
"14930","6311","2","3","2","22","33","323","66","362","468","C0242488"
"14931","3043","2","5","7","34","52","216","395","549","116","C0242488"
"14932","6135","2","3","2","110","85","237","433","547","671","C0242488"
"14933","10804","2","3","12","76","153","40","38","54","75","C0242488"
"14934","3845","2","5","7","60","54","24","30","46","72","C0242488"
"14935","4987","2","5","4","68","96","326","427","548","672","C0242488"
"14936","396","2","5","7","60","54","24","30","46","72","C0242488"
"14937","9056","2","3","8","45","94","199","240","415","666","C0242488"
"14938","284058","2","3","12","19","31","1","426","55","78","C0242488"
"14939","3636","2","3","5","80","14","20","25","40","186","C0242488"
"14940","56475","2","3","12","19","31","1","116","489","551","C0242488"
"14941","974","2","5","7","53","51","119","395","549","674","C0242528"
"14942","19","2","3","3","19","151","276","91","433","118","C0242528"
"14943","6899","2","5","7","53","184","335","259","560","373","C0242528"
"14944","3717","2","5","7","53","14","20","25","40","186","C0242567"
"14945","1233","2","5","4","68","96","326","427","548","672","C0242567"
"14946","1956","2","5","7","53","14","184","45","544","669","C0242567"
"14947","128637","2","5","7","60","54","24","30","46","72","C0242567"
"14948","51594","2","3","7","76","153","40","38","54","75","C0242567"
"14949","4352","2","5","7","53","14","20","25","40","186","C0242584"
"14950","3458","2","5","7","53","184","119","156","287","116","C0242584"
"14951","2896","2","5","7","34","52","216","395","549","674","C0242584"
"14952","1026","2","3","12","19","31","1","116","489","416","C0242584"
"14953","5080","2","3","3","19","221","321","428","541","667","C0242584"
"14954","3908","2","5","7","53","51","342","454","573","492","C0242584"
"14955","4125","2","3","7","34","52","216","395","549","674","C0242584"
"14956","5476","2","3","7","34","52","216","395","152","310","C0242584"
"14957","7305","2","5","7","34","52","216","395","549","674","C0242584"
"14958","3209","2","3","3","19","221","321","428","541","667","C0242584"
"14959","2243","2","5","7","53","51","342","454","573","492","C0242584"
"14960","1180","2","5","8","63","45","23","34","464","187","C0242584"
"14961","10516","2","5","7","53","51","342","454","573","492","C0242584"
"14962","9731","2","3","12","76","153","40","38","54","75","C0242584"
"14963","9380","2","3","2","67","128","208","289","366","472","C0242584"
"14964","51124","2","5","4","68","96","326","427","548","672","C0242584"
"14965","5144","2","3","4","68","96","326","427","548","672","C0242584"
"14966","5333","2","3","5","18","16","40","417","103","58","C0242584"
"14967","4998","2","3","12","76","31","261","116","1","86","C0242584"
"14968","37","2","3","2","110","105","178","226","297","380","C0242584"
"14969","3558","2","5","7","53","14","20","25","40","186","C0242584"
"14970","5325","2","3","12","19","31","198","261","146","118","C0242584"
"14971","5290","2","3","7","53","14","20","25","40","186","C0242596"
"14972","834","2","5","12","41","219","339","156","568","697","C0242596"
"14973","3718","2","5","7","53","14","20","25","40","186","C0242647"
"14974","5743","2","3","5","53","175","119","167","489","416","C0242647"
"14975","9420","2","3","5","79","159","256","215","282","366","C0242647"
"14976","6204","2","3","2","110","85","237","433","547","671","C0242647"
"14977","28976","2","3","2","48","170","50","247","322","446","C0242666"
"14978","7415","2","3","7","34","52","216","395","536","445","C0242666"
"14979","9082","2","3","12","19","31","286","51","488","102","C0242698"
"14980","1728","2","3","2","41","116","268","434","568","605","C0242698"
"14981","1294","2","5","7","53","51","342","454","573","492","C0242698"
"14982","50940","2","3","4","68","96","326","427","548","672","C0242698"
"14983","9927","2","3","12","19","31","118","155","287","116","C0242698"
"14984","6329","2","5","8","63","36","166","341","390","158","C0242698"
"14985","5617","2","5","12","19","31","1","426","55","78","C0242698"
"14986","55650","2","3","2","61","77","142","176","235","557","C0242698"
"14987","1906","2","5","4","68","96","326","427","548","672","C0242698"
"14988","5015","2","3","3","19","221","321","428","541","667","C0242698"
"14989","11127","2","3","12","76","153","40","38","54","75","C0242698"
"14990","10804","2","3","12","76","153","40","38","54","75","C0242698"
"14991","2006","2","5","7","53","51","342","454","573","492","C0242698"
"14992","9526","2","3","2","48","69","99","162","216","290","C0242698"
"14993","4535","2","3","2","48","170","50","119","444","556","C0242698"
"14994","1621","2","3","5","53","51","239","333","422","537","C0242698"
"14995","3845","2","5","7","60","54","24","30","46","72","C0242698"
"14996","54453","2","5","7","60","54","24","30","46","72","C0242698"
"14997","6774","2","3","12","53","14","276","25","489","416","C0242698"
"14998","6885","2","3","12","41","219","339","156","568","697","C0242706"
"14999","7169","2","5","8","63","45","23","103","464","187","C0242706"
"15000","7045","2","5","12","19","51","1","426","55","78","C0242706"
"15001","9829","2","5","7","60","14","184","341","544","669","C0242788"
"15002","2018","2","3","3","19","221","321","428","541","667","C0242788"
"15003","1340","2","3","2","48","170","50","141","359","462","C0242788"
"15004","58","2","5","8","63","45","23","103","464","187","C0242788"
"15005","3339","2","5","7","53","51","342","454","573","492","C0242852"
"15006","2517","2","3","7","34","52","216","395","549","674","C0242852"
"15007","2760","2","3","7","34","52","216","395","549","674","C0242973"
"15008","4000","2","3","12","26","105","178","226","297","156","C0242973"
"15009","3560","2","5","7","53","14","20","25","40","186","C0242973"
"15010","2073","2","3","12","19","31","261","116","1","86","C0242973"
"15011","5167","2","3","5","32","93","163","207","303","126","C0242973"
"15012","10262","2","3","2","22","33","323","66","101","136","C0242973"
"15013","29110","2","3","12","41","219","339","156","568","697","C0242973"
"15014","10682","2","5","4","68","96","326","48","69","204","C0242979"
"15015","5080","2","3","3","19","221","321","428","541","667","C0242979"
"15016","658","2","5","7","53","51","342","259","423","389","C0242979"
"15017","3752","2","5","8","63","36","166","106","110","158","C0242979"
"15018","26986","2","3","2","110","85","237","433","547","671","C0243026"
"15019","5190","2","3","5","43","161","305","409","208","482","C0243026"
"15020","1594","2","3","5","92","163","96","363","460","487","C0243026"
"15021","1203","2","3","2","41","170","342","423","536","342","C0243026"
"15022","148022","2","3","12","41","219","339","156","568","697","C0243026"
"15023","26123","2","3","2","76","153","40","38","54","75","C0243026"
"15024","1106","2","3","12","19","31","1","426","55","78","C0243026"
"15025","51085","2","3","2","48","57","110","141","359","462","C0243026"
"15026","9569","2","3","12","19","31","276","91","433","118","C0243026"
"15027","6135","2","3","2","110","85","237","433","547","671","C0243026"
"15028","5340","2","5","7","53","51","342","454","573","492","C0243026"
"15029","4591","2","3","12","41","116","268","434","468","213","C0243026"
"15030","6239","2","3","12","19","119","330","214","454","144","C0243026"
"15031","3098","2","3","2","90","167","266","367","500","577","C0243026"
"15032","51360","2","3","3","26","35","276","91","433","203","C0243026"
"15033","9060","2","3","2","68","18","63","69","102","143","C0243026"
"15034","5296","2","5","7","53","14","20","25","40","186","C0243026"
"15035","9394","2","3","2","74","58","112","148","193","263","C0243026"
"15036","859","2","5","8","63","45","23","103","464","187","C0243026"
"15037","3690","2","5","7","53","51","342","454","573","492","C0243026"
"15038","5994","2","3","12","19","31","276","91","491","118","C0243026"
"15039","2290","2","3","3","19","221","321","428","541","667","C0243050"
"15040","5290","2","3","7","53","14","20","25","40","186","C0243050"
"15041","5443","2","5","4","68","96","326","427","548","672","C0243050"
"15042","6833","2","5","8","45","36","166","240","415","666","C0243050"
"15043","51741","2","3","2","22","33","323","66","101","127","C0243050"
"15044","2108","2","3","2","48","170","50","119","444","556","C0243050"
"15045","2538","2","3","5","90","216","333","438","561","689","C0243050"
"15046","51604","2","3","2","61","77","142","176","235","317","C0243050"
"15047","4893","2","5","7","34","52","24","30","46","72","C0243050"
"15048","3339","2","5","7","53","51","342","454","573","492","C0243050"
"15049","54","2","3","5","80","81","178","195","256","342","C0243050"
"15050","7681","2","3","12","41","116","268","434","468","213","C0243050"
"15051","332","2","3","12","76","153","40","38","54","75","C0243050"
"15052","54806","2","5","7","76","153","40","38","54","75","C0243050"
"15053","5824","2","3","5","47","144","185","238","310","392","C0243050"
"15054","3689","2","5","7","34","52","216","395","549","674","C0243050"
"15055","8772","2","3","12","41","219","339","156","568","697","C0243050"
"15056","7169","2","5","8","63","45","23","103","464","187","C0243050"
"15057","2245","2","5","7","60","54","24","30","46","72","C0243050"
"15058","143689","2","3","2","22","33","323","66","101","136","C0243050"
"15059","919","2","5","7","53","14","119","25","40","186","C0243050"
"15060","4591","2","3","12","41","116","268","434","468","213","C0243050"
"15061","3981","2","3","12","19","31","261","116","1","86","C0243050"
"15062","2693","2","5","4","68","96","326","427","548","672","C0243050"
"15063","58","2","5","8","63","45","23","103","464","187","C0243050"
"15064","5745","2","5","4","68","96","326","427","548","672","C0243050"
"15065","4990","2","3","3","19","221","321","428","541","667","C0243050"
"15066","7054","2","3","5","80","81","166","34","258","345","C0243050"
"15067","3614","2","3","7","34","52","216","395","549","674","C0243050"
"15068","6662","2","3","3","19","221","321","428","541","667","C0243050"
"15069","6492","2","3","3","19","151","276","91","433","118","C0243050"
"15070","7057","2","5","7","53","51","342","454","573","492","C0259771"
"15071","2218","2","5","2","53","123","194","255","560","373","C0259771"
"15072","23534","2","3","2","22","33","323","66","101","136","C0260662"
"15073","51151","2","3","5","23","18","138","250","332","407","C0260662"
"15074","1848","2","3","5","42","81","296","399","201","274","C0260662"
"15075","6557","2","5","8","45","94","199","240","415","666","C0262374"
"15076","1909","2","5","4","68","96","326","427","548","672","C0262374"
"15077","5979","2","5","7","53","14","20","25","40","186","C0262374"
"15078","4860","2","3","7","34","52","216","395","549","150","C0262374"
"15079","1742","2","5","7","60","36","71","341","223","219","C0262374"
"15080","7428","2","3","12","41","116","268","434","468","213","C0262374"
"15081","4843","2","3","5","43","161","305","409","489","416","C0262374"
"15082","3265","2","5","7","60","54","24","30","46","72","C0262374"
"15083","7010","2","5","7","53","14","20","25","40","186","C0262374"
"15084","8799","2","3","5","43","161","305","409","208","482","C0262374"
"15085","3239","2","3","3","19","221","321","428","541","667","C0262374"
"15086","3559","2","5","7","53","14","20","25","40","186","C0262374"
"15087","26580","2","5","8","27","70","99","162","216","290","C0262374"
"15088","51259","2","3","2","76","153","40","38","54","75","C0262431"
"15089","7177","2","3","5","80","51","119","454","549","674","C0262431"
"15090","10087","2","3","7","50","47","39","100","321","255","C0262431"
"15091","6708","2","5","7","60","14","20","25","40","186","C0262431"
"15092","1605","2","5","7","53","51","342","454","573","492","C0262431"
"15093","4038","2","5","7","53","51","342","454","573","492","C0262431"
"15094","23384","2","3","12","63","45","184","103","572","658","C0262431"
"15095","7849","2","3","3","19","221","321","428","541","667","C0262431"
"15096","9126","2","3","12","76","153","40","38","54","75","C0262431"
"15097","5728","2","3","5","80","81","339","156","568","605","C0262431"
"15098","4693","2","5","7","53","51","342","454","573","492","C0262431"
"15099","5159","2","5","7","53","14","20","25","40","186","C0262431"
"15100","952","2","3","5","73","110","155","384","263","348","C0262431"
"15101","3815","2","5","7","53","14","20","25","40","186","C0262431"
"15102","2052","2","3","5","91","130","114","290","367","475","C0262478"
"15103","6833","2","5","8","45","36","166","240","415","666","C0262478"
"15104","54949","2","3","2","48","170","50","119","444","556","C0262527"
"15105","6899","2","5","7","53","184","335","259","560","373","C0262527"
"15106","4137","2","3","7","27","36","150","341","223","628","C0262527"
"15107","3549","2","5","3","53","51","197","259","560","422","C0262527"
"15108","55532","2","3","7","25","44","165","101","274","358","C0262527"
"15109","732","2","5","7","53","51","119","395","549","674","C0262527"
"15110","1615","2","3","2","110","85","237","433","547","154","C0262527"
"15111","3561","2","5","7","53","14","20","25","40","186","C0262527"
"15112","2717","2","3","7","34","52","216","395","549","674","C0262527"
"15113","7020","2","3","12","19","31","276","91","433","664","C0262584"
"15114","3028","2","3","2","67","92","152","32","252","154","C0262584"
"15115","1280","2","5","7","53","51","342","454","573","492","C0262584"
"15116","5447","2","3","5","91","214","271","372","471","586","C0262584"
"15117","3664","2","5","7","53","184","119","156","287","116","C0262584"
"15118","4914","2","3","2","22","18","266","202","252","252","C0262584"
"15119","4000","2","3","12","26","105","178","226","297","156","C0262584"
"15120","58157","2","3","8","63","45","118","155","287","116","C0262584"
"15121","5468","2","3","3","19","151","276","91","433","118","C0262587"
"15122","374291","2","3","2","48","170","50","119","444","556","C0262587"
"15123","2752","2","3","2","101","62","189","182","509","409","C0262587"
"15124","7137","2","5","8","63","45","23","103","464","187","C0262587"
"15125","2218","2","5","2","53","123","194","255","560","373","C0262587"
"15126","7421","2","3","3","19","151","276","91","433","118","C0262587"
"15127","546","2","3","12","19","31","261","426","1","86","C0262587"
"15128","51083","2","5","4","68","96","326","427","548","672","C0262621"
"15129","3914","2","5","7","53","51","342","454","573","492","C0262621"
"15130","5130","2","3","2","85","143","286","51","488","102","C0262630"
"15131","6334","2","5","8","63","36","166","341","223","158","C0262630"
"15132","1289","2","5","7","53","51","342","454","573","492","C0262630"
"15133","4054","2","5","7","53","51","342","454","573","492","C0262630"
"15134","3426","2","5","7","53","51","119","395","549","674","C0262630"
"15135","2260","2","5","7","53","14","20","25","40","186","C0262630"
"15136","9607","2","5","4","68","96","326","427","548","672","C0262630"
"15137","2706","2","3","12","76","153","40","38","54","75","C0262630"
"15138","7466","2","5","7","53","51","342","454","573","492","C0262630"
"15139","5116","2","3","12","76","153","40","38","54","75","C0262650"
"15140","50484","2","3","5","80","109","182","235","307","506","C0262650"
"15141","1482","2","3","3","19","221","321","428","541","667","C0262650"
"15142","9759","2","3","12","19","31","276","91","433","118","C0262655"
"15143","4508","2","3","2","48","170","50","119","444","556","C0262655"
"15144","4041","2","5","3","68","221","197","259","560","422","C0262655"
"15145","4534","2","3","5","80","81","296","399","362","468","C0262655"
"15146","10878","2","5","7","53","51","119","395","549","674","C0262655"
"15147","25970","2","5","7","53","14","20","25","40","116","C0262655"
"15148","1896","2","5","12","41","219","339","156","568","697","C0262655"
"15149","2516","2","3","3","19","151","276","91","433","118","C0262655"
"15150","23411","2","3","12","19","31","1","91","433","118","C0262655"
"15151","1134","2","5","8","27","70","99","162","216","290","C0262655"
"15152","199","2","5","7","34","52","216","395","549","674","C0262655"
"15153","3239","2","3","3","19","221","321","428","541","667","C0262655"
"15154","2778","2","5","4","68","96","326","427","548","672","C0262655"
"15155","3954","2","3","2","48","170","67","119","444","593","C0262655"
"15156","1584","2","3","5","79","159","256","276","353","456","C0262655"
"15157","2318","2","5","7","53","45","23","103","464","187","C0262655"
"15158","5443","2","5","4","68","96","326","427","548","672","C0262655"
"15159","3764","2","5","8","63","36","166","106","110","158","C0262655"
"15160","1991","2","5","7","34","52","216","395","549","674","C0262655"
"15161","538","2","3","8","63","45","23","103","464","187","C0262655"
"15162","2483","2","3","2","22","33","323","66","101","136","C0262655"
"15163","3952","2","5","3","53","151","276","91","433","118","C0262655"
"15164","1281","2","5","7","53","51","342","454","573","492","C0262655"
"15165","1663","2","3","12","76","105","178","226","297","380","C0262655"
"15166","1144","2","5","8","27","70","99","162","216","290","C0262988"
"15167","811","2","3","2","41","116","342","423","536","342","C0262988"
"15168","5159","2","5","7","53","14","20","25","40","186","C0263401"
"15169","4214","2","3","12","41","219","339","34","540","117","C0263401"
"15170","5160","2","3","2","67","92","293","55","75","311","C0263401"
"15171","6513","2","5","7","90","216","337","448","565","562","C0263401"
"15172","1001","2","5","7","53","51","335","444","560","373","C0263401"
"15173","5605","2","5","7","53","14","20","34","540","68","C0263401"
"15174","6786","2","5","8","63","45","23","103","464","187","C0263401"
"15175","2187","2","3","12","19","31","261","116","1","86","C0263401"
"15176","50943","2","3","12","19","31","1","426","129","131","C0263401"
"15177","22954","2","3","12","41","116","268","434","468","213","C0263401"
"15178","9409","2","3","5","43","161","305","409","208","482","C0263401"
"15179","4625","2","3","8","63","45","23","103","464","187","C0263401"
"15180","6647","2","3","2","95","2","342","378","173","702","C0263401"
"15181","1278","2","5","7","53","51","342","454","573","492","C0263401"
"15182","9031","2","3","12","19","31","1","426","55","78","C0263401"
"15183","54903","2","3","12","76","153","40","38","54","75","C0263401"
"15184","55215","2","3","12","76","31","261","116","1","86","C0263401"
"15185","79751","2","3","2","10","180","290","26","73","74","C0263401"
"15186","4638","2","5","7","53","45","23","103","464","187","C0263401"
"15187","2074","2","3","12","19","31","1","426","55","78","C0263401"
"15188","1643","2","3","12","41","116","268","434","468","213","C0263401"
"15189","9420","2","3","5","79","159","256","215","282","366","C0263401"
"15190","51626","2","3","12","76","153","40","38","54","75","C0263401"
"15191","6390","2","3","2","48","170","50","119","444","556","C0263401"
"15192","4539","2","3","2","53","184","86","107","560","195","C0263401"
"15193","6870","2","5","4","68","96","326","427","548","672","C0263401"
"15194","2263","2","5","7","53","14","20","25","40","186","C0263401"
"15195","4920","2","5","7","53","14","20","259","560","373","C0263401"
"15196","5238","2","3","2","80","141","221","111","385","501","C0263401"
"15197","3845","2","5","7","60","54","24","30","46","72","C0263401"
"15198","1717","2","3","2","19","151","276","48","69","204","C0263401"
"15199","2629","2","3","5","80","81","250","291","152","420","C0263401"
"15200","2597","2","3","2","90","167","266","367","500","577","C0263417"
"15201","2201","2","5","7","53","51","342","454","573","492","C0263417"
"15202","22","2","3","2","48","170","279","423","274","154","C0263454"
"15203","54453","2","5","7","60","54","24","30","46","72","C0263454"
"15204","2731","2","3","2","106","104","214","234","67","53","C0263454"
"15205","3623","2","5","7","53","51","342","259","423","389","C0263454"
"15206","116085","2","3","8","45","94","199","240","415","666","C0263454"
"15207","54361","2","5","3","68","221","197","259","560","422","C0263454"
"15208","4653","2","5","7","34","51","342","454","573","492","C0263454"
"15209","11200","2","3","12","19","31","261","116","1","86","C0263454"
"15210","2911","2","5","4","68","96","326","427","548","672","C0263454"
"15211","22930","2","5","7","60","54","24","30","46","72","C0263454"
"15212","4988","2","5","4","68","96","326","427","548","672","C0263454"
"15213","7048","2","5","7","53","51","342","259","423","389","C0263454"
"15214","2488","2","5","4","68","96","326","427","548","672","C0263454"
"15215","4843","2","3","5","43","161","305","409","489","416","C0263454"
"15216","51684","2","3","12","41","116","268","38","54","75","C0263454"
"15217","435","2","3","8","84","97","167","210","278","360","C0263454"
"15218","613","2","5","7","60","54","24","30","46","72","C0263454"
"15219","113189","2","3","2","103","112","197","249","318","97","C0263454"
"15220","1029","2","3","12","19","31","1","116","1","664","C0263454"
"15221","10262","2","3","2","22","33","323","66","101","136","C0263454"
"15222","6297","2","3","12","41","116","266","402","489","416","C0263454"
"15223","6934","2","3","12","19","31","1","428","541","667","C0263454"
"15224","29954","2","5","2","27","206","324","430","215","290","C0263454"
"15225","5317","2","5","7","34","52","216","142","220","298","C0263454"
"15226","6299","2","3","12","19","221","321","428","541","667","C0263454"
"15227","4694","2","3","2","48","170","50","119","444","556","C0263454"
"15228","5340","2","5","7","53","51","342","454","573","492","C0263454"
"15229","7456","2","5","7","60","14","20","25","40","215","C0263454"
"15230","8260","2","3","12","41","85","266","76","287","78","C0263454"
"15231","3240","2","5","7","34","52","216","395","549","674","C0263454"
"15232","1947","2","5","7","53","51","20","25","560","373","C0263454"
"15233","673","2","5","7","53","14","20","34","540","68","C0263454"
"15234","4791","2","3","12","41","219","339","156","568","697","C0263485"
"15235","367","2","3","12","19","31","276","91","433","118","C0263485"
"15236","6495","2","3","3","19","221","321","428","541","667","C0263485"
"15237","673","2","5","7","53","14","20","34","540","68","C0263485"
"15238","847","2","3","7","34","52","216","395","549","674","C0263490"
"15239","5317","2","5","7","34","52","216","142","220","298","C0263490"
"15240","4351","2","3","2","90","167","266","367","500","577","C0263490"
"15241","3957","2","5","5","81","51","342","454","573","492","C0263490"
"15242","673","2","5","7","53","14","20","34","540","68","C0263490"
"15243","4976","2","3","2","48","170","50","119","444","556","C0263490"
"15244","5256","2","3","7","34","45","23","103","464","187","C0263490"
"15245","1130","2","5","7","60","54","326","141","359","462","C0263490"
"15246","6833","2","5","8","45","36","166","240","415","666","C0263490"
"15247","5189","2","3","5","43","161","305","409","208","482","C0263490"
"15248","4508","2","3","2","48","170","50","119","444","556","C0263490"
"15249","92935","2","3","2","110","85","67","76","252","154","C0263490"
"15250","1409","2","3","12","76","153","40","38","54","75","C0263490"
"15251","3845","2","5","7","60","54","24","30","46","72","C0263490"
"15252","7454","2","5","7","60","14","20","25","40","215","C0263490"
"15253","1287","2","5","2","53","51","342","454","573","492","C0263490"
"15254","27241","2","3","12","76","153","76","38","54","75","C0263490"
"15255","5154","2","5","7","53","51","342","454","573","186","C0263490"
"15256","9451","2","3","2","110","51","335","226","297","380","C0263490"
"15257","2263","2","5","7","53","14","20","25","40","186","C0263490"
"15258","4926","2","3","12","76","153","40","38","54","75","C0263490"
"15259","8893","2","3","2","110","85","237","433","547","671","C0263490"
"15260","1612","2","3","12","53","14","20","34","540","68","C0263490"
"15261","1836","2","3","2","35","41","94","260","330","375","C0263490"
"15262","3248","2","3","2","69","83","133","167","224","301","C0263490"
"15263","2272","2","3","12","19","170","266","367","500","577","C0263491"
"15264","2913","2","5","4","68","96","326","427","548","672","C0263491"
"15265","8086","2","3","12","22","33","323","66","101","664","C0263491"
"15266","338","2","5","7","53","51","342","454","573","492","C0263491"
"15267","1291","2","5","7","53","51","342","454","573","492","C0263491"
"15268","11200","2","3","12","19","31","261","116","1","86","C0263491"
"15269","5116","2","3","12","76","153","40","38","54","75","C0263498"
"15270","55112","2","3","12","76","153","40","38","54","75","C0263498"
"15271","2719","2","5","7","53","51","342","454","573","492","C0263498"
"15272","5830","2","3","5","43","161","305","409","208","482","C0263498"
"15273","1788","2","3","12","19","31","1","426","55","78","C0263498"
"15274","65980","2","3","12","19","31","1","426","55","78","C0263498"
"15275","5447","2","3","5","91","214","271","372","471","586","C0263498"
"15276","1073","2","3","8","63","45","184","103","572","658","C0263498"
"15277","9361","2","3","2","48","170","50","119","444","556","C0263498"
"15278","9627","2","3","12","19","31","1","426","55","78","C0263498"
"15279","2260","2","5","7","53","14","20","25","40","186","C0263498"
"15280","3954","2","3","2","48","170","67","119","444","593","C0263498"
"15281","4683","2","3","12","19","31","261","116","1","86","C0263498"
"15282","2261","2","5","7","53","14","20","25","40","186","C0263498"
"15283","5837","2","3","5","80","81","23","103","464","658","C0263498"
"15284","7341","2","3","12","19","31","261","116","1","664","C0263498"
"15285","9131","2","3","12","41","219","339","347","271","356","C0263498"
"15286","10262","2","3","2","22","33","323","66","101","136","C0263498"
"15287","3090","2","3","12","19","31","1","426","55","664","C0263498"
"15288","5979","2","5","7","53","14","20","25","40","186","C0263498"
"15289","778","2","5","8","63","36","166","341","223","158","C0263498"
"15290","894","2","3","12","19","31","1","34","540","68","C0263498"
"15291","55800","2","5","8","27","36","150","341","223","628","C0263498"
"15292","1188","2","5","8","63","45","23","34","464","187","C0263498"
"15293","2733","2","3","2","22","33","323","66","101","664","C0263504"
"15294","7507","2","3","12","19","31","261","116","1","86","C0263504"
"15295","4613","2","3","12","19","31","1","426","55","78","C0263504"
"15296","10797","2","3","5","15","166","104","369","117","583","C0263505"
"15297","3239","2","3","3","19","221","321","428","541","667","C0263505"
"15298","6890","2","3","12","41","184","119","156","568","116","C0263505"
"15299","5602","2","3","12","19","14","150","34","540","68","C0263505"
"15300","79659","2","3","12","76","153","40","38","54","75","C0263523"
"15301","6925","2","3","12","19","31","225","142","220","298","C0263523"
"15302","5264","2","3","5","43","161","305","409","208","482","C0263523"
"15303","2521","2","3","2","22","33","323","66","101","136","C0263523"
"15304","6529","2","5","8","45","94","199","240","415","666","C0263523"
"15305","1280","2","5","7","53","51","342","454","573","492","C0263523"
"15306","347","2","3","7","98","51","298","401","506","626","C0263523"
"15307","5837","2","3","5","80","81","23","103","464","658","C0263523"
"15308","3480","2","5","7","53","14","20","25","40","186","C0263523"
"15309","25974","2","3","7","48","51","105","139","186","245","C0263523"
"15310","6523","2","3","8","45","216","337","448","565","562","C0263523"
"15311","319101","2","1","6","11","142","225","142","220","298","C0263523"
"15312","2626","2","3","12","19","31","118","155","287","116","C0263523"
"15313","2720","2","3","7","34","52","216","395","21","599","C0263523"
"15314","213","2","5","7","53","51","342","454","573","492","C0263523"
"15315","4358","2","3","5","43","161","305","409","208","482","C0263523"
"15316","22858","2","3","7","53","14","20","34","540","68","C0263523"
"15317","55065","2","3","5","38","242","230","312","395","511","C0263523"
"15318","1890","2","3","5","80","81","296","62","94","150","C0263523"
"15319","3730","2","5","7","53","14","20","25","40","186","C0263523"
"15320","596","2","3","12","19","219","339","402","489","416","C0263523"
"15321","4524","2","3","2","15","166","104","369","117","583","C0263523"
"15322","7750","2","3","12","19","31","1","426","448","78","C0263523"
"15323","3848","2","5","7","34","52","225","142","220","298","C0263523"
"15324","23384","2","3","12","63","45","184","103","572","658","C0263530"
"15325","4000","2","3","12","26","105","178","226","297","156","C0263530"
"15326","6310","2","3","12","22","142","225","366","362","468","C0263536"
"15327","249","2","3","5","27","51","335","444","560","373","C0263536"
"15328","5741","2","5","4","68","96","326","427","548","672","C0263537"
"15329","6309","2","3","5","19","151","76","48","69","204","C0263537"
"15330","4292","2","3","12","19","31","261","116","1","86","C0263537"
"15331","375790","2","5","7","53","51","342","454","573","492","C0263537"
"15332","1139","2","5","8","27","70","99","162","216","290","C0263537"
"15333","1277","2","5","7","53","51","342","454","573","492","C0263537"
"15334","2074","2","3","12","19","31","1","426","55","78","C0263537"
"15335","3557","2","3","12","41","219","339","156","568","697","C0263537"
"15336","6389","2","3","2","48","170","50","119","444","556","C0263537"
"15337","2778","2","5","4","68","96","326","427","548","672","C0263537"
"15338","9990","2","5","8","45","94","199","240","415","666","C0263537"
"15339","2779","2","5","4","68","96","326","427","548","672","C0263537"
"15340","5443","2","5","4","68","96","326","427","548","672","C0263537"
"15341","1029","2","3","12","19","31","1","116","1","664","C0263625"
"15342","6899","2","5","7","53","184","335","259","560","373","C0263625"
"15343","545","2","3","12","19","31","261","116","1","86","C0263870"
"15344","51715","2","5","7","60","54","24","30","46","72","C0263870"
"15345","6323","2","5","8","63","36","166","341","390","158","C0263870"
"15346","2639","2","3","2","71","148","34","160","115","164","C0264080"
"15347","3640","2","5","4","68","96","326","427","548","672","C0264080"
"15348","808","2","5","8","63","45","23","103","464","187","C0264080"
"15349","6804","2","5","7","60","36","71","341","223","219","C0264080"
"15350","4990","2","3","3","19","221","321","428","541","667","C0264112"
"15351","51010","2","3","2","110","85","237","433","547","671","C0264112"
"15352","22854","2","5","5","27","51","335","444","560","373","C0264112"
"15353","7461","2","3","7","60","153","40","38","93","75","C0264112"
"15354","4750","2","5","12","76","14","20","34","540","68","C0264112"
"15355","344148","2","5","7","11","142","71","341","560","219","C0264112"
"15356","19","2","3","3","19","151","276","91","433","118","C0264112"
"15357","8292","2","5","5","27","51","342","454","573","492","C0264112"
"15358","9217","2","3","2","50","47","39","100","321","255","C0264112"
"15359","7681","2","3","12","41","116","268","434","468","213","C0264142"
"15360","6833","2","5","8","45","36","166","240","415","666","C0264142"
"15361","183","2","5","4","68","96","326","427","548","672","C0264142"
"15362","7421","2","3","3","19","151","276","91","433","118","C0264142"
"15363","9702","2","3","12","76","153","40","38","54","75","C0264142"
"15364","4780","2","3","12","19","31","276","91","433","118","C0264142"
"15365","27130","2","3","12","48","45","143","38","236","69","C0264142"
"15366","6611","2","3","2","58","55","25","46","329","198","C0264142"
"15367","26585","2","5","7","53","51","342","259","423","389","C0264142"
"15368","26119","2","5","7","60","14","184","341","544","669","C0264142"
"15369","5156","2","5","7","53","14","20","25","40","186","C0264142"
"15370","9150","2","3","12","19","31","261","116","159","211","C0264142"
"15371","4688","2","5","7","60","14","20","25","40","215","C0264142"
"15372","9440","2","4","3","24","119","330","214","454","144","C0264142"
"15373","1376","2","3","2","19","151","276","91","433","118","C0264142"
"15374","811","2","3","2","41","116","342","423","536","342","C0264142"
"15375","4625","2","3","8","63","45","23","103","464","187","C0264169"
"15376","2717","2","3","7","34","52","216","395","549","674","C0264169"
"15377","6622","2","3","7","27","36","150","341","223","628","C0264169"
"15378","8216","2","3","12","41","119","330","214","454","144","C0264169"
"15379","6926","2","5","7","53","51","335","259","560","373","C0264169"
"15380","60","2","3","12","60","45","184","155","287","78","C0264169"
"15381","2799","2","3","7","34","52","216","395","549","33","C0264172"
"15382","168667","2","5","7","53","51","342","259","423","389","C0264172"
"15383","5277","2","3","2","61","77","142","176","235","317","C0264172"
"15384","29760","2","5","7","53","14","20","25","40","186","C0264172"
"15385","2538","2","3","5","90","216","333","438","561","689","C0264172"
"15386","50","2","3","5","80","81","50","304","167","593","C0264172"
"15387","4983","2","5","7","60","54","24","30","46","72","C0264172"
"15388","712","2","5","7","53","51","119","395","549","674","C0264172"
"15389","16","2","3","2","110","85","237","433","547","154","C0264172"
"15390","4137","2","3","7","27","36","150","341","223","628","C0264172"
"15391","6663","2","3","3","19","221","321","428","541","667","C0264172"
"15392","1956","2","5","7","53","14","184","45","544","669","C0264172"
"15393","5339","2","5","7","53","51","342","454","573","492","C0264303"
"15394","2260","2","5","7","53","14","20","25","40","186","C0264303"
"15395","2840","2","5","4","68","96","326","427","548","672","C0264303"
"15396","6905","2","3","12","76","153","40","38","54","75","C0264303"
"15397","1565","2","3","5","91","214","226","326","413","530","C0264303"
"15398","9495","2","5","4","68","96","326","427","223","158","C0264303"
"15399","2255","2","5","7","53","14","20","25","40","186","C0264303"
"15400","4843","2","3","5","43","161","305","409","489","416","C0264303"
"15401","1281","2","5","7","53","51","342","454","573","492","C0264303"
"15402","715","2","5","7","53","51","119","395","549","674","C0264303"
"15403","1311","2","5","7","53","51","342","454","573","492","C0264303"
"15404","2101","2","3","3","19","151","276","91","433","118","C0264303"
"15405","3643","2","5","7","53","14","20","25","40","186","C0264303"
"15406","2969","2","3","12","19","31","276","91","433","118","C0264303"
"15407","23532","2","3","12","41","116","152","129","252","154","C0264324"
"15408","11200","2","3","12","19","31","261","116","1","86","C0264324"
"15409","6916","2","3","5","91","175","119","167","224","301","C0264324"
"15410","9049","2","3","3","41","151","276","378","271","356","C0264353"
"15411","3456","2","3","12","19","31","118","155","287","116","C0264353"
"15412","54880","2","3","12","19","31","1","426","55","78","C0264353"
"15413","639","2","3","12","19","31","1","426","55","78","C0264353"
"15414","54806","2","5","7","76","153","40","38","54","75","C0264353"
"15415","3982","2","5","8","63","45","23","103","464","187","C0264353"
"15416","4358","2","3","5","43","161","305","409","208","482","C0264353"
"15417","9968","2","4","3","24","119","330","214","454","144","C0264423"
"15418","5290","2","3","7","53","14","20","25","40","186","C0264423"
"15419","10743","2","3","3","19","151","276","91","433","118","C0264423"
"15420","3553","2","5","7","53","51","119","25","489","416","C0264423"
"15421","7473","2","5","3","68","221","197","259","560","422","C0264423"
"15422","54968","2","3","2","48","170","50","119","444","556","C0264423"
"15423","10661","2","3","12","19","31","1","426","55","78","C0264423"
"15424","25836","2","3","12","76","153","40","38","54","75","C0264611"
"15425","5982","2","3","12","19","31","261","116","1","86","C0264611"
"15426","2254","2","5","7","53","14","20","25","40","186","C0264611"
"15427","2778","2","5","4","68","96","326","427","548","672","C0264611"
"15428","4092","2","3","12","41","219","339","259","423","605","C0264611"
"15429","6868","2","5","7","53","51","342","454","236","492","C0264912"
"15430","1302","2","5","7","53","51","342","454","573","492","C0264912"
"15431","5428","2","3","2","48","170","50","119","167","593","C0264912"
"15432","7290","2","3","12","19","31","1","426","55","78","C0264955"
"15433","759","2","3","5","35","41","77","40","572","22","C0264955"
"15434","7132","2","3","12","41","219","339","156","568","697","C0265004"
"15435","6016","2","5","7","60","54","24","30","46","72","C0265004"
"15436","9990","2","5","8","45","94","199","240","415","666","C0265004"
"15437","10075","2","3","12","34","52","216","434","468","213","C0265004"
"15438","388","2","5","7","60","54","24","30","46","72","C0265004"
"15439","1441","2","5","7","53","51","119","25","40","186","C0265004"
"15440","1836","2","3","2","35","41","94","260","330","375","C0265004"
"15441","695","2","5","7","53","14","20","25","40","186","C0265004"
"15442","950","2","5","7","60","14","184","341","544","669","C0265004"
"15443","23411","2","3","12","19","31","1","91","433","118","C0265202"
"15444","7403","2","3","12","19","31","1","426","55","78","C0265202"
"15445","6794","2","3","12","53","14","20","34","540","68","C0265202"
"15446","9215","2","5","2","27","36","150","430","215","628","C0265202"
"15447","4534","2","3","5","80","81","296","399","362","468","C0265202"
"15448","10847","2","3","12","19","31","1","426","55","78","C0265202"
"15449","5932","2","3","12","19","31","261","116","1","86","C0265202"
"15450","7078","2","5","7","53","51","342","454","573","702","C0265202"
"15451","22868","2","3","2","48","182","67","76","463","153","C0265202"
"15452","6117","2","3","12","19","31","261","116","1","86","C0265205"
"15453","847","2","3","7","34","52","216","395","549","674","C0265205"
"15454","4318","2","5","7","34","52","216","395","573","492","C0265205"
"15455","5932","2","3","12","19","31","261","116","1","86","C0265210"
"15456","2903","2","5","7","53","14","20","25","223","219","C0265210"
"15457","8893","2","3","2","110","85","237","433","547","671","C0265213"
"15458","478","2","3","8","63","45","23","366","464","187","C0265213"
"15459","28982","2","3","5","25","44","165","101","274","358","C0265213"
"15460","51259","2","3","2","76","153","40","38","54","75","C0265213"
"15461","2956","2","3","12","19","31","261","116","1","86","C0265213"
"15462","9343","2","3","2","22","33","323","66","101","136","C0265213"
"15463","2693","2","5","4","68","96","326","427","548","672","C0265213"
"15464","1890","2","3","5","80","81","296","62","94","150","C0265213"
"15465","11160","2","3","12","41","116","268","423","536","445","C0265215"
"15466","7374","2","3","12","19","31","261","116","1","86","C0265215"
"15467","3730","2","5","7","53","14","20","25","40","186","C0265215"
"15468","7056","2","5","7","53","51","119","454","573","492","C0265215"
"15469","4669","2","3","5","80","81","166","454","453","492","C0265215"
"15470","3655","2","5","7","53","51","342","454","573","492","C0265215"
"15471","4128","2","3","5","80","81","119","402","489","416","C0265215"
"15472","9056","2","3","8","45","94","199","240","415","666","C0265215"
"15473","2566","2","5","8","27","70","99","162","216","290","C0265215"
"15474","9451","2","3","2","110","51","335","226","297","380","C0265215"
"15475","2324","2","5","7","53","14","20","25","40","186","C0265215"
"15476","5327","2","5","7","53","51","342","454","573","492","C0265215"
"15477","10082","2","3","2","74","51","342","454","573","492","C0265215"
"15478","8799","2","3","5","43","161","305","409","208","482","C0265218"
"15479","4089","2","3","12","19","219","339","259","423","605","C0265218"
"15480","3110","2","3","3","19","221","321","428","541","667","C0265219"
"15481","2641","2","5","4","68","96","326","427","548","672","C0265219"
"15482","9968","2","4","3","24","119","330","214","454","144","C0265219"
"15483","3930","2","3","2","22","33","323","66","3","464","C0265220"
"15484","2316","2","5","7","53","51","342","454","573","702","C0265220"
"15485","50964","2","5","3","68","221","197","259","423","422","C0265221"
"15486","5979","2","5","7","53","14","20","25","40","186","C0265221"
"15487","51738","2","5","4","68","96","326","427","548","672","C0265221"
"15488","7353","2","3","12","41","219","339","156","568","605","C0265221"
"15489","701","2","3","12","76","153","40","38","54","75","C0265221"
"15490","5130","2","3","2","85","143","286","51","488","102","C0265221"
"15491","6440","2","5","5","68","96","185","238","310","272","C0265221"
"15492","2263","2","5","7","53","14","20","25","40","186","C0265221"
"15493","6497","2","5","3","19","221","342","259","423","389","C0265221"
"15494","25836","2","3","12","76","153","40","38","54","75","C0265221"
"15495","3887","2","1","6","11","142","225","142","220","298","C0265221"
"15496","3764","2","5","8","63","36","166","106","110","158","C0265221"
"15497","23512","2","3","12","19","31","1","426","55","78","C0265221"
"15498","10484","2","3","7","60","153","40","38","54","203","C0265221"
"15499","55636","2","3","3","19","221","321","428","423","389","C0265224"
"15500","2773","2","5","4","68","96","326","427","548","672","C0265224"
"15501","2653","2","3","2","67","104","214","234","306","388","C0265233"
"15502","1440","2","5","7","53","51","119","25","489","416","C0265233"
"15503","51","2","3","5","43","151","276","91","433","482","C0265233"
"15504","367","2","3","12","19","31","276","91","433","118","C0265234"
"15505","2056","2","5","7","53","51","119","25","40","186","C0265234"
"15506","4041","2","5","3","68","221","197","259","560","422","C0265234"
"15507","860","2","3","12","19","31","276","91","433","118","C0265234"
"15508","23418","2","5","7","53","36","71","177","560","373","C0265241"
"15509","3651","2","3","3","19","221","321","428","541","667","C0265241"
"15510","22858","2","3","7","53","14","20","34","540","68","C0265241"
"15511","9723","2","5","7","53","51","342","79","560","373","C0265245"
"15512","729330","2","5","2","67","92","293","55","75","205","C0265251"
"15513","54657","2","3","2","78","205","207","67","355","138","C0265251"
"15514","4540","2","3","2","48","170","50","119","444","556","C0265260"
"15515","23426","2","5","7","42","36","71","177","223","219","C0265260"
"15516","894","2","3","12","19","31","1","34","540","68","C0265268"
"15517","1387","2","3","12","19","31","276","91","433","118","C0265268"
"15518","7415","2","3","7","34","52","216","395","536","445","C0265268"
"15519","5595","2","3","7","53","14","20","34","540","68","C0265268"
"15520","1134","2","5","8","27","70","99","162","216","290","C0265268"
"15521","1786","2","3","12","19","31","1","426","55","78","C0265268"
"15522","5189","2","3","5","43","161","305","409","208","482","C0265269"
"15523","51091","2","3","2","110","85","237","433","547","671","C0265269"
"15524","3381","2","5","7","53","51","342","454","573","492","C0265269"
"15525","2556","2","5","8","27","70","99","162","216","290","C0265275"
"15526","53904","2","5","7","53","14","20","34","540","68","C0265275"
"15527","7227","2","3","12","19","31","276","91","433","118","C0265275"
"15528","6334","2","5","8","63","36","166","341","223","158","C0265275"
"15529","10733","2","3","12","76","153","40","38","54","75","C0265275"
"15530","1188","2","5","8","63","45","23","34","464","187","C0265275"
"15531","2189","2","3","12","19","31","261","116","1","86","C0265275"
"15532","6299","2","3","12","19","221","321","428","541","667","C0265275"
"15533","23532","2","3","12","41","116","152","129","252","154","C0265275"
"15534","2263","2","5","7","53","14","20","25","40","186","C0265275"
"15535","1728","2","3","2","41","116","268","434","568","605","C0265280"
"15536","4976","2","3","2","48","170","50","119","444","556","C0265280"
"15537","1938","2","3","7","34","52","216","395","549","671","C0265282"
"15538","23545","2","3","5","29","88","132","85","222","346","C0265282"
"15539","9361","2","3","2","48","170","50","119","444","556","C0265287"
"15540","80781","2","5","7","53","51","342","454","573","492","C0265287"
"15541","999","2","5","7","53","51","342","444","560","373","C0265287"
"15542","2132","2","3","2","74","58","112","148","193","263","C0265287"
"15543","2155","2","5","7","53","51","119","454","549","674","C0265287"
"15544","4036","2","5","7","60","14","184","341","544","669","C0265290"
"15545","10907","2","3","2","22","33","323","66","101","136","C0265290"
"15546","6785","2","3","5","67","7","5","239","311","393","C0265290"
"15547","7476","2","5","3","68","221","197","259","560","422","C0265290"
"15548","7390","2","3","5","80","81","166","132","175","473","C0265290"
"15549","673","2","5","7","53","14","20","34","540","68","C0265290"
"15550","11285","2","3","2","74","205","191","396","408","620","C0265290"
"15551","4088","2","3","12","19","219","339","259","423","605","C0265291"
"15552","26154","2","3","5","47","144","185","238","310","392","C0265291"
"15553","1490","2","5","7","53","51","342","454","573","492","C0265292"
"15554","2316","2","5","7","53","51","342","454","573","702","C0265292"
"15555","675","2","3","12","19","31","261","116","1","86","C0265293"
"15556","4952","2","3","5","60","54","184","30","544","669","C0265293"
"15557","3767","2","5","8","63","36","166","106","110","158","C0265294"
"15558","1861","2","5","7","60","14","184","341","544","669","C0265294"
"15559","4524","2","3","2","15","166","104","369","117","583","C0265294"
"15560","5159","2","5","7","53","14","20","25","40","186","C0265294"
"15561","2626","2","3","12","19","31","118","155","287","116","C0265294"
"15562","2313","2","3","12","19","31","276","91","433","118","C0265294"
"15563","7053","2","3","6","11","142","225","142","220","298","C0265294"
"15564","5290","2","3","7","53","14","20","25","40","186","C0265294"
"15565","4000","2","3","12","26","105","178","226","297","156","C0265301"
"15566","4582","2","5","7","53","206","324","430","429","544","C0265301"
"15567","847","2","3","7","34","52","216","395","549","674","C0265312"
"15568","10919","2","3","12","19","31","1","426","55","78","C0265312"
"15569","3209","2","3","3","19","221","321","428","541","667","C0265313"
"15570","2313","2","3","12","19","31","276","91","433","118","C0265313"
"15571","6948","2","5","7","48","51","105","139","186","245","C0265313"
"15572","2263","2","5","7","53","14","20","25","40","186","C0265319"
"15573","6949","2","3","2","110","85","237","164","390","311","C0265319"
"15574","23347","2","3","12","41","116","268","434","468","213","C0265319"
"15575","5295","2","5","7","53","14","20","25","40","186","C0265319"
"15576","4914","2","3","2","22","18","266","202","252","252","C0265319"
"15577","7490","2","3","3","19","221","321","428","541","667","C0265319"
"15578","471","2","3","5","80","81","61","373","341","142","C0265319"
"15579","4952","2","3","5","60","54","184","30","544","669","C0265319"
"15580","1184","2","5","8","63","45","23","34","464","187","C0265319"
"15581","4747","2","5","7","27","36","150","341","223","628","C0265319"
"15582","7099","2","5","7","41","219","339","156","568","697","C0265319"
"15583","1146","2","5","8","27","70","99","162","216","290","C0265319"
"15584","2074","2","3","12","19","31","1","426","55","78","C0265319"
"15585","4703","2","5","7","60","45","23","103","464","187","C0265319"
"15586","7468","2","3","12","19","31","1","426","55","78","C0265319"
"15587","2131","2","3","2","74","58","112","148","181","416","C0265319"
"15588","26608","2","3","2","22","170","50","119","463","153","C0265319"
"15589","1896","2","5","12","41","219","339","156","568","697","C0265319"
"15590","26278","2","3","12","41","116","268","347","271","356","C0265325"
"15591","23495","2","3","12","41","219","339","156","568","697","C0265325"
"15592","3854","2","1","6","11","142","225","142","220","298","C0265325"
"15593","23169","2","3","2","78","205","112","430","429","544","C0265325"
"15594","6770","2","5","7","27","36","273","341","100","589","C0265325"
"15595","5184","2","3","5","80","81","166","52","105","349","C0265331"
"15596","2697","2","3","7","76","153","40","38","54","75","C0265331"
"15597","51085","2","3","2","48","57","110","141","359","462","C0265331"
"15598","2693","2","5","4","68","96","326","427","548","672","C0265334"
"15599","10892","2","5","7","53","219","119","156","568","697","C0265334"
"15600","54551","2","3","12","41","219","197","156","568","422","C0265334"
"15601","8813","2","3","2","48","116","142","136","280","363","C0265334"
"15602","5048","2","3","12","76","153","40","38","54","75","C0265336"
"15603","6559","2","5","8","45","94","199","240","415","666","C0265336"
"15604","6606","2","3","2","22","33","323","66","101","136","C0265338"
"15605","5923","2","5","7","53","14","20","25","40","186","C0265338"
"15606","5728","2","3","5","80","81","339","156","568","605","C0265338"
"15607","1723","2","3","2","48","170","50","119","444","556","C0265338"
"15608","9415","2","3","5","26","46","88","108","150","125","C0265338"
"15609","36","2","3","2","48","170","50","119","444","556","C0265338"
"15610","6497","2","5","3","19","221","342","259","423","389","C0265338"
"15611","114548","2","3","12","41","219","339","156","568","697","C0265341"
"15612","6496","2","3","3","19","221","321","428","541","667","C0265341"
"15613","3852","2","1","6","11","142","225","142","220","298","C0265341"
"15614","2354","2","3","12","19","31","1","426","55","78","C0265341"
"15615","2074","2","3","12","19","31","1","426","55","78","C0265341"
"15616","51057","2","3","12","76","153","40","38","54","75","C0265341"
"15617","775","2","5","8","63","36","166","341","223","158","C0265341"
"15618","51364","2","3","6","11","142","225","142","220","298","C0265341"
"15619","51684","2","3","12","41","116","268","38","54","75","C0265343"
"15620","3845","2","5","7","60","54","24","30","46","72","C0265343"
"15621","6736","2","3","12","19","31","276","91","433","667","C0265343"
"15622","2969","2","3","12","19","31","276","91","433","118","C0265343"
"15623","5781","2","5","7","53","14","20","25","40","186","C0265343"
"15624","657","2","5","7","53","221","342","259","423","389","C0265354"
"15625","2131","2","3","2","74","58","112","148","181","416","C0265354"
"15626","5034","2","5","7","53","51","342","454","573","492","C0265529"
"15627","6335","2","5","8","63","36","166","341","390","158","C0265529"
"15628","949","2","5","5","45","94","199","240","415","666","C0265529"
"15629","324","2","3","12","41","219","197","70","255","422","C0265529"
"15630","9469","2","3","2","103","189","303","29","475","467","C0265529"
"15631","23426","2","5","7","42","36","71","177","223","219","C0265529"
"15632","4038","2","5","7","53","51","342","454","573","492","C0265529"
"15633","526","2","3","5","29","88","132","172","199","308","C0265529"
"15634","1280","2","5","7","53","51","342","454","573","492","C0265529"
"15635","540","2","5","8","63","45","23","103","464","187","C0265529"
"15636","4054","2","5","7","53","51","342","454","573","492","C0265529"
"15637","23418","2","5","7","53","36","71","177","560","373","C0265529"
"15638","54453","2","5","7","60","54","24","30","46","72","C0265529"
"15639","2261","2","5","7","53","14","20","25","40","186","C0265529"
"15640","8626","2","3","3","19","221","321","428","541","667","C0265529"
"15641","6310","2","3","12","22","142","225","366","362","468","C0265529"
"15642","1908","2","5","4","68","96","326","427","548","672","C0265529"
"15643","1292","2","5","7","53","51","342","454","573","492","C0265529"
"15644","9451","2","3","2","110","51","335","226","297","380","C0265529"
"15645","1896","2","5","12","41","219","339","156","568","697","C0265529"
"15646","55699","2","3","2","110","85","67","76","252","154","C0265535"
"15647","10686","2","5","6","42","36","71","177","64","219","C0265535"
"15648","4173","2","3","12","76","31","261","116","1","86","C0265535"
"15649","2892","2","5","8","63","36","166","106","110","158","C0265535"
"15650","7456","2","5","7","60","14","20","25","40","215","C0265535"
"15651","5189","2","3","5","43","161","305","409","208","482","C0265535"
"15652","335","2","5","7","53","51","342","454","573","492","C0265535"
"15653","6750","2","5","4","68","96","326","427","548","672","C0265535"
"15654","590","2","3","5","85","143","286","51","488","604","C0265535"
"15655","3549","2","5","3","53","51","197","259","560","422","C0265535"
"15656","5167","2","3","5","32","93","163","207","303","126","C0265552"
"15657","1302","2","5","7","53","51","342","454","573","492","C0265552"
"15658","5395","2","3","12","19","31","261","116","1","86","C0265552"
"15659","2846","2","5","4","68","96","326","427","548","672","C0265552"
"15660","611","2","5","4","68","96","326","427","548","672","C0265554"
"15661","3643","2","5","7","53","14","20","25","40","186","C0265554"
"15662","2192","2","5","7","53","51","342","454","573","492","C0265554"
"15663","84168","2","5","7","53","51","342","454","573","492","C0265554"
"15664","4089","2","3","12","19","219","339","259","423","605","C0265554"
"15665","10743","2","3","3","19","151","276","91","433","118","C0265554"
"15666","5428","2","3","2","48","170","50","119","167","593","C0265554"
"15667","22948","2","3","12","76","137","76","136","472","435","C0265563"
"15668","6514","2","5","7","90","216","337","448","565","562","C0265563"
"15669","23545","2","3","5","29","88","132","85","222","346","C0265563"
"15670","3265","2","5","7","60","54","24","30","46","72","C0265563"
"15671","51085","2","3","2","48","57","110","141","359","462","C0265563"
"15672","3953","2","5","7","53","14","20","25","40","186","C0265563"
"15673","5644","2","5","7","68","51","119","395","549","674","C0265563"
"15674","7066","2","5","7","53","51","119","25","573","416","C0265563"
"15675","2260","2","5","7","53","14","20","25","40","186","C0265563"
"15676","1836","2","3","2","35","41","94","260","330","375","C0265563"
"15677","5604","2","5","7","53","14","20","34","540","68","C0265563"
"15678","3663","2","3","12","53","184","119","156","287","116","C0265563"
"15679","7153","2","3","12","19","31","261","116","1","86","C0265563"
"15680","5621","2","5","8","27","36","342","454","573","628","C0265563"
"15681","6469","2","5","3","53","221","197","259","560","422","C0265594"
"15682","1848","2","3","5","42","81","296","399","201","274","C0265594"
"15683","114327","2","3","12","11","142","225","142","220","298","C0265594"
"15684","4041","2","5","3","68","221","197","259","560","422","C0265609"
"15685","3700","2","5","7","53","51","342","454","573","702","C0265609"
"15686","1287","2","5","2","53","51","342","454","573","492","C0265642"
"15687","7043","2","5","7","53","51","342","454","573","492","C0265642"
"15688","6559","2","5","8","45","94","199","240","415","666","C0265642"
"15689","5979","2","5","7","53","14","20","25","40","186","C0265642"
"15690","3123","2","5","7","53","51","119","156","287","116","C0265646"
"15691","51259","2","3","2","76","153","40","38","54","75","C0265646"
"15692","6845","2","5","7","60","14","184","341","544","669","C0265654"
"15693","54209","2","5","7","53","51","119","395","549","674","C0265654"
"15694","2121","2","3","12","41","116","268","434","568","605","C0265654"
"15695","2904","2","5","7","53","14","20","25","223","219","C0265654"
"15696","5818","2","5","7","53","51","335","444","560","373","C0265654"
"15697","28234","2","5","8","35","41","77","40","57","80","C0265654"
"15698","7846","2","3","12","76","153","40","38","54","75","C0265654"
"15699","570","2","3","5","43","161","305","409","255","56","C0265654"
"15700","10743","2","3","3","19","151","276","91","433","118","C0265654"
"15701","4548","2","3","2","15","85","105","139","186","245","C0265654"
"15702","9786","2","3","12","76","153","40","38","54","75","C0265654"
"15703","2260","2","5","7","53","14","20","25","40","186","C0265654"
"15704","6786","2","5","8","63","45","23","103","464","187","C0265677"
"15705","51750","2","3","12","19","31","261","116","1","86","C0265677"
"15706","2261","2","5","7","53","14","20","25","40","186","C0265677"
"15707","3683","2","5","7","53","51","119","395","549","674","C0265677"
"15708","51","2","3","5","43","151","276","91","433","482","C0265677"
"15709","9632","2","3","7","60","153","40","38","54","203","C0265677"
"15710","3481","2","5","7","53","51","342","454","573","492","C0265677"
"15711","2911","2","5","4","68","96","326","427","548","672","C0265677"
"15712","1026","2","3","12","19","31","1","116","489","416","C0265677"
"15713","23431","2","5","7","60","18","184","341","544","669","C0265677"
"15714","4286","2","3","12","19","31","261","116","1","664","C0265677"
"15715","29072","2","3","12","19","31","1","426","55","78","C0265677"
"15716","8890","2","3","2","110","85","237","433","547","671","C0265677"
"15717","23384","2","3","12","63","45","184","103","572","658","C0265677"
"15718","8322","2","5","3","68","221","184","259","544","669","C0265677"
"15719","10019","2","5","7","53","14","20","25","40","116","C0265677"
"15720","1184","2","5","8","63","45","23","34","464","187","C0265677"
"15721","91147","2","3","12","76","153","40","38","54","75","C0265677"
"15722","2260","2","5","7","53","14","20","25","40","186","C0265677"
"15723","196","2","3","3","19","151","276","91","433","118","C0265677"
"15724","80184","2","5","7","34","52","216","38","54","75","C0265677"
"15725","4286","2","3","12","19","31","261","116","1","664","C0265677"
"15726","23095","2","3","7","76","153","40","38","54","75","C0265677"
"15727","1497","2","5","2","63","182","50","103","297","628","C0265677"
"15728","1910","2","5","4","68","96","326","427","548","672","C0265677"
"15729","3845","2","5","7","60","54","24","30","46","72","C0265681"
"15730","10395","2","5","7","60","54","24","30","46","72","C0265681"
"15731","7390","2","3","5","80","81","166","132","175","473","C0265695"
"15732","10484","2","3","7","60","153","40","38","54","203","C0265695"
"15733","7124","2","3","12","41","219","339","156","568","697","C0265695"
"15734","8398","2","3","5","116","183","40","38","352","455","C0265695"
"15735","7049","2","5","7","53","51","342","259","423","389","C0265706"
"15736","2332","2","3","2","22","33","71","373","466","609","C0265706"
"15737","8518","2","3","12","19","31","1","426","55","78","C0265736"
"15738","355","2","3","7","41","219","339","156","568","697","C0265736"
"15739","1674","2","5","8","63","45","23","103","464","187","C0265736"
"15740","9896","2","3","5","80","81","296","399","201","274","C0265736"
"15741","7157","2","3","12","19","31","261","402","489","551","C0265740"
"15742","5184","2","3","5","80","81","166","52","105","349","C0265740"
"15743","567","2","5","7","34","52","119","395","549","674","C0265881"
"15744","10020","2","3","2","89","124","204","42","452","258","C0265881"
"15745","54101","2","3","2","48","170","50","347","167","593","C0265886"
"15746","224","2","3","5","50","47","39","202","19","233","C0265886"
"15747","10461","2","5","7","53","14","20","25","40","186","C0265886"
"15748","3930","2","3","2","22","33","323","66","3","464","C0265908"
"15749","1387","2","3","12","19","31","276","91","433","118","C0265908"
"15750","2131","2","3","2","74","58","112","148","181","416","C0265908"
"15751","846","2","5","4","68","96","326","427","548","672","C0265908"
"15752","1437","2","5","7","53","14","20","25","40","186","C0265908"
"15753","3239","2","3","3","19","221","321","428","541","667","C0265961"
"15754","7494","2","3","2","110","105","178","226","297","380","C0265961"
"15755","2733","2","3","2","22","33","323","66","101","664","C0265961"
"15756","3769","2","5","8","63","36","166","106","110","158","C0265961"
"15757","5251","2","3","5","80","81","296","474","593","722","C0265962"
"15758","10262","2","3","2","22","33","323","66","101","136","C0265962"
"15759","604","2","3","12","19","151","276","91","489","416","C0265965"
"15760","8643","2","5","3","68","221","197","259","560","422","C0265965"
"15761","1311","2","5","7","53","51","342","454","573","492","C0265965"
"15762","215","2","3","5","47","144","185","238","310","392","C0265965"
"15763","5015","2","3","3","19","221","321","428","541","667","C0265965"
"15764","7042","2","5","7","53","51","342","454","573","492","C0265965"
"15765","546","2","3","12","19","31","261","426","1","86","C0265965"
"15766","59341","2","5","8","63","45","193","306","390","158","C0265965"
"15767","1394","2","5","4","68","96","326","427","548","672","C0265965"
"15768","6154","2","3","2","110","85","237","433","547","671","C0265965"
"15769","22796","2","5","7","60","153","40","38","66","203","C0265965"
"15770","23322","2","3","12","76","153","40","38","54","75","C0265970"
"15771","3693","2","5","7","53","51","342","454","573","492","C0265970"
"15772","7046","2","3","12","41","219","339","259","423","605","C0265970"
"15773","7048","2","5","7","53","51","342","259","423","389","C0265970"
"15774","1956","2","5","7","53","14","184","45","544","669","C0265989"
"15775","2259","2","5","8","63","36","166","341","223","158","C0265989"
"15776","30008","2","5","7","53","51","342","454","573","492","C0265989"
"15777","10683","2","5","7","53","51","143","428","560","667","C0265989"
"15778","4029","2","3","2","22","85","237","433","547","194","C0265989"
"15779","6664","2","3","3","19","221","321","428","541","667","C0265989"
"15780","7809","2","5","8","63","45","23","34","464","187","C0265989"
"15781","3575","2","5","7","53","51","184","341","544","669","C0265989"
"15782","999","2","5","7","53","51","342","444","560","373","C0265989"
"15783","5106","2","3","2","67","92","293","55","500","577","C0265989"
"15784","4288","2","3","12","76","153","40","38","54","75","C0265989"
"15785","10804","2","3","12","76","153","40","38","54","75","C0265989"
"15786","5961","2","5","7","27","51","326","126","414","702","C0265989"
"15787","4893","2","5","7","34","52","24","30","46","72","C0265998"
"15788","4318","2","5","7","34","52","216","395","573","492","C0265998"
"15789","5654","2","5","7","53","51","342","454","573","492","C0265998"
"15790","4514","2","3","2","48","57","110","141","359","5","C0265998"
"15791","1071","2","5","7","53","51","342","454","573","492","C0265998"
"15792","23169","2","3","2","78","205","112","430","429","544","C0265998"
"15793","1278","2","5","7","53","51","342","454","573","492","C0265998"
"15794","3458","2","5","7","53","184","119","156","287","116","C0265998"
"15795","29760","2","5","7","53","14","20","25","40","186","C0265998"
"15796","5307","2","3","3","19","221","321","428","541","667","C0265998"
"15797","1278","2","5","7","53","51","342","454","573","492","C0265998"
"15798","1301","2","5","7","53","51","342","454","573","492","C0265998"
"15799","6355","2","5","4","68","96","326","427","548","672","C0265998"
"15800","2303","2","5","3","19","221","321","428","541","667","C0265998"
"15801","23126","2","3","12","19","31","276","426","55","78","C0265998"
"15802","50717","2","3","12","41","116","268","434","468","213","C0265998"
"15803","3703","2","3","2","78","26","54","283","118","124","C0265998"
"15804","1028","2","3","12","19","31","1","116","1","86","C0265998"
"15805","367","2","3","12","19","31","276","91","433","118","C0265998"
"15806","2218","2","5","2","53","123","194","255","560","373","C0265998"
"15807","9968","2","4","3","24","119","330","214","454","144","C0266003"
"15808","7486","2","3","12","19","31","261","116","1","86","C0266003"
"15809","4595","2","3","12","19","31","261","116","1","86","C0266011"
"15810","3815","2","5","7","53","14","20","25","40","186","C0266011"
"15811","11005","2","1","6","11","142","225","142","220","298","C0266011"
"15812","3690","2","5","7","53","51","342","454","573","492","C0266011"
"15813","26012","2","3","12","19","31","261","116","159","211","C0266011"
"15814","10555","2","3","7","34","52","216","395","549","622","C0266011"
"15815","5830","2","3","5","43","161","305","409","208","482","C0266011"
"15816","55651","2","3","2","110","85","237","433","547","671","C0266011"
"15817","4359","2","5","7","53","51","342","454","573","492","C0266011"
"15818","3423","2","3","5","74","3","342","374","294","590","C0266011"
"15819","8085","2","3","12","19","31","1","426","55","78","C0266011"
"15820","3984","2","5","7","53","14","20","34","540","68","C0266013"
"15821","270","2","3","5","33","21","47","84","261","246","C0266013"
"15822","7080","2","3","3","19","221","321","428","541","667","C0266013"
"15823","3930","2","3","2","22","33","323","66","3","464","C0266013"
"15824","7248","2","3","2","48","57","110","141","359","462","C0266013"
"15825","9990","2","5","8","45","94","199","240","415","666","C0266013"
"15826","4920","2","5","7","53","14","20","259","560","373","C0266013"
"15827","81839","2","3","2","41","36","71","259","64","422","C0266013"
"15828","23426","2","5","7","42","36","71","177","223","219","C0266013"
"15829","55505","2","3","2","110","85","237","433","547","671","C0266013"
"15830","7037","2","5","7","60","14","184","341","544","669","C0266013"
"15831","6559","2","5","8","45","94","199","240","415","666","C0266013"
"15832","1301","2","5","7","53","51","342","454","573","492","C0266013"
"15833","2162","2","5","7","53","51","342","454","573","702","C0266013"
"15834","8200","2","5","7","53","51","342","259","423","389","C0266013"
"15835","3984","2","5","7","53","14","20","34","540","68","C0266013"
"15836","5339","2","5","7","53","51","342","454","573","492","C0266013"
"15837","54551","2","3","12","41","219","197","156","568","422","C0266013"
"15838","4514","2","3","2","48","57","110","141","359","5","C0266013"
"15839","10195","2","3","2","48","69","99","162","216","290","C0266013"
"15840","5159","2","5","7","53","14","20","25","40","186","C0266013"
"15841","6299","2","3","12","19","221","321","428","541","667","C0266013"
"15842","4000","2","3","12","26","105","178","226","297","156","C0266013"
"15843","10021","2","5","8","63","36","166","106","110","158","C0266013"
"15844","5189","2","3","5","43","161","305","409","208","482","C0266013"
"15845","6899","2","5","7","53","184","335","259","560","373","C0266034"
"15846","2260","2","5","7","53","14","20","25","40","186","C0266034"
"15847","10516","2","5","7","53","51","342","454","573","492","C0266034"
"15848","7428","2","3","12","41","116","268","434","468","213","C0266036"
"15849","396","2","5","7","60","54","24","30","46","72","C0266036"
"15850","7456","2","5","7","60","14","20","25","40","215","C0266037"
"15851","3209","2","3","3","19","221","321","428","541","667","C0266037"
"15852","4720","2","3","2","48","170","50","119","444","556","C0266037"
"15853","9632","2","3","7","60","153","40","38","54","203","C0266037"
"15854","55651","2","3","2","110","85","237","433","547","671","C0266037"
"15855","1806","2","3","2","49","23","186","149","195","61","C0266037"
"15856","9365","2","3","7","53","14","20","25","40","186","C0266037"
"15857","2316","2","5","7","53","51","342","454","573","702","C0266037"
"15858","50846","2","3","3","68","221","197","259","560","422","C0266039"
"15859","53834","2","5","7","53","51","342","454","573","492","C0266039"
"15860","3845","2","5","7","60","54","24","30","46","72","C0266039"
"15861","841","2","3","12","41","219","339","156","568","697","C0266039"
"15862","83716","2","5","7","34","52","216","395","549","674","C0266039"
"15863","10743","2","3","3","19","151","276","91","433","118","C0266039"
"15864","4210","2","3","12","41","219","339","156","568","697","C0266039"
"15865","23384","2","3","12","63","45","184","103","572","658","C0266039"
"15866","1436","2","5","7","53","14","20","25","40","186","C0266039"
"15867","4000","2","3","12","26","105","178","226","297","156","C0266039"
"15868","54840","2","3","12","19","31","261","116","1","86","C0266039"
"15869","1121","2","5","7","60","54","24","30","46","72","C0266039"
"15870","857","2","5","7","53","45","23","57","83","422","C0266039"
"15871","53834","2","5","7","53","51","342","454","573","492","C0266039"
"15872","567","2","5","7","34","52","119","395","549","674","C0266050"
"15873","3240","2","5","7","34","52","216","395","549","674","C0266050"
"15874","51360","2","3","3","26","35","276","91","433","203","C0266050"
"15875","8573","2","5","7","53","36","71","341","223","219","C0266050"
"15876","55572","2","3","2","48","170","50","119","444","556","C0266050"
"15877","54880","2","3","12","19","31","1","426","55","78","C0266050"
"15878","27249","2","3","2","48","182","50","119","186","245","C0266050"
"15879","2990","2","3","7","34","52","216","395","549","674","C0266050"
"15880","2643","2","3","5","87","91","75","204","267","352","C0266052"
"15881","1030","2","3","12","19","31","1","426","55","78","C0266052"
"15882","22930","2","5","7","60","54","24","30","46","72","C0266052"
"15883","25978","2","3","2","48","57","110","141","359","462","C0266052"
"15884","658","2","5","7","53","51","342","259","423","389","C0266052"
"15885","10262","2","3","2","22","33","323","66","101","136","C0266052"
"15886","3778","2","5","8","63","36","166","106","110","158","C0266052"
"15887","3949","2","5","7","60","14","184","341","544","669","C0266052"
"15888","4000","2","3","12","26","105","178","226","297","156","C0266052"
"15889","1297","2","5","7","53","51","342","454","573","492","C0266052"
"15890","5445","2","3","5","80","147","236","328","411","229","C0266052"
"15891","1736","2","3","2","110","85","237","433","547","671","C0266054"
"15892","4864","2","3","5","48","152","184","341","544","669","C0266054"
"15893","1103","2","3","2","67","92","293","55","75","311","C0266054"
"15894","3043","2","5","7","34","52","216","395","549","116","C0266054"
"15895","427","2","3","7","34","52","216","395","549","420","C0266054"
"15896","2316","2","5","7","53","51","342","454","573","702","C0266061"
"15897","1352","2","3","2","48","170","50","119","444","556","C0266061"
"15898","4763","2","5","7","60","54","24","30","46","214","C0266061"
"15899","5727","2","3","12","68","221","197","259","560","422","C0266061"
"15900","156","2","5","4","68","96","326","427","548","672","C0266061"
"15901","2657","2","5","7","53","51","342","259","423","389","C0266061"
"15902","54919","2","3","2","41","96","279","304","370","257","C0266061"
"15903","3091","2","3","12","41","116","276","91","433","605","C0266061"
"15904","3426","2","5","7","53","51","119","395","549","674","C0266061"
"15905","3757","2","5","8","63","36","166","106","110","158","C0266061"
"15906","3569","2","5","7","53","51","342","454","573","416","C0266061"
"15907","26040","2","3","12","19","31","1","116","297","78","C0266061"
"15908","1497","2","5","2","63","182","50","103","297","628","C0266061"
"15909","4041","2","5","3","68","221","197","259","560","422","C0266061"
"15910","126792","2","3","2","74","205","191","18","28","156","C0266061"
"15911","2652","2","5","4","68","96","326","427","548","672","C0266061"
"15912","55215","2","3","12","76","31","261","116","1","86","C0266061"
"15913","4313","2","5","7","53","51","342","454","573","492","C0266061"
"15914","10060","2","3","8","41","45","23","423","464","445","C0266061"
"15915","7374","2","3","12","19","31","261","116","1","86","C0266061"
"15916","11154","2","5","7","60","18","184","341","544","669","C0266061"
"15917","7450","2","5","7","53","51","342","454","573","492","C0266063"
"15918","3588","2","5","7","53","51","119","25","40","186","C0266063"
"15919","2778","2","5","4","68","96","326","427","548","672","C0266063"
"15920","183","2","5","4","68","96","326","427","548","672","C0266063"
"15921","4519","2","3","2","48","170","50","119","508","312","C0266067"
"15922","8764","2","5","7","41","219","339","156","568","697","C0266067"
"15923","29110","2","3","12","41","219","339","156","568","697","C0266067"
"15924","1290","2","5","7","53","51","342","454","573","492","C0266067"
"15925","55650","2","3","2","61","77","142","176","235","557","C0266111"
"15926","2131","2","3","2","74","58","112","148","181","416","C0266111"
"15927","5332","2","3","4","68","96","326","427","548","672","C0266111"
"15928","6556","2","3","7","34","52","216","395","549","674","C0266122"
"15929","54361","2","5","3","68","221","197","259","560","422","C0266122"
"15930","6712","2","5","7","60","153","40","341","223","203","C0266122"
"15931","2239","2","3","2","74","51","342","454","573","492","C0266122"
"15932","5295","2","5","7","53","14","20","25","40","186","C0266122"
"15933","79932","2","5","7","53","51","335","444","549","373","C0266122"
"15934","2821","2","5","7","34","52","216","395","549","577","C0266122"
"15935","4010","2","3","3","19","221","321","428","541","667","C0266122"
"15936","960","2","5","7","34","52","216","454","573","492","C0266122"
"15937","2263","2","5","7","53","14","20","25","40","186","C0266122"
"15938","1836","2","3","2","35","41","94","260","330","375","C0266122"
"15939","7076","2","5","7","53","51","342","454","573","492","C0266122"
"15940","55612","2","5","7","60","36","71","177","560","701","C0266122"
"15941","5352","2","5","7","53","51","342","454","573","492","C0266122"
"15942","6473","2","3","3","19","221","321","428","541","667","C0266122"
"15943","26580","2","5","8","27","70","99","162","216","290","C0266122"
"15944","50943","2","3","12","19","31","1","426","129","131","C0266122"
"15945","1499","2","3","12","19","221","197","259","560","422","C0266122"
"15946","1814","2","5","4","68","96","326","427","548","672","C0266122"
"15947","2263","2","5","7","53","14","20","25","40","186","C0266122"
"15948","150094","2","3","3","53","14","20","34","540","68","C0266122"
"15949","51360","2","3","3","26","35","276","91","433","203","C0266122"
"15950","28982","2","3","5","25","44","165","101","274","358","C0266122"
"15951","242","2","3","5","11","142","223","142","220","298","C0266122"
"15952","4540","2","3","2","48","170","50","119","444","556","C0266122"
"15953","1736","2","3","2","110","85","237","433","547","671","C0266122"
"15954","3762","2","5","8","63","36","166","106","110","158","C0266122"
"15955","3955","2","5","8","89","124","143","428","236","667","C0266174"
"15956","152330","2","5","7","27","51","335","444","560","373","C0266174"
"15957","4436","2","3","12","19","31","261","116","1","86","C0266174"
"15958","64170","2","3","12","41","219","339","156","568","697","C0266174"
"15959","1021","2","3","12","19","31","1","426","55","78","C0266174"
"15960","673","2","5","7","53","14","20","34","540","68","C0266174"
"15961","3239","2","3","3","19","221","321","428","541","667","C0266196"
"15962","26154","2","3","5","47","144","185","238","310","392","C0266196"
"15963","10686","2","5","6","42","36","71","177","64","219","C0266200"
"15964","10046","2","3","12","19","31","143","428","236","667","C0266200"
"15965","6392","2","3","2","48","170","50","119","444","556","C0266200"
"15966","10518","2","3","2","22","170","50","119","444","556","C0266200"
"15967","4540","2","3","2","48","170","50","119","444","556","C0266267"
"15968","6473","2","3","3","19","221","321","428","541","667","C0266267"
"15969","4538","2","3","2","48","170","50","119","444","556","C0266273"
"15970","1187","2","5","8","63","45","23","34","464","187","C0266273"
"15971","1027","2","3","12","19","31","1","116","1","86","C0266275"
"15972","2261","2","5","7","53","14","20","25","40","186","C0266275"
"15973","7136","2","5","8","63","45","23","103","464","187","C0266283"
"15974","4998","2","3","12","76","31","261","116","1","86","C0266283"
"15975","9049","2","3","3","41","151","276","378","271","356","C0266292"
"15976","1605","2","5","7","53","51","342","454","573","492","C0266292"
"15977","7140","2","5","8","63","45","23","103","464","187","C0266292"
"15978","5096","2","3","2","48","40","130","166","127","173","C0266292"
"15979","2629","2","3","5","80","81","250","291","152","420","C0266292"
"15980","1103","2","3","2","67","92","293","55","75","311","C0266292"
"15981","7280","2","3","12","76","153","40","38","54","75","C0266292"
"15982","1181","2","5","8","63","45","23","34","464","187","C0266292"
"15983","9860","2","5","7","53","219","184","156","568","697","C0266292"
"15984","6892","2","3","12","41","116","119","156","568","116","C0266292"
"15985","4771","2","5","7","60","36","71","177","64","215","C0266292"
"15986","51204","2","3","2","48","170","50","119","444","556","C0266292"
"15987","57190","2","5","7","11","142","71","341","560","219","C0266294"
"15988","8626","2","3","3","19","221","321","428","541","667","C0266294"
"15989","189","2","3","5","43","161","305","409","208","482","C0266294"
"15990","5336","2","3","7","53","14","20","25","40","215","C0266294"
"15991","5277","2","3","2","61","77","142","176","235","317","C0266294"
"15992","1513","2","5","7","53","51","342","454","573","492","C0266294"
"15993","51715","2","5","7","60","54","24","30","46","72","C0266294"
"15994","4519","2","3","2","48","170","50","119","508","312","C0266294"
"15995","8085","2","3","12","19","31","1","426","55","78","C0266294"
"15996","6870","2","5","4","68","96","326","427","548","672","C0266294"
"15997","23545","2","3","5","29","88","132","85","222","346","C0266294"
"15998","27130","2","3","12","48","45","143","38","236","69","C0266294"
"15999","6391","2","3","2","48","170","50","119","444","556","C0266294"
"16000","355","2","3","7","41","219","339","156","568","697","C0266294"
"16001","1278","2","5","7","53","51","342","454","573","492","C0266294"
"16002","5251","2","3","5","80","81","296","474","593","722","C0266294"
"16003","1890","2","3","5","80","81","296","62","94","150","C0266294"
"16004","4864","2","3","5","48","152","184","341","544","669","C0266294"
"16005","2254","2","5","7","53","14","20","25","40","186","C0266294"
"16006","9966","2","5","12","41","219","339","156","568","697","C0266294"
"16007","1736","2","3","2","110","85","237","433","547","671","C0266295"
"16008","7592","2","4","3","24","119","330","214","454","144","C0266295"
"16009","22808","2","5","7","60","54","24","30","46","72","C0266295"
"16010","55704","2","3","12","76","153","40","38","54","75","C0266295"
"16011","5648","2","5","7","53","51","119","395","549","674","C0266295"
"16012","1186","2","5","8","63","45","23","34","464","187","C0266295"
"16013","5193","2","3","5","43","161","305","409","208","482","C0266295"
"16014","5428","2","3","2","48","170","50","119","167","593","C0266295"
"16015","701","2","3","12","76","153","40","38","54","75","C0266295"
"16016","411","2","3","7","34","52","216","395","549","674","C0266295"
"16017","6335","2","5","8","63","36","166","341","390","158","C0266295"
"16018","1032","2","3","12","19","31","1","426","55","78","C0266295"
"16019","728","2","5","4","34","96","326","427","548","672","C0266295"
"16020","25886","2","3","12","76","153","76","136","472","435","C0266295"
"16021","2990","2","3","7","34","52","216","395","549","674","C0266295"
"16022","5308","2","3","3","19","221","321","428","541","667","C0266295"
"16023","4282","2","5","7","34","52","216","395","549","674","C0266295"
"16024","1981","2","3","2","110","85","237","433","547","671","C0266295"
"16025","8893","2","3","2","110","85","237","433","547","671","C0266295"
"16026","94","2","5","7","53","51","342","259","423","389","C0266295"
"16027","3798","2","3","7","76","153","40","38","54","75","C0266295"
"16028","966","2","5","7","34","52","216","395","549","674","C0266295"
"16029","5573","2","3","12","19","184","118","155","287","116","C0266295"
"16030","1134","2","5","8","27","70","99","162","216","290","C0266295"
"16031","2147","2","5","7","68","51","342","454","573","492","C0266295"
"16032","4893","2","5","7","34","52","24","30","46","72","C0266295"
"16033","6790","2","3","12","76","153","40","34","540","68","C0266295"
"16034","5627","2","5","7","53","51","342","454","573","702","C0266295"
"16035","1028","2","3","12","19","31","1","116","1","86","C0266295"
"16036","26229","2","3","2","74","205","191","396","408","257","C0266295"
"16037","10345","2","5","8","63","45","23","34","464","187","C0266295"
"16038","8891","2","3","2","110","85","237","433","547","671","C0266295"
"16039","23400","2","5","8","63","45","23","103","464","187","C0266298"
"16040","2316","2","5","7","53","51","342","454","573","702","C0266298"
"16041","5307","2","3","3","19","221","321","428","541","667","C0266298"
"16042","10297","2","3","12","27","36","150","444","223","628","C0266298"
"16043","2517","2","3","7","34","52","216","395","549","674","C0266298"
"16044","6945","2","3","12","19","31","110","141","488","102","C0266313"
"16045","10516","2","5","7","53","51","342","454","573","492","C0266313"
"16046","5310","2","5","7","53","51","335","444","560","373","C0266313"
"16047","1956","2","5","7","53","14","184","45","544","669","C0266313"
"16048","2176","2","3","12","19","31","261","116","1","86","C0266361"
"16049","2483","2","3","2","22","33","323","66","101","136","C0266361"
"16050","54476","2","3","12","41","219","339","156","568","697","C0266361"
"16051","1277","2","5","7","53","51","342","454","573","492","C0266361"
"16052","1281","2","5","7","53","51","342","454","573","492","C0266362"
"16053","3248","2","3","2","69","83","133","167","224","301","C0266362"
"16054","3284","2","3","2","69","98","169","299","183","243","C0266362"
"16055","51604","2","3","2","61","77","142","176","235","317","C0266362"
"16056","6658","2","3","12","19","221","321","428","541","667","C0266362"
"16057","2720","2","3","7","34","52","216","395","21","599","C0266362"
"16058","11093","2","5","7","53","51","342","454","573","492","C0266362"
"16059","8241","2","3","2","22","33","323","66","101","136","C0266362"
"16060","60","2","3","12","60","45","184","155","287","78","C0266362"
"16061","401","2","3","3","19","221","321","428","541","667","C0266362"
"16062","55636","2","3","3","19","221","321","428","423","389","C0266362"
"16063","920","2","5","7","53","14","184","341","544","669","C0266362"
"16064","10483","2","3","7","60","54","24","30","46","72","C0266362"
"16065","5468","2","3","3","19","151","276","91","433","118","C0266362"
"16066","7827","2","5","7","53","170","335","25","560","373","C0266362"
"16067","1311","2","5","7","53","51","342","454","573","492","C0266362"
"16068","3575","2","5","7","53","51","184","341","544","669","C0266362"
"16069","3425","2","3","5","80","81","166","454","573","492","C0266362"
"16070","2068","2","3","12","19","31","261","116","159","211","C0266362"
"16071","2200","2","5","7","53","51","342","454","573","492","C0266362"
"16072","6392","2","3","2","48","170","50","119","444","556","C0266362"
"16073","23081","2","3","12","19","31","1","426","55","78","C0266362"
"16074","27031","2","3","6","11","142","225","38","331","506","C0266362"
"16075","2697","2","3","7","76","153","40","38","54","75","C0266362"
"16076","10269","2","3","2","48","182","50","119","444","556","C0266371"
"16077","1848","2","3","5","42","81","296","399","201","274","C0266371"
"16078","90678","2","3","12","41","116","268","434","468","213","C0266371"
"16079","4286","2","3","12","19","31","261","116","1","664","C0266371"
"16080","3123","2","5","7","53","51","119","156","287","116","C0266371"
"16081","7249","2","3","7","60","57","110","141","359","462","C0266371"
"16082","1277","2","5","7","53","51","342","454","573","492","C0266371"
"16083","7169","2","5","8","63","45","23","103","464","187","C0266371"
"16084","2200","2","5","7","53","51","342","454","573","492","C0266371"
"16085","120892","2","3","2","110","85","28","164","85","522","C0266371"
"16086","2705","2","3","12","76","153","40","38","54","75","C0266371"
"16087","3784","2","5","8","63","36","166","106","110","158","C0266371"
"16088","1290","2","5","7","53","51","342","454","573","492","C0266371"
"16089","55112","2","3","12","76","153","40","38","54","75","C0266371"
"16090","10128","2","3","2","48","170","50","119","444","556","C0266371"
"16091","1497","2","5","2","63","182","50","103","297","628","C0266383"
"16092","5428","2","3","2","48","170","50","119","167","593","C0266383"
"16093","9419","2","5","7","60","36","71","341","223","219","C0266383"
"16094","9572","2","3","3","19","151","276","91","433","118","C0266383"
"16095","6314","2","3","12","19","31","1","426","568","78","C0266383"
"16096","4070","2","5","6","42","36","71","177","64","219","C0266387"
"16097","1716","2","3","2","27","36","150","221","138","188","C0266387"
"16098","10664","2","3","12","19","31","1","426","55","78","C0266387"
"16099","29893","2","3","12","19","31","1","426","55","78","C0266387"
"16100","9990","2","5","8","45","94","199","240","415","666","C0266387"
"16101","5792","2","5","7","53","51","335","444","560","373","C0266387"
"16102","22995","2","3","12","76","153","40","38","54","75","C0266387"
"16103","6469","2","5","3","53","221","197","259","560","422","C0266387"
"16104","58","2","5","8","63","45","23","103","464","187","C0266387"
"16105","5805","2","3","2","43","91","75","204","267","352","C0266387"
"16106","2100","2","3","3","19","151","276","91","433","118","C0266387"
"16107","26040","2","3","12","19","31","1","116","297","78","C0266393"
"16108","6736","2","3","12","19","31","276","91","433","667","C0266393"
"16109","5979","2","5","7","53","14","20","25","40","186","C0266393"
"16110","3265","2","5","7","60","54","24","30","46","72","C0266399"
"16111","2778","2","5","4","68","96","326","427","548","672","C0266399"
"16112","9509","2","5","7","53","51","342","454","573","492","C0266399"
"16113","30061","2","3","5","25","44","165","101","274","358","C0266399"
"16114","2239","2","3","2","74","51","342","454","573","492","C0266399"
"16115","2263","2","5","7","53","14","20","25","40","186","C0266399"
"16116","9049","2","3","3","41","151","276","378","271","356","C0266399"
"16117","3858","2","1","6","11","142","225","142","220","298","C0266399"
"16118","7099","2","5","7","41","219","339","156","568","697","C0266399"
"16119","23435","2","3","2","22","33","323","66","101","136","C0266399"
"16120","5925","2","3","12","19","31","1","426","55","78","C0266399"
"16121","9049","2","3","3","41","151","276","378","271","356","C0266399"
"16122","4000","2","3","12","26","105","178","226","297","156","C0266399"
"16123","2260","2","5","7","53","14","20","25","40","186","C0266399"
"16124","7249","2","3","7","60","57","110","141","359","462","C0266399"
"16125","4318","2","5","7","34","52","216","395","573","492","C0266399"
"16126","6336","2","5","8","63","36","166","341","390","158","C0266399"
"16127","9940","2","3","5","68","221","321","428","447","586","C0266399"
"16128","6005","2","3","2","16","197","45","155","78","695","C0266399"
"16129","23363","2","3","12","41","116","268","434","468","213","C0266399"
"16130","2006","2","5","7","53","51","342","454","573","492","C0266399"
"16131","10312","2","3","7","34","52","216","395","549","674","C0266399"
"16132","9499","2","5","7","53","51","23","103","464","187","C0266399"
"16133","861","2","3","12","19","31","1","426","55","78","C0266411"
"16134","2317","2","5","7","63","45","23","103","287","664","C0266411"
"16135","51715","2","5","7","60","54","24","30","46","72","C0266411"
"16136","5296","2","5","7","53","14","20","25","40","186","C0266427"
"16137","55505","2","3","2","110","85","237","433","547","671","C0266427"
"16138","1187","2","5","8","63","45","23","34","464","187","C0266427"
"16139","1147","2","3","12","41","219","339","156","568","697","C0266427"
"16140","51574","2","3","2","22","33","323","66","101","136","C0266427"
"16141","8481","2","3","12","76","153","40","38","54","75","C0266427"
"16142","4512","2","3","2","48","170","110","141","359","8","C0266427"
"16143","5781","2","5","7","53","14","20","25","40","186","C0266427"
"16144","2918","2","5","4","68","96","326","427","548","672","C0266427"
"16145","950","2","5","7","60","14","184","341","544","669","C0266444"
"16146","5340","2","5","7","53","51","342","454","573","492","C0266444"
"16147","5336","2","3","7","53","14","20","25","40","215","C0266444"
"16148","3835","2","3","12","76","153","40","38","54","75","C0266456"
"16149","5290","2","3","7","53","14","20","25","40","186","C0266456"
"16150","579","2","3","3","19","221","321","428","541","667","C0266456"
"16151","5818","2","5","7","53","51","335","444","560","373","C0266456"
"16152","5959","2","3","2","69","83","101","126","170","224","C0266463"
"16153","861","2","3","12","19","31","1","426","55","78","C0266463"
"16154","6863","2","5","4","68","96","326","427","548","672","C0266463"
"16155","1311","2","5","7","53","51","342","454","573","492","C0266463"
"16156","5894","2","5","7","60","54","23","34","464","187","C0266463"
"16157","8754","2","5","7","53","51","342","454","573","492","C0266463"
"16158","51360","2","3","3","26","35","276","91","433","203","C0266463"
"16159","4538","2","3","2","48","170","50","119","444","556","C0266463"
"16160","189","2","3","5","43","161","305","409","208","482","C0266463"
"16161","718","2","5","7","34","51","119","395","549","674","C0266463"
"16162","7305","2","5","7","34","52","216","395","549","674","C0266463"
"16163","23418","2","5","7","53","36","71","177","560","373","C0266463"
"16164","7084","2","3","2","72","109","115","62","268","353","C0266463"
"16165","7274","2","3","5","43","161","99","162","216","290","C0266463"
"16166","9056","2","3","8","45","94","199","240","415","666","C0266463"
"16167","6496","2","3","3","19","221","321","428","541","667","C0266484"
"16168","2261","2","5","7","53","14","20","25","40","186","C0266484"
"16169","2201","2","5","7","53","51","342","454","573","492","C0266484"
"16170","10320","2","5","7","19","119","143","214","236","389","C0266484"
"16171","1490","2","5","7","53","51","342","454","573","492","C0266491"
"16172","1959","2","3","3","19","151","276","91","433","118","C0266491"
"16173","6144","2","3","2","110","85","237","433","547","671","C0266491"
"16174","8643","2","5","3","68","221","197","259","560","422","C0266525"
"16175","8195","2","3","12","76","153","76","38","54","75","C0266525"
"16176","4204","2","3","12","19","31","1","426","55","78","C0266537"
"16177","9563","2","3","5","13","10","212","294","373","485","C0266537"
"16178","4015","2","5","7","53","51","342","454","573","492","C0266539"
"16179","2316","2","5","7","53","51","342","454","573","702","C0266539"
"16180","351","2","5","4","68","96","326","188","145","193","C0266539"
"16181","7439","2","5","8","63","45","23","34","464","187","C0266539"
"16182","2189","2","3","12","19","31","261","116","1","86","C0266539"
"16183","54585","2","3","12","76","153","76","38","54","75","C0266539"
"16184","7136","2","5","8","63","45","23","103","464","187","C0266539"
"16185","5894","2","5","7","60","54","23","34","464","187","C0266539"
"16186","8518","2","3","12","19","31","1","426","55","78","C0266539"
"16187","3074","2","3","7","34","52","216","395","549","607","C0266539"
"16188","7915","2","3","5","87","39","74","191","250","285","C0266539"
"16189","9487","2","3","5","80","81","142","176","235","317","C0266539"
"16190","2516","2","3","3","19","151","276","91","433","118","C0266539"
"16191","4089","2","3","12","19","219","339","259","423","605","C0266539"
"16192","26123","2","3","2","76","153","40","38","54","75","C0266539"
"16193","4256","2","5","7","53","51","342","454","573","492","C0266541"
"16194","2719","2","5","7","53","51","342","454","573","492","C0266541"
"16195","6863","2","5","4","68","96","326","427","548","672","C0266548"
"16196","2263","2","5","7","53","14","20","25","40","186","C0266548"
"16197","1290","2","5","7","53","51","342","454","573","492","C0266548"
"16198","4286","2","3","12","19","31","261","116","1","664","C0266551"
"16199","2200","2","5","7","53","51","342","454","573","492","C0266551"
"16200","6311","2","3","2","22","33","323","66","362","468","C0266551"
"16201","1301","2","5","7","53","51","342","454","573","492","C0266551"
"16202","4088","2","3","12","19","219","339","259","423","605","C0266568"
"16203","57761","2","3","7","53","14","20","34","540","68","C0266568"
"16204","57539","2","3","12","76","153","40","38","54","75","C0266568"
"16205","2706","2","3","12","76","153","40","38","54","75","C0266568"
"16206","5444","2","3","5","80","147","236","328","411","229","C0266589"
"16207","785","2","5","8","63","36","166","106","110","158","C0266589"
"16208","10058","2","3","5","44","50","209","68","11","141","C0266589"
"16209","6638","2","3","2","22","33","323","66","101","136","C0266589"
"16210","2798","2","5","4","68","96","326","427","548","672","C0266589"
"16211","6100","2","3","2","22","33","323","66","101","136","C0266589"
"16212","5314","2","3","12","76","153","40","38","54","75","C0266589"
"16213","4791","2","3","12","41","219","339","156","568","697","C0266589"
"16214","2131","2","3","2","74","58","112","148","181","416","C0266589"
"16215","8200","2","5","7","53","51","342","259","423","389","C0266589"
"16216","2218","2","5","2","53","123","194","255","560","373","C0266589"
"16217","10908","2","3","2","97","173","275","377","473","592","C0266589"
"16218","3081","2","3","2","91","51","3","267","308","429","C0266589"
"16219","8799","2","3","5","43","161","305","409","208","482","C0266589"
"16220","6469","2","5","3","53","221","197","259","560","422","C0266589"
"16221","545","2","3","12","19","31","261","116","1","86","C0266589"
"16222","8216","2","3","12","41","119","330","214","454","144","C0266589"
"16223","43","2","3","5","85","143","286","51","488","389","C0266589"
"16224","3329","2","3","2","48","170","50","304","167","593","C0266589"
"16225","2896","2","5","7","34","52","216","395","549","674","C0266589"
"16226","11093","2","5","7","53","51","342","454","573","492","C0266589"
"16227","2072","2","3","12","19","31","261","116","1","86","C0266589"
"16228","421","2","5","7","42","51","335","444","560","373","C0266589"
"16229","546","2","3","12","19","31","261","426","1","86","C0266589"
"16230","5192","2","3","5","43","161","305","409","208","482","C0266589"
"16231","7849","2","3","3","19","221","321","428","541","667","C0266589"
"16232","658","2","5","7","53","51","342","259","423","389","C0266589"
"16233","2296","2","3","3","19","221","321","428","541","667","C0266589"
"16234","6678","2","5","7","53","51","342","454","573","492","C0266589"
"16235","7737","2","3","12","22","33","268","434","468","213","C0266610"
"16236","5156","2","5","7","53","14","20","25","40","186","C0266610"
"16237","3565","2","5","7","53","51","119","25","489","416","C0266610"
"16238","9652","2","3","2","110","85","237","433","547","671","C0266610"
"16239","55636","2","3","3","19","221","321","428","423","389","C0266610"
"16240","5897","2","3","12","41","116","268","141","568","605","C0266610"
"16241","4514","2","3","2","48","57","110","141","359","5","C0266610"
"16242","51807","2","3","12","76","153","40","38","54","75","C0266610"
"16243","11141","2","5","7","53","36","335","444","223","373","C0266610"
"16244","1482","2","3","3","19","221","321","428","541","667","C0266610"
"16245","8030","2","3","12","76","137","76","136","472","435","C0266610"
"16246","5015","2","3","3","19","221","321","428","541","667","C0266610"
"16247","2033","2","3","12","19","31","1","91","433","118","C0266610"
"16248","5745","2","5","4","68","96","326","427","548","672","C0266610"
"16249","5159","2","5","7","53","14","20","25","40","186","C0266610"
"16250","3930","2","3","2","22","33","323","66","3","464","C0266610"
"16251","79823","2","3","4","68","45","272","347","518","621","C0266610"
"16252","1312","2","3","2","87","79","105","426","129","25","C0266610"
"16253","6399","2","5","7","60","54","24","30","46","72","C0266610"
"16254","58","2","5","8","63","45","23","103","464","187","C0266610"
"16255","1356","2","3","7","53","51","342","454","573","492","C0266610"
"16256","2619","2","5","3","53","221","197","259","560","422","C0266610"
"16257","1028","2","3","12","19","31","1","116","1","86","C0266610"
"16258","440","2","3","2","101","62","189","182","509","154","C0266610"
"16259","1756","2","5","8","63","45","23","103","464","187","C0266610"
"16260","1836","2","3","2","35","41","94","260","330","375","C0266610"
"16261","6648","2","3","2","95","151","160","378","173","229","C0266610"
"16262","30061","2","3","5","25","44","165","101","274","358","C0266614"
"16263","7169","2","5","8","63","45","23","103","464","187","C0266614"
"16264","7124","2","3","12","41","219","339","156","568","697","C0266614"
"16265","2239","2","3","2","74","51","342","454","573","492","C0266619"
"16266","2033","2","3","12","19","31","1","91","433","118","C0266619"
"16267","9820","2","3","12","41","116","268","434","468","213","C0266619"
"16268","5009","2","3","2","48","97","50","304","167","593","C0266619"
"16269","9640","2","3","12","19","31","261","116","159","211","C0266619"
"16270","23141","2","3","12","76","105","40","226","489","435","C0266619"
"16271","51085","2","3","2","48","57","110","141","359","462","C0266619"
"16272","29954","2","5","2","27","206","324","430","215","290","C0266619"
"16273","5251","2","3","5","80","81","296","474","593","722","C0266619"
"16274","5447","2","3","5","91","214","271","372","471","586","C0266619"
"16275","790","2","3","12","41","219","339","347","206","627","C0266623"
"16276","885","2","5","4","68","96","326","427","548","672","C0266623"
"16277","6473","2","3","3","19","221","321","428","541","667","C0266623"
"16278","1277","2","5","7","53","51","342","454","573","492","C0266623"
"16279","10269","2","3","2","48","182","50","119","444","556","C0266623"
"16280","1832","2","5","7","34","52","225","142","220","298","C0266623"
"16281","23426","2","5","7","42","36","71","177","223","219","C0266623"
"16282","10269","2","3","2","48","182","50","119","444","556","C0266623"
"16283","5025","2","5","8","63","45","23","306","390","158","C0266623"
"16284","585","2","3","12","76","153","40","38","54","75","C0266623"
"16285","2706","2","3","12","76","153","40","38","54","75","C0266623"
"16286","9241","2","5","7","53","51","342","259","423","389","C0266623"
"16287","9896","2","3","5","80","81","296","399","201","274","C0266623"
"16288","54808","2","3","12","76","153","40","38","54","75","C0266623"
"16289","5450","2","3","12","19","221","261","116","159","211","C0266623"
"16290","25978","2","3","2","48","57","110","141","359","462","C0266623"
"16291","1848","2","3","5","42","81","296","399","201","274","C0266623"
"16292","478","2","3","8","63","45","23","366","464","187","C0266623"
"16293","3284","2","3","2","69","98","169","299","183","243","C0266623"
"16294","6531","2","5","8","45","94","199","240","415","666","C0266625"
"16295","5081","2","3","3","19","221","321","428","541","667","C0266625"
"16296","7140","2","5","8","63","45","23","103","464","187","C0266625"
"16297","10861","2","3","2","35","142","225","142","220","673","C0266625"
"16298","175","2","3","7","34","52","216","395","549","674","C0266625"
"16299","5032","2","5","4","68","96","326","427","548","672","C0266625"
"16300","7538","2","3","2","22","33","323","66","101","136","C0266625"
"16301","3949","2","5","7","60","14","184","341","544","669","C0266625"
"16302","25942","2","3","12","19","31","1","426","55","78","C0266625"
"16303","7227","2","3","12","19","31","276","91","433","118","C0266625"
"16304","2006","2","5","7","53","51","342","454","573","492","C0266625"
"16305","203228","2","3","2","48","57","110","141","359","462","C0266625"
"16306","6575","2","3","8","45","94","199","240","415","666","C0266625"
"16307","1316","2","3","12","19","31","276","91","433","118","C0266625"
"16308","2261","2","5","7","53","14","20","25","40","186","C0266625"
"16309","5308","2","3","3","19","221","321","428","541","667","C0266625"
"16310","7518","2","3","12","19","31","261","116","1","86","C0266625"
"16311","5588","2","5","7","53","14","20","34","540","68","C0266625"
"16312","2475","2","3","2","48","57","110","141","359","462","C0266625"
"16313","1311","2","5","7","53","51","342","454","573","492","C0266625"
"16314","10342","2","3","7","60","219","40","202","66","203","C0266625"
"16315","10329","2","3","2","63","123","194","423","536","544","C0266625"
"16316","54345","2","5","3","19","221","321","428","541","667","C0266625"
"16317","7043","2","5","7","53","51","342","454","573","492","C0266625"
"16318","7157","2","3","12","19","31","261","402","489","551","C0266625"
"16319","54704","2","3","2","67","92","293","55","75","311","C0266625"
"16320","5631","2","3","2","72","119","109","266","336","452","C0266625"
"16321","84627","2","3","2","48","170","50","347","167","593","C0266631"
"16322","55812","2","3","12","76","181","160","38","54","75","C0266631"
"16323","7508","2","3","12","19","31","261","116","1","664","C0266631"
"16324","4626","2","5","8","63","45","23","103","464","187","C0266631"
"16325","472","2","3","12","19","31","261","116","1","86","C0266631"
"16326","4722","2","3","2","48","170","50","119","444","556","C0266631"
"16327","2535","2","5","3","68","221","197","259","560","422","C0266631"
"16328","1030","2","3","12","19","31","1","426","55","78","C0266642"
"16329","55505","2","3","2","110","85","237","433","547","671","C0266642"
"16330","2720","2","3","7","34","52","216","395","21","599","C0266642"
"16331","2263","2","5","7","53","14","20","25","40","186","C0266642"
"16332","3579","2","5","4","34","52","216","427","548","672","C0266642"
"16333","7173","2","3","5","36","48","89","110","400","400","C0266642"
"16334","2158","2","5","7","68","51","119","395","549","674","C0266642"
"16335","54463","2","3","2","48","57","110","141","359","462","C0266642"
"16336","5251","2","3","5","80","81","296","474","593","722","C0266642"
"16337","3303","2","3","7","34","52","216","395","271","356","C0266642"
"16338","1690","2","5","7","27","51","342","454","573","492","C0266642"
"16339","51750","2","3","12","19","31","261","116","1","86","C0266642"
"16340","4843","2","3","5","43","161","305","409","489","416","C0266642"
"16341","3039","2","3","5","35","41","118","155","287","116","C0266642"
"16342","4072","2","5","7","53","51","119","454","573","492","C0266642"
"16343","7737","2","3","12","22","33","268","434","468","213","C0266642"
"16344","355","2","3","7","41","219","339","156","568","697","C0266642"
"16345","4582","2","5","7","53","206","324","430","429","544","C0266642"
"16346","9394","2","3","2","74","58","112","148","193","263","C0266642"
"16347","6473","2","3","3","19","221","321","428","541","667","C0266642"
"16348","3073","2","3","5","105","155","250","291","152","420","C0266642"
"16349","3208","2","5","7","27","36","150","341","223","628","C0266642"
"16350","5826","2","3","7","48","161","105","139","186","245","C0266642"
"16351","3026","2","5","7","68","51","119","395","549","674","C0266642"
"16352","3440","2","3","12","19","184","118","155","287","116","C0266642"
"16353","7200","2","5","4","68","96","326","427","548","672","C0266667"
"16354","4644","2","5","7","60","54","184","141","359","411","C0266667"
"16355","1586","2","3","5","79","98","256","335","425","540","C0266667"
"16356","5896","2","3","12","41","116","268","434","568","605","C0266667"
"16357","151","2","5","4","68","96","326","427","548","672","C0266677"
"16358","54361","2","5","3","68","221","197","259","560","422","C0266677"
"16359","4015","2","5","7","53","51","342","454","573","492","C0266781"
"16360","9927","2","3","12","19","31","118","155","287","116","C0266781"
"16361","5961","2","5","7","27","51","326","126","414","702","C0266781"
"16362","1380","2","5","7","53","51","119","395","549","674","C0266781"
"16363","4784","2","3","2","22","33","261","116","159","211","C0266781"
"16364","5728","2","3","5","80","81","339","156","568","605","C0266781"
"16365","7048","2","5","7","53","51","342","259","423","389","C0266786"
"16366","2166","2","3","2","11","142","152","142","570","298","C0266786"
"16367","4538","2","3","2","48","170","50","119","444","556","C0266786"
"16368","10117","2","5","7","53","51","342","454","573","492","C0266786"
"16369","9451","2","3","2","110","51","335","226","297","380","C0266786"
"16370","26276","2","3","7","60","81","184","341","66","203","C0266929"
"16371","11078","2","3","12","76","45","184","103","572","658","C0266929"
"16372","6647","2","3","2","95","2","342","378","173","702","C0266981"
"16373","51062","2","5","7","27","36","150","402","489","373","C0266981"
"16374","23400","2","5","8","63","45","23","103","464","187","C0267048"
"16375","8517","2","3","12","41","219","339","156","568","697","C0267048"
"16376","10413","2","3","12","19","36","143","177","236","321","C0267048"
"16377","3930","2","3","2","22","33","323","66","3","464","C0267048"
"16378","26160","2","3","12","76","153","40","38","54","75","C0267048"
"16379","55172","2","5","7","27","36","150","341","223","628","C0267048"
"16380","5213","2","3","2","90","167","266","367","500","577","C0267048"
"16381","1848","2","3","5","42","81","296","399","201","274","C0267048"
"16382","1154","2","3","12","41","116","268","434","468","213","C0267048"
"16383","443","2","3","5","80","81","189","182","509","409","C0267048"
"16384","4582","2","5","7","53","206","324","430","429","544","C0267373"
"16385","126133","2","3","2","41","119","266","136","341","182","C0267373"
"16386","4537","2","3","2","48","170","50","119","444","556","C0267456"
"16387","4204","2","3","12","19","31","1","426","55","78","C0267456"
"16388","3593","2","5","7","53","51","119","25","489","416","C0267456"
"16389","4938","2","5","7","53","184","119","156","287","116","C0267456"
"16390","1373","2","3","8","84","97","167","210","271","536","C0267456"
"16391","3791","2","5","7","53","51","342","454","573","492","C0267456"
"16392","131","2","3","2","75","120","200","263","251","107","C0267456"
"16393","6622","2","3","7","27","36","150","341","223","628","C0267456"
"16394","7169","2","5","8","63","45","23","103","464","187","C0267456"
"16395","7040","2","5","7","53","51","342","454","573","492","C0267456"
"16396","4763","2","5","7","60","54","24","30","46","214","C0267456"
"16397","5002","2","5","8","45","94","199","240","415","666","C0267456"
"16398","5605","2","5","7","53","14","20","34","540","68","C0267456"
"16399","2737","2","3","12","19","116","321","428","54","667","C0267456"
"16400","4513","2","3","2","48","170","110","141","359","532","C0267456"
"16401","26277","2","3","12","19","31","1","426","1","78","C0267456"
"16402","5144","2","3","4","68","96","326","427","548","672","C0267566"
"16403","2998","2","3","2","28","22","48","232","82","114","C0267566"
"16404","10290","2","5","7","53","14","20","34","540","68","C0267566"
"16405","55605","2","3","12","76","153","40","38","54","75","C0267566"
"16406","5896","2","3","12","41","116","268","434","568","605","C0267566"
"16407","9533","2","3","2","19","31","1","426","55","78","C0267663"
"16408","26608","2","3","2","22","170","50","119","463","153","C0267663"
"16409","7298","2","3","12","76","153","40","38","54","75","C0267797"
"16410","2812","2","5","7","53","51","342","454","573","492","C0267797"
"16411","477","2","3","8","63","45","23","103","464","187","C0267812"
"16412","773","2","5","8","27","36","166","341","223","628","C0267812"
"16413","183","2","5","4","68","96","326","427","548","672","C0267812"
"16414","3558","2","5","7","53","14","20","25","40","186","C0267812"
"16415","8626","2","3","3","19","221","321","428","541","667","C0267812"
"16416","1028","2","3","12","19","31","1","116","1","86","C0267812"
"16417","10019","2","5","7","53","14","20","25","40","116","C0267812"
"16418","472","2","3","12","19","31","261","116","1","86","C0267812"
"16419","7249","2","3","7","60","57","110","141","359","462","C0267812"
"16420","229","2","3","2","90","167","266","367","500","577","C0267812"
"16421","4361","2","3","12","19","31","261","116","1","86","C0267812"
"16422","3423","2","3","5","74","3","342","374","294","590","C0267812"
"16423","5982","2","3","12","19","31","261","116","1","86","C0267818"
"16424","5885","2","3","12","76","153","40","38","54","75","C0267818"
"16425","2719","2","5","7","53","51","342","454","573","492","C0267818"
"16426","3569","2","5","7","53","51","342","454","573","416","C0267818"
"16427","4914","2","3","2","22","18","266","202","252","252","C0267818"
"16428","182","2","5","7","53","51","143","428","236","667","C0267818"
"16429","4688","2","5","7","60","14","20","25","40","215","C0267818"
"16430","7421","2","3","3","19","151","276","91","433","118","C0267818"
"16431","7124","2","3","12","41","219","339","156","568","697","C0267818"
"16432","6569","2","3","8","45","94","199","240","415","666","C0267834"
"16433","5885","2","3","12","76","153","40","38","54","75","C0267834"
"16434","1280","2","5","7","53","51","342","454","573","492","C0267834"
"16435","5913","2","5","7","27","36","71","341","223","219","C0267834"
"16436","9632","2","3","7","60","153","40","38","54","203","C0267952"
"16437","658","2","5","7","53","51","342","259","423","389","C0267952"
"16438","9775","2","3","2","22","33","323","66","101","136","C0267952"
"16439","1558","2","3","5","91","214","226","326","413","574","C0267963"
"16440","843","2","3","12","41","219","339","156","568","697","C0267963"
"16441","229","2","3","2","90","167","266","367","500","577","C0267963"
"16442","4921","2","5","7","53","14","20","25","573","186","C0267963"
"16443","26191","2","5","7","53","14","20","25","40","186","C0267963"
"16444","51626","2","3","12","76","153","40","38","54","75","C0267963"
"16445","8085","2","3","12","19","31","1","426","55","78","C0267963"
"16446","7518","2","3","12","19","31","261","116","1","86","C0267963"
"16447","4613","2","3","12","19","31","1","426","55","78","C0267963"
"16448","4692","2","5","7","53","51","119","402","489","416","C0267963"
"16449","26503","2","3","2","89","124","204","272","347","442","C0267963"
"16450","3350","2","5","4","68","96","326","427","548","672","C0267963"
"16451","7428","2","3","12","41","116","268","434","468","213","C0267963"
"16452","3594","2","5","7","53","51","119","25","560","373","C0267963"
"16453","2033","2","3","12","19","31","1","91","433","118","C0268024"
"16454","4791","2","3","12","41","219","339","156","568","697","C0268024"
"16455","1778","2","3","7","76","153","40","38","54","75","C0268060"
"16456","5728","2","3","5","80","81","339","156","568","605","C0268060"
"16457","9719","2","5","7","53","51","342","454","573","492","C0268070"
"16458","6389","2","3","2","48","170","50","119","444","556","C0268070"
"16459","51317","2","3","12","19","31","1","426","55","78","C0268079"
"16460","7486","2","3","12","19","31","261","116","1","86","C0268079"
"16461","6876","2","5","7","53","51","342","454","573","492","C0268079"
"16462","1493","2","5","7","53","51","119","25","40","186","C0268079"
"16463","6473","2","3","3","19","221","321","428","541","667","C0268079"
"16464","83990","2","3","12","19","31","261","116","1","86","C0268079"
"16465","9313","2","5","7","53","51","342","454","573","492","C0268079"
"16466","4854","2","5","7","53","51","143","428","236","667","C0268079"
"16467","429","2","3","3","19","221","321","428","541","667","C0268079"
"16468","3549","2","5","3","53","51","197","259","560","422","C0268079"
"16469","5728","2","3","5","80","81","339","156","568","605","C0268079"
"16470","2720","2","3","7","34","52","216","395","21","599","C0268079"
"16471","6522","2","5","8","35","41","199","40","415","666","C0268079"
"16472","3123","2","5","7","53","51","119","156","287","116","C0268079"
"16473","2273","2","5","8","63","45","23","103","464","187","C0268079"
"16474","5885","2","3","12","76","153","40","38","54","75","C0268079"
"16475","4763","2","5","7","60","54","24","30","46","214","C0268079"
"16476","4853","2","3","12","19","124","143","428","236","667","C0268079"
"16477","26191","2","5","7","53","14","20","25","40","186","C0268079"
"16478","23451","2","3","2","22","33","323","66","101","136","C0268079"
"16479","2006","2","5","7","53","51","342","454","573","492","C0268079"
"16480","11020","2","5","7","60","54","24","30","46","72","C0268117"
"16481","4436","2","3","12","19","31","261","116","1","86","C0268117"
"16482","805","2","5","8","53","45","20","34","464","187","C0268118"
"16483","1277","2","5","7","53","51","342","454","573","492","C0268118"
"16484","1293","2","5","7","53","51","342","454","573","492","C0268119"
"16485","8815","2","3","12","22","33","323","66","444","664","C0268119"
"16486","5830","2","3","5","43","161","305","409","208","482","C0268119"
"16487","10919","2","3","12","19","31","1","426","55","78","C0268123"
"16488","2006","2","5","7","53","51","342","454","573","492","C0268123"
"16489","23522","2","3","12","19","31","1","426","55","78","C0268128"
"16490","875","2","3","5","80","137","44","21","451","316","C0268128"
"16491","859","2","5","8","63","45","23","103","464","187","C0268128"
"16492","6794","2","3","12","53","14","20","34","540","68","C0268128"
"16493","3239","2","3","3","19","221","321","428","541","667","C0268128"
"16494","6329","2","5","8","63","36","166","341","390","158","C0268157"
"16495","6938","2","3","12","19","31","1","426","55","78","C0268157"
"16496","55612","2","5","7","60","36","71","177","560","701","C0268157"
"16497","78989","2","5","7","53","51","119","395","573","674","C0268157"
"16498","6309","2","3","5","19","151","76","48","69","204","C0268181"
"16499","6605","2","3","12","19","31","1","426","55","78","C0268181"
"16500","5728","2","3","5","80","81","339","156","568","605","C0268193"
"16501","3717","2","5","7","53","14","20","25","40","186","C0268193"
"16502","7450","2","5","7","53","51","342","454","573","492","C0268194"
"16503","5521","2","3","12","76","137","76","136","472","435","C0268194"
"16504","1131","2","5","4","68","96","326","427","548","672","C0268237"
"16505","37","2","3","2","110","105","178","226","297","380","C0268237"
"16506","5339","2","5","7","53","51","342","454","573","492","C0268237"
"16507","554","2","5","4","68","96","326","427","548","672","C0268237"
"16508","1967","2","3","2","110","85","237","433","547","671","C0268237"
"16509","4358","2","3","5","43","161","305","409","208","482","C0268237"
"16510","2263","2","5","7","53","14","20","25","40","186","C0268237"
"16511","55505","2","3","2","110","85","237","433","547","671","C0268237"
"16512","7015","2","3","12","19","31","1","426","55","78","C0268237"
"16513","54361","2","5","3","68","221","197","259","560","422","C0268237"
"16514","54551","2","3","12","41","219","197","156","568","422","C0268237"
"16515","4436","2","3","12","19","31","261","116","1","86","C0268237"
"16516","4653","2","5","7","34","51","342","454","573","492","C0268237"
"16517","10381","2","3","12","76","153","40","38","54","75","C0268255"
"16518","3908","2","5","7","53","51","342","454","573","492","C0268255"
"16519","8822","2","5","7","53","14","20","25","40","186","C0268285"
"16520","85413","2","3","8","45","94","199","240","415","666","C0268285"
"16521","5506","2","3","12","76","137","76","136","82","658","C0268306"
"16522","5314","2","3","12","76","153","40","38","54","75","C0268306"
"16523","5573","2","3","12","19","184","118","155","287","116","C0268306"
"16524","3984","2","5","7","53","14","20","34","540","68","C0268306"
"16525","8891","2","3","2","110","85","237","433","547","671","C0268307"
"16526","9915","2","3","3","27","151","276","91","433","118","C0268307"
"16527","3766","2","5","8","63","36","166","106","110","158","C0268307"
"16528","847","2","3","7","34","52","216","395","549","674","C0268307"
"16529","5573","2","3","12","19","184","118","155","287","116","C0268307"
"16530","1436","2","5","7","53","14","20","25","40","186","C0268307"
"16531","5594","2","5","7","34","14","20","34","540","274","C0268307"
"16532","3000","2","5","4","68","96","326","427","548","672","C0268307"
"16533","2260","2","5","7","53","14","20","25","40","186","C0268307"
"16534","271","2","3","5","33","6","241","233","304","386","C0268307"
"16535","8823","2","5","7","53","14","20","25","40","186","C0268307"
"16536","51715","2","5","7","60","54","24","30","46","72","C0268307"
"16537","3736","2","5","8","63","36","166","106","110","158","C0268307"
"16538","7428","2","3","12","41","116","268","434","468","213","C0268307"
"16539","3785","2","5","8","63","36","166","106","110","158","C0268312"
"16540","5728","2","3","5","80","81","339","156","568","605","C0268312"
"16541","5979","2","5","7","53","14","20","25","40","186","C0268312"
"16542","5982","2","3","12","19","31","261","116","1","86","C0268318"
"16543","2316","2","5","7","53","51","342","454","573","702","C0268318"
"16544","477","2","3","8","63","45","23","103","464","187","C0268318"
"16545","6239","2","3","12","19","119","330","214","454","144","C0268318"
"16546","1028","2","3","12","19","31","1","116","1","86","C0268318"
"16547","10483","2","3","7","60","54","24","30","46","72","C0268335"
"16548","94","2","5","7","53","51","342","259","423","389","C0268335"
"16549","4292","2","3","12","19","31","261","116","1","86","C0268335"
"16550","653509","2","5","7","53","51","119","238","310","272","C0268336"
"16551","5644","2","5","7","68","51","119","395","549","674","C0268336"
"16552","3594","2","5","7","53","51","119","25","560","373","C0268336"
"16553","51715","2","5","7","60","54","24","30","46","72","C0268337"
"16554","4638","2","5","7","53","45","23","103","464","187","C0268337"
"16555","1311","2","5","7","53","51","342","454","573","492","C0268338"
"16556","3181","2","3","2","22","33","323","66","101","136","C0268338"
"16557","847","2","3","7","34","52","216","395","549","674","C0268344"
"16558","56267","2","3","2","67","94","183","182","509","666","C0268344"
"16559","6571","2","3","8","60","36","71","341","223","624","C0268345"
"16560","54567","2","5","7","53","51","143","428","236","667","C0268345"
"16561","540","2","5","8","63","45","23","103","464","187","C0268347"
"16562","4726","2","3","2","48","170","50","119","444","556","C0268347"
"16563","7010","2","5","7","53","14","20","25","40","186","C0268350"
"16564","5307","2","3","3","19","221","321","428","541","667","C0268350"
"16565","5213","2","3","2","90","167","266","367","500","577","C0268350"
"16566","2200","2","5","7","53","51","342","454","573","492","C0268351"
"16567","158","2","3","4","96","177","61","373","341","142","C0268351"
"16568","2896","2","5","7","34","52","216","395","549","674","C0268351"
"16569","5921","2","5","7","60","14","24","25","40","215","C0268358"
"16570","3606","2","5","7","53","51","119","156","489","416","C0268358"
"16571","6223","2","3","2","110","85","237","433","547","671","C0268358"
"16572","60","2","3","12","60","45","184","155","287","78","C0268358"
"16573","6507","2","3","2","45","94","199","240","415","666","C0268358"
"16574","2159","2","5","7","68","51","119","454","549","674","C0268362"
"16575","5824","2","3","5","47","144","185","238","310","392","C0268362"
"16576","2200","2","5","7","53","51","342","454","573","492","C0268362"
"16577","3977","2","5","7","53","51","119","25","40","416","C0268362"
"16578","64375","2","3","3","19","119","330","214","454","144","C0268362"
"16579","54658","2","3","2","78","205","207","67","355","138","C0268362"
"16580","5745","2","5","4","68","96","326","427","548","672","C0268362"
"16581","9469","2","3","2","103","189","303","29","475","467","C0268362"
"16582","5324","2","3","12","19","31","261","116","1","664","C0268362"
"16583","1736","2","3","2","110","85","237","433","547","671","C0268362"
"16584","10269","2","3","2","48","182","50","119","444","556","C0268362"
"16585","131669","2","3","5","80","81","166","43","63","87","C0268363"
"16586","200942","2","3","12","76","137","76","136","472","435","C0268363"
"16587","9235","2","5","7","53","51","119","25","40","186","C0268363"
"16588","1041","2","1","6","11","142","225","142","220","298","C0268363"
"16589","9451","2","3","2","110","51","335","226","297","380","C0268363"
"16590","23426","2","5","7","42","36","71","177","223","219","C0268363"
"16591","3791","2","5","7","53","51","342","454","573","492","C0268363"
"16592","4771","2","5","7","60","36","71","177","64","215","C0268363"
"16593","356","2","5","7","53","219","339","25","489","697","C0268363"
"16594","9896","2","3","5","80","81","296","399","201","274","C0268363"
"16595","1277","2","5","7","53","51","342","454","573","492","C0268374"
"16596","6314","2","3","12","19","31","1","426","568","78","C0268374"
"16597","7518","2","3","12","19","31","261","116","1","86","C0268374"
"16598","1836","2","3","2","35","41","94","260","330","375","C0268374"
"16599","3918","2","5","7","53","51","342","454","573","492","C0268374"
"16600","4514","2","3","2","48","57","110","141","359","5","C0268389"
"16601","9056","2","3","8","45","94","199","240","415","666","C0268389"
"16602","4166","2","3","2","89","60","99","7","211","217","C0268389"
"16603","1278","2","5","7","53","51","342","454","573","492","C0268389"
"16604","54757","2","5","7","53","51","342","454","573","492","C0268398"
"16605","2131","2","3","2","74","58","112","148","181","416","C0268398"
"16606","7166","2","3","5","80","81","166","307","258","345","C0268435"
"16607","9487","2","3","5","80","81","142","176","235","317","C0268435"
"16608","4613","2","3","12","19","31","1","426","55","78","C0268435"
"16609","6578","2","3","5","35","41","77","40","57","80","C0268435"
"16610","2261","2","5","7","53","14","20","25","40","186","C0268446"
"16611","1186","2","5","8","63","45","23","34","464","187","C0268446"
"16612","26191","2","5","7","53","14","20","25","40","186","C0268446"
"16613","8328","2","3","12","19","31","1","426","55","78","C0268448"
"16614","540","2","5","8","63","45","23","103","464","187","C0268448"
"16615","1947","2","5","7","53","51","20","25","560","373","C0268450"
"16616","6635","2","3","2","22","33","323","66","101","136","C0268450"
"16617","1717","2","3","2","19","151","276","48","69","204","C0268464"
"16618","7290","2","3","12","19","31","1","426","55","78","C0268464"
"16619","4487","2","3","3","19","221","321","428","541","667","C0268464"
"16620","673","2","5","7","53","14","20","34","540","68","C0268483"
"16621","51741","2","3","2","22","33","323","66","101","127","C0268483"
"16622","1545","2","3","5","91","175","271","372","443","558","C0268483"
"16623","2703","2","3","12","76","153","40","38","54","75","C0268495"
"16624","6342","2","3","5","80","161","305","409","208","482","C0268495"
"16625","1357","2","3","5","80","81","166","397","418","568","C0268528"
"16626","958","2","5","7","53","51","119","156","568","697","C0268528"
"16627","6323","2","5","8","63","36","166","341","390","158","C0268534"
"16628","8302","2","5","7","53","51","119","395","549","674","C0268534"
"16629","5826","2","3","7","48","161","105","139","186","245","C0268534"
"16630","5447","2","3","5","91","214","271","372","471","586","C0268534"
"16631","3868","2","1","6","11","142","225","142","220","298","C0268559"
"16632","2239","2","3","2","74","51","342","454","573","492","C0268559"
"16633","5428","2","3","2","48","170","50","119","167","593","C0268559"
"16634","845","2","5","8","63","45","23","34","464","187","C0268559"
"16635","9731","2","3","12","76","153","40","38","54","75","C0268559"
"16636","3265","2","5","7","60","54","24","30","46","72","C0268559"
"16637","26277","2","3","12","19","31","1","426","1","78","C0268568"
"16638","8216","2","3","12","41","119","330","214","454","144","C0268568"
"16639","9451","2","3","2","110","51","335","226","297","380","C0268568"
"16640","4693","2","5","7","53","51","342","454","573","492","C0268569"
"16641","477","2","3","8","63","45","23","103","464","187","C0268569"
"16642","7035","2","5","7","68","51","119","395","549","674","C0268569"
"16643","54101","2","3","2","48","170","50","347","167","593","C0268579"
"16644","4722","2","3","2","48","170","50","119","444","556","C0268579"
"16645","2182","2","3","2","67","92","265","284","147","235","C0268583"
"16646","2261","2","5","7","53","14","20","25","40","186","C0268583"
"16647","4629","2","5","8","63","45","23","103","464","187","C0268583"
"16648","9496","2","5","6","11","142","225","142","220","673","C0268583"
"16649","7299","2","3","5","23","18","138","250","332","407","C0268583"
"16650","1281","2","5","7","53","51","342","454","573","492","C0268583"
"16651","182","2","5","7","53","51","143","428","236","667","C0268583"
"16652","10262","2","3","2","22","33","323","66","101","136","C0268583"
"16653","1509","2","5","7","34","52","216","395","549","568","C0268583"
"16654","10008","2","5","8","63","36","166","341","223","158","C0268583"
"16655","2255","2","5","7","53","14","20","25","40","186","C0268583"
"16656","5594","2","5","7","34","14","20","34","540","274","C0268583"
"16657","5251","2","3","5","80","81","296","474","593","722","C0268583"
"16658","2260","2","5","7","53","14","20","25","40","186","C0268583"
"16659","1373","2","3","8","84","97","167","210","271","536","C0268583"
"16660","6495","2","3","3","19","221","321","428","541","667","C0268583"
"16661","3953","2","5","7","53","14","20","25","40","186","C0268594"
"16662","2623","2","3","12","19","31","1","155","287","116","C0268594"
"16663","23522","2","3","12","19","31","1","426","55","78","C0268594"
"16664","5649","2","5","7","53","51","342","444","560","373","C0268594"
"16665","54862","2","3","12","76","153","40","38","54","75","C0268594"
"16666","23347","2","3","12","41","116","268","434","468","213","C0268596"
"16667","55315","2","3","5","80","81","296","62","94","150","C0268596"
"16668","5447","2","3","5","91","214","271","372","471","586","C0268596"
"16669","7468","2","3","12","19","31","1","426","55","78","C0268600"
"16670","94","2","5","7","53","51","342","259","423","389","C0268600"
"16671","4784","2","3","2","22","33","261","116","159","211","C0268621"
"16672","2263","2","5","7","53","14","20","25","40","186","C0268621"
"16673","54499","2","3","2","48","170","50","119","444","593","C0268621"
"16674","5498","2","3","5","80","81","166","132","175","473","C0268621"
"16675","3714","2","5","7","53","51","143","454","236","373","C0268621"
"16676","1029","2","3","12","19","31","1","116","1","664","C0268621"
"16677","57465","2","5","7","60","54","24","30","46","72","C0268621"
"16678","10518","2","3","2","22","170","50","119","444","556","C0268624"
"16679","7030","2","3","12","19","31","276","259","423","389","C0268624"
"16680","6329","2","5","8","63","36","166","341","390","158","C0268630"
"16681","4893","2","5","7","34","52","24","30","46","72","C0268630"
"16682","2184","2","3","5","76","153","138","236","332","407","C0268630"
"16683","7355","2","3","2","78","206","324","430","429","544","C0268630"
"16684","4643","2","5","7","60","14","20","25","40","215","C0268630"
"16685","2737","2","3","12","19","116","321","428","54","667","C0268630"
"16686","2316","2","5","7","53","51","342","454","573","702","C0268630"
"16687","6929","2","3","12","19","31","1","426","55","78","C0268630"
"16688","1406","2","3","3","19","221","321","428","541","667","C0268630"
"16689","2261","2","5","7","53","14","20","25","40","186","C0268632"
"16690","10913","2","3","12","41","219","339","156","568","697","C0268654"
"16691","1289","2","5","7","53","51","342","454","573","492","C0268654"
"16692","2138","2","3","12","19","31","1","426","55","78","C0268654"
"16693","23522","2","3","12","19","31","1","426","55","78","C0268654"
"16694","9569","2","3","12","19","31","276","91","433","118","C0268689"
"16695","50846","2","3","3","68","221","197","259","560","422","C0268689"
"16696","3981","2","3","12","19","31","261","116","1","86","C0268731"
"16697","54968","2","3","2","48","170","50","119","444","556","C0268731"
"16698","11232","2","3","3","19","151","276","91","433","118","C0268731"
"16699","51057","2","3","12","76","153","40","38","54","75","C0268731"
"16700","10806","2","3","12","76","153","40","38","54","75","C0268731"
"16701","5913","2","5","7","27","36","71","341","223","219","C0268731"
"16702","6138","2","3","2","110","85","237","433","547","671","C0268731"
"16703","7043","2","5","7","53","51","342","454","573","492","C0268731"
"16704","10908","2","3","2","97","173","275","377","473","592","C0268731"
"16705","4860","2","3","7","34","52","216","395","549","150","C0268731"
"16706","9820","2","3","12","41","116","268","434","468","213","C0268731"
"16707","2304","2","3","12","19","221","321","428","541","667","C0268731"
"16708","9241","2","5","7","53","51","342","259","423","389","C0268742"
"16709","5443","2","5","4","68","96","326","427","548","672","C0268742"
"16710","1277","2","5","7","53","51","342","454","573","492","C0268743"
"16711","6334","2","5","8","63","36","166","341","223","158","C0268743"
"16712","22978","2","3","5","80","81","296","373","341","150","C0268747"
"16713","54880","2","3","12","19","31","1","426","55","78","C0268747"
"16714","1373","2","3","8","84","97","167","210","271","536","C0268747"
"16715","2626","2","3","12","19","31","118","155","287","116","C0268747"
"16716","7287","2","5","7","11","142","71","341","560","219","C0268747"
"16717","7704","2","3","12","41","116","268","434","468","213","C0268747"
"16718","3764","2","5","8","63","36","166","106","110","158","C0268747"
"16719","2131","2","3","2","74","58","112","148","181","416","C0269011"
"16720","50485","2","3","12","19","31","261","116","1","86","C0269011"
"16721","1374","2","3","2","19","151","276","91","433","118","C0269011"
"16722","2184","2","3","5","76","153","138","236","332","407","C0269011"
"16723","6683","2","3","12","76","153","40","38","54","75","C0269011"
"16724","258","2","5","7","53","51","342","454","573","492","C0269011"
"16725","8517","2","3","12","41","219","339","156","568","697","C0269011"
"16726","4524","2","3","2","15","166","104","369","117","583","C0269269"
"16727","51119","2","3","2","110","85","237","433","547","671","C0269269"
"16728","6775","2","5","7","53","14","119","25","40","186","C0269269"
"16729","23090","2","3","12","19","151","276","91","433","118","C0269269"
"16730","2969","2","3","12","19","31","276","91","433","118","C0269269"
"16731","1286","2","5","7","53","51","342","454","573","492","C0269269"
"16732","5644","2","5","7","68","51","119","395","549","674","C0269269"
"16733","2109","2","3","2","48","170","50","119","444","556","C0270254"
"16734","367","2","3","12","19","31","276","91","433","118","C0270254"
"16735","6223","2","3","2","110","85","237","433","547","671","C0270458"
"16736","1134","2","5","8","27","70","99","162","216","290","C0270458"
"16737","4541","2","3","2","48","170","50","119","444","24","C0270458"
"16738","3265","2","5","7","60","54","24","30","46","72","C0270458"
"16739","8313","2","3","12","41","219","339","156","568","605","C0270458"
"16740","8575","2","3","2","22","33","323","66","101","194","C0270458"
"16741","5994","2","3","12","19","31","276","91","491","118","C0270458"
"16742","80184","2","5","7","34","52","216","38","54","75","C0270496"
"16743","5828","2","3","5","43","161","305","409","208","482","C0270496"
"16744","6913","2","3","3","19","221","321","428","541","667","C0270612"
"16745","367","2","3","12","19","31","276","91","433","118","C0270612"
"16746","7337","2","3","12","41","116","268","434","468","213","C0270612"
"16747","5617","2","5","12","19","31","1","426","55","78","C0270612"
"16748","35","2","3","2","67","148","70","456","575","704","C0270612"
"16749","3675","2","5","7","53","51","342","454","573","492","C0270612"
"16750","25886","2","3","12","76","153","76","136","472","435","C0270612"
"16751","582","2","3","12","76","153","76","38","54","75","C0270612"
"16752","6452","2","5","7","53","14","20","25","40","186","C0270612"
"16753","2903","2","5","7","53","14","20","25","223","219","C0270612"
"16754","6016","2","5","7","60","54","24","30","46","72","C0270612"
"16755","5979","2","5","7","53","14","20","25","40","186","C0270612"
"16756","5740","2","3","5","91","175","279","167","224","301","C0270612"
"16757","80746","2","3","12","22","33","323","66","101","664","C0270612"
"16758","2876","2","3","5","80","81","110","378","173","229","C0270612"
"16759","4221","2","3","12","19","31","342","454","573","492","C0270612"
"16760","8867","2","3","5","60","14","184","341","544","669","C0270612"
"16761","6303","2","3","2","67","118","160","261","188","423","C0270612"
"16762","51119","2","3","2","110","85","237","433","547","671","C0270612"
"16763","1294","2","5","7","53","51","342","454","573","492","C0270612"
"16764","55112","2","3","12","76","153","40","38","54","75","C0270612"
"16765","10847","2","3","12","19","31","1","426","55","78","C0270612"
"16766","23545","2","3","5","29","88","132","85","222","346","C0270612"
"16767","2263","2","5","7","53","14","20","25","40","186","C0270612"
"16768","5982","2","3","12","19","31","261","116","1","86","C0270612"
"16769","2892","2","5","8","63","36","166","106","110","158","C0270612"
"16770","1736","2","3","2","110","85","237","433","547","671","C0270612"
"16771","5307","2","3","3","19","221","321","428","541","667","C0270612"
"16772","56301","2","3","8","45","94","199","240","415","666","C0270612"
"16773","3887","2","1","6","11","142","225","142","220","298","C0270680"
"16774","4990","2","3","3","19","221","321","428","541","667","C0270680"
"16775","10293","2","3","12","41","116","268","434","468","213","C0270726"
"16776","1663","2","3","12","76","105","178","226","297","380","C0270726"
"16777","1956","2","5","7","53","14","184","45","544","669","C0270736"
"16778","7681","2","3","12","41","116","268","434","468","213","C0270736"
"16779","7020","2","3","12","19","31","276","91","433","664","C0270790"
"16780","9409","2","3","5","43","161","305","409","208","482","C0270790"
"16781","2147","2","5","7","68","51","342","454","573","492","C0270790"
"16782","7076","2","5","7","53","51","342","454","573","492","C0270790"
"16783","1277","2","5","7","53","51","342","454","573","492","C0270790"
"16784","9569","2","3","12","19","31","276","91","433","118","C0270790"
"16785","4209","2","3","3","19","151","276","91","433","118","C0270790"
"16786","5591","2","3","12","19","31","261","116","1","86","C0270790"
"16787","4982","2","5","12","41","219","339","156","568","697","C0270834"
"16788","4000","2","3","12","26","105","178","226","297","156","C0270834"
"16789","5897","2","3","12","41","116","268","141","568","605","C0270834"
"16790","2260","2","5","7","53","14","20","25","40","186","C0270834"
"16791","3592","2","5","7","53","51","119","25","489","416","C0270834"
"16792","5743","2","3","5","53","175","119","167","489","416","C0270834"
"16793","5290","2","3","7","53","14","20","25","40","186","C0270834"
"16794","2737","2","3","12","19","116","321","428","54","667","C0270834"
"16795","2512","2","3","7","34","52","216","395","544","358","C0270834"
"16796","5591","2","3","12","19","31","261","116","1","86","C0270846"
"16797","7466","2","5","7","53","51","342","454","573","492","C0270846"
"16798","271","2","3","5","33","6","241","233","304","386","C0270846"
"16799","5325","2","3","12","19","31","198","261","146","118","C0270846"
"16800","686","2","3","5","80","81","166","166","127","173","C0270846"
"16801","623","2","5","4","68","96","326","427","548","672","C0270846"
"16802","673","2","5","7","53","14","20","34","540","68","C0270846"
"16803","3766","2","5","8","63","36","166","106","110","158","C0270846"
"16804","4599","2","3","12","53","184","119","156","287","116","C0270846"
"16805","2263","2","5","7","53","14","20","25","40","186","C0270846"
"16806","1967","2","3","2","110","85","237","433","547","671","C0270846"
"16807","860","2","3","12","19","31","276","91","433","118","C0270850"
"16808","2639","2","3","2","71","148","34","160","115","164","C0270850"
"16809","6885","2","3","12","41","219","339","156","568","697","C0270850"
"16810","7415","2","3","7","34","52","216","395","536","445","C0270850"
"16811","1591","2","3","5","92","163","262","136","460","566","C0270850"
"16812","1889","2","5","4","68","96","326","427","548","672","C0270850"
"16813","3043","2","5","7","34","52","216","395","549","116","C0270851"
"16814","208","2","5","7","53","14","20","34","540","68","C0270853"
"16815","6403","2","5","7","53","51","342","454","573","702","C0270853"
"16816","331","2","3","12","41","219","339","156","568","697","C0270853"
"16817","3552","2","3","12","53","51","119","156","489","416","C0270853"
"16818","1293","2","5","7","53","51","342","454","573","492","C0270853"
"16819","567","2","5","7","34","52","119","395","549","674","C0270853"
"16820","1962","2","3","5","43","161","305","409","208","482","C0270853"
"16821","4535","2","3","2","48","170","50","119","444","556","C0270855"
"16822","54903","2","3","12","76","153","40","38","54","75","C0270855"
"16823","5277","2","3","2","61","77","142","176","235","317","C0270871"
"16824","51422","2","3","2","48","57","110","141","359","462","C0270871"
"16825","3320","2","3","7","34","52","75","347","271","356","C0270871"
"16826","6338","2","5","8","63","45","23","34","464","187","C0270871"
"16827","7140","2","5","8","63","45","23","103","464","187","C0270914"
"16828","9688","2","3","12","22","33","323","66","101","664","C0270914"
"16829","4137","2","3","7","27","36","150","341","223","628","C0270914"
"16830","1027","2","3","12","19","31","1","116","1","86","C0270914"
"16831","8260","2","3","12","41","85","266","76","287","78","C0270921"
"16832","2068","2","3","12","19","31","261","116","159","211","C0270921"
"16833","3984","2","5","7","53","14","20","34","540","68","C0270921"
"16834","10804","2","3","12","76","153","40","38","54","75","C0270921"
"16835","4210","2","3","12","41","219","339","156","568","697","C0270921"
"16836","25974","2","3","7","48","51","105","139","186","245","C0270921"
"16837","207","2","3","7","53","14","20","34","489","416","C0270921"
"16838","50964","2","5","3","68","221","197","259","423","422","C0270921"
"16839","4261","2","3","12","53","184","119","156","287","116","C0270921"
"16840","55505","2","3","2","110","85","237","433","547","671","C0270921"
"16841","1294","2","5","7","53","51","342","454","573","492","C0270921"
"16842","54551","2","3","12","41","219","197","156","568","422","C0270921"
"16843","627","2","5","7","53","51","335","444","423","373","C0270921"
"16844","9631","2","3","12","22","33","323","66","101","664","C0270921"
"16845","64581","2","5","7","53","51","119","395","549","674","C0270921"
"16846","6913","2","3","3","19","221","321","428","541","667","C0270921"
"16847","9968","2","4","3","24","119","330","214","454","144","C0270921"
"16848","6391","2","3","2","48","170","50","119","444","556","C0270921"
"16849","23400","2","5","8","63","45","23","103","464","187","C0270922"
"16850","2512","2","3","7","34","52","216","395","544","358","C0270922"
"16851","10516","2","5","7","53","51","342","454","573","492","C0270922"
"16852","4621","2","5","8","63","45","23","103","464","187","C0270922"
"16853","652","2","5","7","53","51","342","454","573","492","C0270922"
"16854","2993","2","5","7","53","51","119","454","573","492","C0270922"
"16855","7249","2","3","7","60","57","110","141","359","462","C0270922"
"16856","10225","2","5","7","53","51","119","395","549","674","C0270972"
"16857","1305","2","5","7","53","51","342","454","573","492","C0270972"
"16858","2990","2","3","7","34","52","216","395","549","674","C0270972"
"16859","7299","2","3","5","23","18","138","250","332","407","C0270972"
"16860","701","2","3","12","76","153","40","38","54","75","C0270972"
"16861","54361","2","5","3","68","221","197","259","560","422","C0271007"
"16862","26137","2","5","7","63","45","184","103","572","658","C0271007"
"16863","51750","2","3","12","19","31","261","116","1","86","C0271007"
"16864","5830","2","3","5","43","161","305","409","208","482","C0271007"
"16865","1615","2","3","2","110","85","237","433","547","154","C0271007"
"16866","1311","2","5","7","53","51","342","454","573","492","C0271051"
"16867","883","2","3","5","80","81","189","182","509","290","C0271051"
"16868","8216","2","3","12","41","119","330","214","454","144","C0271051"
"16869","10165","2","3","2","48","170","50","304","167","593","C0271092"
"16870","695","2","5","7","53","14","20","25","40","186","C0271092"
"16871","1184","2","5","8","63","45","23","34","464","187","C0271092"
"16872","55005","2","3","2","68","96","326","427","429","544","C0271092"
"16873","80184","2","5","7","34","52","216","38","54","75","C0271093"
"16874","9215","2","5","2","27","36","150","430","215","628","C0271093"
"16875","4204","2","3","12","19","31","1","426","55","78","C0271093"
"16876","26277","2","3","12","19","31","1","426","1","78","C0271093"
"16877","796","2","5","4","68","96","326","427","548","672","C0271093"
"16878","5604","2","5","7","53","14","20","34","540","68","C0271097"
"16879","2492","2","5","4","68","96","326","427","548","672","C0271097"
"16880","10000","2","5","7","53","14","20","34","540","68","C0271183"
"16881","5728","2","3","5","80","81","339","156","568","605","C0271183"
"16882","8626","2","3","3","19","221","321","428","541","667","C0271183"
"16883","9896","2","3","5","80","81","296","399","201","274","C0271183"
"16884","6335","2","5","8","63","36","166","341","390","158","C0271183"
"16885","4988","2","5","4","68","96","326","427","548","672","C0271183"
"16886","6197","2","3","12","19","14","20","34","540","68","C0271183"
"16887","4487","2","3","3","19","221","321","428","541","667","C0271183"
"16888","1401","2","5","7","53","51","119","395","573","492","C0271183"
"16889","1855","2","5","12","76","153","197","259","560","422","C0271183"
"16890","5373","2","3","2","90","167","123","158","207","278","C0271183"
"16891","26053","2","3","12","19","31","1","426","55","78","C0271183"
"16892","23209","2","5","8","63","45","23","103","464","187","C0271183"
"16893","9896","2","3","5","80","81","296","399","201","274","C0271183"
"16894","1131","2","5","4","68","96","326","427","548","672","C0271183"
"16895","3592","2","5","7","53","51","119","25","489","416","C0271183"
"16896","6473","2","3","3","19","221","321","428","541","667","C0271183"
"16897","7020","2","3","12","19","31","276","91","433","664","C0271183"
"16898","6391","2","3","2","48","170","50","119","444","556","C0271183"
"16899","5830","2","3","5","43","161","305","409","208","482","C0271183"
"16900","2321","2","5","7","53","14","20","25","40","186","C0271183"
"16901","1406","2","3","3","19","221","321","428","541","667","C0271183"
"16902","4952","2","3","5","60","54","184","30","544","669","C0271185"
"16903","5832","2","3","2","101","62","189","182","509","252","C0271185"
"16904","3558","2","5","7","53","14","20","25","40","186","C0271196"
"16905","6648","2","3","2","95","151","160","378","173","229","C0271196"
"16906","3110","2","3","3","19","221","321","428","541","667","C0271196"
"16907","3265","2","5","7","60","54","24","30","46","72","C0271196"
"16908","4784","2","3","2","22","33","261","116","159","211","C0271196"
"16909","7306","2","5","5","23","18","138","250","332","407","C0271196"
"16910","3060","2","5","4","68","96","326","427","548","672","C0271196"
"16911","1836","2","3","2","35","41","94","260","330","375","C0271196"
"16912","5961","2","5","7","27","51","326","126","414","702","C0271196"
"16913","3977","2","5","7","53","51","119","25","40","416","C0271196"
"16914","9569","2","3","12","19","31","276","91","433","118","C0271196"
"16915","55703","2","3","2","22","33","261","116","159","211","C0271288"
"16916","2810","2","3","2","48","57","110","141","359","411","C0271288"
"16917","860","2","3","12","19","31","276","91","433","118","C0271321"
"16918","2900","2","5","8","63","36","166","106","110","158","C0271321"
"16919","7450","2","5","7","53","51","342","454","573","492","C0271321"
"16920","9444","2","3","2","22","33","323","66","101","214","C0271344"
"16921","10743","2","3","3","19","151","276","91","433","118","C0271344"
"16922","5932","2","3","12","19","31","261","116","1","86","C0271344"
"16923","9742","2","3","12","76","153","40","38","54","75","C0271344"
"16924","4893","2","5","7","34","52","24","30","46","72","C0271344"
"16925","10766","2","3","12","19","31","1","426","55","78","C0271344"
"16926","60468","2","3","12","19","31","276","91","433","118","C0271344"
"16927","5972","2","5","5","34","52","216","397","418","568","C0271385"
"16928","51098","2","3","12","76","153","40","38","54","75","C0271385"
"16929","7849","2","3","3","19","221","321","428","541","667","C0271385"
"16930","6736","2","3","12","19","31","276","91","433","667","C0271385"
"16931","2736","2","3","12","41","116","321","428","54","667","C0271385"
"16932","673","2","5","7","53","14","20","34","540","68","C0271385"
"16933","4038","2","5","7","53","51","342","454","573","492","C0271385"
"16934","3315","2","3","12","41","181","160","362","402","215","C0271385"
"16935","208","2","5","7","53","14","20","34","540","68","C0271385"
"16936","2812","2","5","7","53","51","342","454","573","492","C0271385"
"16937","5605","2","5","7","53","14","20","34","540","68","C0271388"
"16938","1301","2","5","7","53","51","342","454","573","492","C0271388"
"16939","2629","2","3","5","80","81","250","291","152","420","C0271388"
"16940","2261","2","5","7","53","14","20","25","40","186","C0271388"
"16941","4000","2","3","12","26","105","178","226","297","156","C0271388"
"16942","6638","2","3","2","22","33","323","66","101","136","C0271388"
"16943","4846","2","3","5","41","219","75","243","44","64","C0271388"
"16944","5961","2","5","7","27","51","326","126","414","702","C0271388"
"16945","3596","2","5","7","53","51","119","25","489","416","C0271388"
"16946","6197","2","3","12","19","14","20","34","540","68","C0271388"
"16947","5009","2","3","2","48","97","50","304","167","593","C0271388"
"16948","4689","2","5","7","60","14","20","25","40","215","C0271388"
"16949","4935","2","5","4","68","96","326","427","548","672","C0271388"
"16950","4644","2","5","7","60","54","184","141","359","411","C0271388"
"16951","9126","2","3","12","76","153","40","38","54","75","C0271390"
"16952","1302","2","5","7","53","51","342","454","573","492","C0271390"
"16953","6866","2","5","4","68","96","326","427","548","672","C0271390"
"16954","1134","2","5","8","27","70","99","162","216","290","C0271390"
"16955","2717","2","3","7","34","52","216","395","549","674","C0271390"
"16956","3606","2","5","7","53","51","119","156","489","416","C0271390"
"16957","4621","2","5","8","63","45","23","103","464","187","C0271390"
"16958","6497","2","5","3","19","221","342","259","423","389","C0271390"
"16959","3039","2","3","5","35","41","118","155","287","116","C0271390"
"16960","7915","2","3","5","87","39","74","191","250","285","C0271390"
"16961","2263","2","5","7","53","14","20","25","40","186","C0271390"
"16962","9993","2","5","7","53","51","342","454","573","492","C0271390"
"16963","4867","2","5","7","76","153","40","38","54","75","C0271567"
"16964","6514","2","5","7","90","216","337","448","565","562","C0271567"
"16965","582","2","3","12","76","153","76","38","54","75","C0271578"
"16966","4254","2","5","7","53","14","20","25","40","186","C0271578"
"16967","1536","2","5","7","34","52","216","395","549","674","C0271578"
"16968","10102","2","3","2","48","182","67","76","463","153","C0271578"
"16969","9051","2","5","7","60","14","20","25","40","215","C0271578"
"16970","158","2","3","4","96","177","61","373","341","142","C0271578"
"16971","5518","2","3","12","76","153","40","38","54","435","C0271578"
"16972","1296","2","5","7","53","51","342","454","573","492","C0271578"
"16973","2200","2","5","7","53","51","342","454","573","492","C0271578"
"16974","64220","2","3","2","69","83","101","126","170","224","C0271578"
"16975","3702","2","5","7","53","14","20","25","40","186","C0271578"
"16976","5727","2","3","12","68","221","197","259","560","422","C0271578"
"16977","6792","2","5","7","53","14","20","34","540","68","C0271578"
"16978","567","2","5","7","34","52","119","395","549","674","C0271578"
"16979","4524","2","3","2","15","166","104","369","117","583","C0271578"
"16980","4990","2","3","3","19","221","321","428","541","667","C0271578"
"16981","1493","2","5","7","53","51","119","25","40","186","C0271578"
"16982","2006","2","5","7","53","51","342","454","573","492","C0271578"
"16983","4535","2","3","2","48","170","50","119","444","556","C0271582"
"16984","9569","2","3","12","19","31","276","91","433","118","C0271582"
"16985","26278","2","3","12","41","116","268","347","271","356","C0271583"
"16986","24","2","3","12","41","116","268","423","536","445","C0271583"
"16987","23204","2","3","2","48","57","110","141","359","462","C0271650"
"16988","8600","2","5","7","41","219","339","156","568","697","C0271650"
"16989","6709","2","5","7","34","52","216","395","572","158","C0271650"
"16990","10265","2","3","3","19","221","321","428","541","667","C0271650"
"16991","2316","2","5","7","53","51","342","454","573","702","C0271650"
"16992","3040","2","5","5","53","51","342","40","78","178","C0271650"
"16993","6231","2","3","2","110","85","237","433","547","671","C0271650"
"16994","23765","2","3","12","41","219","238","252","489","416","C0271650"
"16995","2588","2","3","7","34","52","216","395","549","674","C0271650"
"16996","4489","2","5","6","27","184","261","116","287","116","C0271650"
"16997","8106","2","3","2","22","33","323","66","101","136","C0271650"
"16998","4036","2","5","7","60","14","184","341","544","669","C0271650"
"16999","2952","2","3","5","91","175","271","372","471","586","C0271650"
"17000","6870","2","5","4","68","96","326","427","548","672","C0271650"
"17001","5932","2","3","12","19","31","261","116","1","86","C0271650"
"17002","23529","2","5","7","53","51","119","25","40","416","C0271650"
"17003","5032","2","5","4","68","96","326","427","548","672","C0271650"
"17004","5468","2","3","3","19","151","276","91","433","118","C0271650"
"17005","7040","2","5","7","53","51","342","454","573","492","C0271650"
"17006","3861","2","1","6","11","142","225","142","220","298","C0271650"
"17007","1497","2","5","2","63","182","50","103","297","628","C0271650"
"17008","29893","2","3","12","19","31","1","426","55","78","C0271650"
"17009","2200","2","5","7","53","51","342","454","573","492","C0271650"
"17010","55280","2","3","2","22","33","323","66","101","136","C0271650"
"17011","6925","2","3","12","19","31","225","142","220","298","C0271650"
"17012","861","2","3","12","19","31","1","426","55","78","C0271650"
"17013","3257","2","5","7","60","54","24","30","46","72","C0271650"
"17014","358","2","3","5","80","81","166","397","374","486","C0271650"
"17015","4313","2","5","7","53","51","342","454","573","492","C0271683"
"17016","23767","2","5","7","53","14","20","25","40","186","C0271683"
"17017","2632","2","3","2","28","22","48","232","82","114","C0271683"
"17018","257","2","3","3","19","221","321","428","541","667","C0271683"
"17019","338917","2","3","3","19","221","321","428","541","667","C0271694"
"17020","54795","2","5","8","63","45","193","306","390","158","C0271694"
"17021","6716","2","3","2","69","98","169","299","50","494","C0271694"
"17022","5195","2","3","5","43","161","305","409","208","482","C0271694"
"17023","3955","2","5","8","89","124","143","428","236","667","C0271694"
"17024","9101","2","3","12","41","219","339","156","568","605","C0271708"
"17025","2969","2","3","12","19","31","276","91","433","118","C0271708"
"17026","3976","2","5","7","53","51","119","25","489","416","C0271708"
"17027","10128","2","3","2","48","170","50","119","444","556","C0271708"
"17028","3988","2","3","5","98","174","277","379","476","42","C0271708"
"17029","1778","2","3","7","76","153","40","38","54","75","C0271708"
"17030","5290","2","3","7","53","14","20","25","40","186","C0271708"
"17031","324","2","3","12","41","219","197","70","255","422","C0271708"
"17032","1289","2","5","7","53","51","342","454","573","492","C0271710"
"17033","8822","2","5","7","53","14","20","25","40","186","C0271710"
"17034","4000","2","3","12","26","105","178","226","297","156","C0271742"
"17035","440","2","3","2","101","62","189","182","509","154","C0271742"
"17036","8200","2","5","7","53","51","342","259","423","389","C0271801"
"17037","1277","2","5","7","53","51","342","454","573","492","C0271801"
"17038","5518","2","3","12","76","153","40","38","54","435","C0271801"
"17039","54209","2","5","7","53","51","119","395","549","674","C0271801"
"17040","4208","2","3","12","19","151","276","91","433","118","C0271801"
"17041","673","2","5","7","53","14","20","34","540","68","C0271801"
"17042","84133","2","3","3","68","221","197","259","499","422","C0271829"
"17043","5551","2","5","7","53","51","119","395","549","674","C0271829"
"17044","5339","2","5","7","53","51","342","454","573","492","C0271829"
"17045","1610","2","3","5","80","81","305","409","208","482","C0271844"
"17046","6690","2","5","7","68","51","119","395","549","674","C0271844"
"17047","79823","2","3","4","68","45","272","347","518","621","C0271844"
"17048","5663","2","5","7","34","52","216","395","549","667","C0271844"
"17049","2317","2","5","7","63","45","23","103","287","664","C0271844"
"17050","2254","2","5","7","53","14","20","25","40","186","C0271844"
"17051","1235","2","5","4","68","96","326","427","548","672","C0271901"
"17052","27031","2","3","6","11","142","225","38","331","506","C0271901"
"17053","7841","2","3","2","41","116","178","423","536","445","C0271901"
"17054","4088","2","3","12","19","219","339","259","423","605","C0271901"
"17055","10320","2","5","7","19","119","143","214","236","389","C0271901"
"17056","7042","2","5","7","53","51","342","454","573","492","C0271901"
"17057","2771","2","5","4","68","96","326","427","548","672","C0271901"
"17058","10020","2","3","2","89","124","204","42","452","258","C0271901"
"17059","2591","2","3","2","89","206","324","430","429","544","C0271901"
"17060","471","2","3","5","80","81","61","373","341","142","C0271901"
"17061","2717","2","3","7","34","52","216","395","549","674","C0271901"
"17062","2131","2","3","2","74","58","112","148","181","416","C0271933"
"17063","3845","2","5","7","60","54","24","30","46","72","C0271933"
"17064","6870","2","5","4","68","96","326","427","548","672","C0271985"
"17065","998","2","5","7","60","54","24","30","46","72","C0271985"
"17066","847","2","3","7","34","52","216","395","549","674","C0271985"
"17067","5994","2","3","12","19","31","276","91","491","118","C0272027"
"17068","2697","2","3","7","76","153","40","38","54","75","C0272027"
"17069","2261","2","5","7","53","14","20","25","40","186","C0272027"
"17070","8517","2","3","12","41","219","339","156","568","697","C0272027"
"17071","4920","2","5","7","53","14","20","259","560","373","C0272027"
"17072","2778","2","5","4","68","96","326","427","548","672","C0272027"
"17073","3123","2","5","7","53","51","119","156","287","116","C0272027"
"17074","2147","2","5","7","68","51","342","454","573","492","C0272027"
"17075","5020","2","5","4","68","96","326","427","548","672","C0272027"
"17076","9401","2","3","12","76","31","261","116","1","86","C0272027"
"17077","24","2","3","12","41","116","268","423","536","445","C0272027"
"17078","79722","2","3","12","76","153","40","38","54","75","C0272027"
"17079","5660","2","5","7","34","52","326","427","548","702","C0272027"
"17080","2623","2","3","12","19","31","1","155","287","116","C0272027"
"17081","5156","2","5","7","53","14","20","25","40","186","C0272027"
"17082","54","2","3","5","80","81","178","195","256","342","C0272027"
"17083","1814","2","5","4","68","96","326","427","548","672","C0272051"
"17084","673","2","5","7","53","14","20","34","540","68","C0272051"
"17085","4907","2","3","5","80","81","296","62","94","150","C0272051"
"17086","2632","2","3","2","28","22","48","232","82","114","C0272052"
"17087","3117","2","5","7","53","153","119","156","287","116","C0272052"
"17088","1588","2","3","5","79","159","256","350","27","44","C0272052"
"17089","23426","2","5","7","42","36","71","177","223","219","C0272087"
"17090","2071","2","3","12","19","31","261","116","159","211","C0272087"
"17091","22999","2","5","7","60","36","71","341","223","219","C0272199"
"17092","22856","2","3","2","78","189","303","251","320","403","C0272199"
"17093","1959","2","3","3","19","151","276","91","433","118","C0272199"
"17094","5130","2","3","2","85","143","286","51","488","102","C0272199"
"17095","1736","2","3","2","110","85","237","433","547","671","C0272236"
"17096","2074","2","3","12","19","31","1","426","55","78","C0272236"
"17097","583","2","3","12","76","153","40","38","54","75","C0272236"
"17098","2072","2","3","12","19","31","261","116","1","86","C0272242"
"17099","5194","2","3","5","43","161","305","409","208","482","C0272242"
"17100","21","2","3","5","47","144","185","238","310","272","C0272242"
"17101","4968","2","3","12","19","31","261","116","1","86","C0272242"
"17102","54903","2","3","12","76","153","40","38","54","75","C0272242"
"17103","673","2","5","7","53","14","20","34","540","68","C0272242"
"17104","23175","2","3","5","80","81","296","51","488","102","C0272242"
"17105","10013","2","3","12","19","31","143","91","236","311","C0272278"
"17106","6708","2","5","7","60","14","20","25","40","186","C0272278"
"17107","5290","2","3","7","53","14","20","25","40","186","C0272278"
"17108","6391","2","3","2","48","170","50","119","444","556","C0272302"
"17109","9939","2","3","2","22","33","323","66","101","136","C0272302"
"17110","3081","2","3","2","91","51","3","267","308","429","C0272350"
"17111","1557","2","3","5","91","214","271","372","479","12","C0272350"
"17112","1230","2","5","4","68","96","326","427","548","672","C0272350"
"17113","774","2","5","8","63","36","166","341","390","158","C0272375"
"17114","1145","2","5","8","27","70","99","162","216","290","C0272375"
"17115","8516","2","5","7","53","51","342","454","573","492","C0272375"
"17116","8438","2","3","12","76","153","261","116","1","86","C0272375"
"17117","7518","2","3","12","19","31","261","116","1","86","C0272375"
"17118","421","2","5","7","42","51","335","444","560","373","C0272375"
"17119","1493","2","5","7","53","51","119","25","40","186","C0273115"
"17120","7476","2","5","3","68","221","197","259","560","422","C0273115"
"17121","29949","2","5","7","53","51","119","25","40","186","C0273115"
"17122","5743","2","3","5","53","175","119","167","489","416","C0273115"
"17123","8086","2","3","12","22","33","323","66","101","664","C0273115"
"17124","2737","2","3","12","19","116","321","428","54","667","C0273115"
"17125","4041","2","5","3","68","221","197","259","560","422","C0273115"
"17126","1543","2","3","5","91","151","276","91","433","118","C0273115"
"17127","595","2","3","12","19","31","1","426","489","416","C0273115"
"17128","3728","2","5","7","34","52","225","142","220","298","C0273115"
"17129","7048","2","5","7","53","51","342","259","423","389","C0273115"
"17130","56616","2","3","12","41","219","339","156","568","697","C0273115"
"17131","2121","2","3","12","41","116","268","434","568","605","C0273115"
"17132","2121","2","3","12","41","116","268","434","568","605","C0273115"
"17133","9487","2","3","5","80","81","142","176","235","317","C0273115"
"17134","4221","2","3","12","19","31","342","454","573","492","C0273115"
"17135","23533","2","3","2","53","14","20","25","362","468","C0273115"
"17136","10273","2","3","12","41","116","268","434","468","213","C0273115"
"17137","8635","2","5","7","34","52","216","395","549","674","C0273115"
"17138","51360","2","3","3","26","35","276","91","433","203","C0273115"
"17139","2720","2","3","7","34","52","216","395","21","599","C0276226"
"17140","10087","2","3","7","50","47","39","100","321","255","C0276226"
"17141","3479","2","5","7","53","51","342","454","573","492","C0276226"
"17142","2255","2","5","7","53","14","20","25","40","186","C0276226"
"17143","410","2","3","7","34","52","216","395","549","674","C0276226"
"17144","5908","2","5","7","34","52","216","30","46","72","C0276226"
"17145","144568","2","3","6","11","142","225","142","220","298","C0277799"
"17146","5192","2","3","5","43","161","305","409","208","482","C0277799"
"17147","8260","2","3","12","41","85","266","76","287","78","C0277799"
"17148","779","2","5","8","63","36","166","341","390","158","C0277799"
"17149","54903","2","3","12","76","153","40","38","54","75","C0277799"
"17150","2475","2","3","2","48","57","110","141","359","462","C0277799"
"17151","5077","2","3","3","19","221","321","428","541","667","C0277799"
"17152","30008","2","5","7","53","51","342","454","573","492","C0277799"
"17153","5053","2","3","5","80","81","166","236","308","390","C0277799"
"17154","1186","2","5","8","63","45","23","34","464","187","C0277799"
"17155","1030","2","3","12","19","31","1","426","55","78","C0277799"
"17156","51750","2","3","12","19","31","261","116","1","86","C0277799"
"17157","7319","2","3","12","41","116","268","434","468","213","C0277799"
"17158","1387","2","3","12","19","31","276","91","433","118","C0277799"
"17159","4322","2","5","7","53","51","342","454","573","492","C0277799"
"17160","1186","2","5","8","63","45","23","34","464","187","C0277827"
"17161","7026","2","3","3","19","151","276","91","433","118","C0277827"
"17162","1954","2","5","7","53","51","342","454","573","492","C0277828"
"17163","7140","2","5","8","63","45","23","103","464","187","C0277828"
"17164","51684","2","3","12","41","116","268","38","54","75","C0277828"
"17165","3606","2","5","7","53","51","119","156","489","416","C0277828"
"17166","355","2","3","7","41","219","339","156","568","697","C0277828"
"17167","4540","2","3","2","48","170","50","119","444","556","C0277828"
"17168","16","2","3","2","110","85","237","433","547","154","C0277828"
"17169","7473","2","5","3","68","221","197","259","560","422","C0277828"
"17170","3763","2","5","8","63","36","166","106","110","158","C0277828"
"17171","3481","2","5","7","53","51","342","454","573","492","C0277828"
"17172","4539","2","3","2","53","184","86","107","560","195","C0277828"
"17173","23299","2","3","12","76","153","40","38","54","75","C0277828"
"17174","8625","2","3","12","19","31","276","91","236","118","C0277828"
"17175","2778","2","5","4","68","96","326","427","548","672","C0277828"
"17176","8803","2","3","8","67","92","293","55","75","311","C0277828"
"17177","3953","2","5","7","53","14","20","25","40","186","C0277828"
"17178","1312","2","3","2","87","79","105","426","129","25","C0277828"
"17179","5860","2","3","2","69","91","75","204","267","352","C0277828"
"17180","6662","2","3","3","19","221","321","428","541","667","C0277828"
"17181","2158","2","5","7","68","51","119","395","549","674","C0277828"
"17182","7468","2","3","12","19","31","1","426","55","78","C0277828"
"17183","4312","2","5","7","53","51","342","454","573","492","C0277828"
"17184","6833","2","5","8","45","36","166","240","415","666","C0277828"
"17185","3763","2","5","8","63","36","166","106","110","158","C0277828"
"17186","5080","2","3","3","19","221","321","428","541","667","C0277828"
"17187","6772","2","3","12","53","184","119","156","287","116","C0277828"
"17188","6654","2","5","7","60","54","24","30","46","72","C0277828"
"17189","10717","2","5","7","60","18","184","341","544","669","C0277828"
"17190","4724","2","3","2","48","170","50","119","444","556","C0277873"
"17191","5332","2","3","4","68","96","326","427","548","672","C0277873"
"17192","54840","2","3","12","19","31","261","116","1","86","C0277959"
"17193","10806","2","3","12","76","153","40","38","54","75","C0277959"
"17194","3691","2","5","7","53","51","342","454","573","492","C0277959"
"17195","8200","2","5","7","53","51","342","259","423","389","C0277959"
"17196","2074","2","3","12","19","31","1","426","55","78","C0277959"
"17197","6658","2","3","12","19","221","321","428","541","667","C0277959"
"17198","5189","2","3","5","43","161","305","409","208","482","C0277959"
"17199","10312","2","3","7","34","52","216","395","549","674","C0277959"
"17200","5830","2","3","5","43","161","305","409","208","482","C0277959"
"17201","1373","2","3","8","84","97","167","210","271","536","C0277959"
"17202","590","2","3","5","85","143","286","51","488","604","C0277959"
"17203","10060","2","3","8","41","45","23","423","464","445","C0277959"
"17204","4358","2","3","5","43","161","305","409","208","482","C0277959"
"17205","3717","2","5","7","53","14","20","25","40","186","C0277959"
"17206","9241","2","5","7","53","51","342","259","423","389","C0277959"
"17207","10269","2","3","2","48","182","50","119","444","556","C0277959"
"17208","3991","2","3","5","80","81","166","57","83","658","C0277959"
"17209","3459","2","5","7","53","184","119","156","287","116","C0277959"
"17210","10559","2","3","2","89","124","204","272","347","451","C0277959"
"17211","6609","2","3","5","105","155","250","291","152","420","C0277959"
"17212","2697","2","3","7","76","153","40","38","54","75","C0277959"
"17213","1896","2","5","12","41","219","339","156","568","697","C0277959"
"17214","27235","2","3","2","48","170","50","304","167","593","C0277959"
"17215","5189","2","3","5","43","161","305","409","208","482","C0277959"
"17216","7443","2","3","12","19","31","261","34","540","68","C0277959"
"17217","1947","2","5","7","53","51","20","25","560","373","C0277959"
"17218","1387","2","3","12","19","31","276","91","433","118","C0277959"
"17219","2153","2","5","7","53","51","342","454","573","492","C0277959"
"17220","4000","2","3","12","26","105","178","226","297","156","C0277959"
"17221","5727","2","3","12","68","221","197","259","560","422","C0277959"
"17222","716","2","5","7","53","51","119","395","549","674","C0277959"
"17223","6335","2","5","8","63","36","166","341","390","158","C0277960"
"17224","3073","2","3","5","105","155","250","291","152","420","C0277960"
"17225","4047","2","3","3","19","151","276","91","433","118","C0277960"
"17226","7809","2","5","8","63","45","23","34","464","187","C0277960"
"17227","5468","2","3","3","19","151","276","91","433","118","C0277960"
"17228","2705","2","3","12","76","153","40","38","54","75","C0277960"
"17229","5290","2","3","7","53","14","20","25","40","186","C0277960"
"17230","6521","2","5","8","35","41","199","40","415","666","C0278184"
"17231","5015","2","3","3","19","221","321","428","541","667","C0278184"
"17232","627","2","5","7","53","51","335","444","423","373","C0278184"
"17233","1129","2","5","4","68","96","326","427","548","672","C0278184"
"17234","2512","2","3","7","34","52","216","395","544","358","C0278184"
"17235","2253","2","5","7","53","14","20","25","40","186","C0278184"
"17236","1814","2","5","4","68","96","326","427","548","672","C0278184"
"17237","6794","2","3","12","53","14","20","34","540","68","C0278184"
"17238","6845","2","5","7","60","14","184","341","544","669","C0278184"
"17239","6751","2","5","4","68","96","326","427","548","672","C0278804"
"17240","5443","2","5","4","68","96","326","427","548","672","C0278804"
"17241","4292","2","3","12","19","31","261","116","1","86","C0278996"
"17242","8195","2","3","12","76","153","76","38","54","75","C0278996"
"17243","1917","2","3","12","41","219","339","347","572","658","C0279628"
"17244","26762","2","5","7","53","51","119","395","549","674","C0279628"
"17245","7373","2","5","7","53","51","342","454","573","492","C0279628"
"17246","22931","2","5","7","34","54","24","30","46","72","C0279628"
"17247","146845","2","3","12","76","137","76","136","271","356","C0279628"
"17248","2263","2","5","7","53","14","20","25","40","186","C0279628"
"17249","4041","2","5","3","68","221","197","259","560","422","C0279628"
"17250","1368","2","5","5","27","51","335","444","560","373","C0279628"
"17251","1890","2","3","5","80","81","296","62","94","150","C0279628"
"17252","3735","2","3","2","110","85","237","433","252","154","C0279628"
"17253","23322","2","3","12","76","153","40","38","54","75","C0279628"
"17254","5617","2","5","12","19","31","1","426","55","78","C0279628"
"17255","1591","2","3","5","92","163","262","136","460","566","C0279628"
"17256","959","2","5","7","53","51","119","395","549","674","C0279628"
"17257","6785","2","3","5","67","7","5","239","311","393","C0279680"
"17258","2263","2","5","7","53","14","20","25","40","186","C0279680"
"17259","5190","2","3","5","43","161","305","409","208","482","C0279680"
"17260","1380","2","5","7","53","51","119","395","549","674","C0279680"
"17261","29123","2","3","12","19","151","276","91","433","118","C0279680"
"17262","3624","2","5","7","53","51","342","259","423","389","C0279680"
"17263","51259","2","3","2","76","153","40","38","54","75","C0279680"
"17264","7077","2","5","7","34","52","216","395","549","674","C0279680"
"17265","6528","2","5","8","45","94","199","240","415","666","C0279680"
"17266","9657","2","3","12","76","153","40","38","54","75","C0279680"
"17267","7546","2","5","3","19","221","321","79","560","373","C0279680"
"17268","2737","2","3","12","19","116","321","428","54","667","C0279680"
"17269","7424","2","5","7","53","51","342","454","573","702","C0279680"
"17270","5728","2","3","5","80","81","339","156","568","605","C0279680"
"17271","4703","2","5","7","60","45","23","103","464","187","C0279680"
"17272","5443","2","5","4","68","96","326","427","548","672","C0279680"
"17273","7454","2","5","7","60","14","20","25","40","215","C0279680"
"17274","1855","2","5","12","76","153","197","259","560","422","C0279702"
"17275","667","2","5","7","53","51","342","454","573","492","C0279702"
"17276","1584","2","3","5","79","159","256","276","353","456","C0279702"
"17277","10599","2","3","8","35","41","77","40","57","80","C0279702"
"17278","4313","2","5","7","53","51","342","454","573","492","C0279702"
"17279","2161","2","5","7","68","51","119","395","549","674","C0279702"
"17280","55624","2","3","2","78","123","194","255","215","412","C0279980"
"17281","5095","2","3","2","48","40","130","166","127","173","C0279980"
"17282","2261","2","5","7","53","14","20","25","40","186","C0279980"
"17283","8643","2","5","3","68","221","197","259","560","422","C0279980"
"17284","1571","2","3","5","91","214","271","372","471","26","C0280631"
"17285","8643","2","5","3","68","221","197","259","560","422","C0280631"
"17286","10134","2","3","2","41","219","339","156","536","342","C0280631"
"17287","1312","2","3","2","87","79","105","426","129","25","C0280631"
"17288","9896","2","3","5","80","81","296","399","201","274","C0280631"
"17289","5468","2","3","3","19","151","276","91","433","118","C0280631"
"17290","168507","2","5","7","53","51","335","444","560","373","C0280631"
"17291","25923","2","3","2","48","184","50","119","444","116","C0280631"
"17292","974","2","5","7","53","51","119","395","549","674","C0280631"
"17293","27316","2","3","2","22","33","323","66","101","136","C0280631"
"17294","3984","2","5","7","53","14","20","34","540","68","C0280631"
"17295","4750","2","5","12","76","14","20","34","540","68","C0280631"
"17296","26154","2","3","5","47","144","185","238","310","392","C0280631"
"17297","19","2","3","3","19","151","276","91","433","118","C0281508"
"17298","1376","2","3","2","19","151","276","91","433","118","C0281508"
"17299","8754","2","5","7","53","51","342","454","573","492","C0281966"
"17300","185","2","5","4","68","96","326","427","548","672","C0281966"
"17301","3984","2","5","7","53","14","20","34","540","68","C0281966"
"17302","2767","2","5","4","68","96","326","427","548","672","C0281966"
"17303","1071","2","5","7","53","51","342","454","573","492","C0281966"
"17304","3977","2","5","7","53","51","119","25","40","416","C0281966"
"17305","5447","2","3","5","91","214","271","372","471","586","C0281966"
"17306","1947","2","5","7","53","51","20","25","560","373","C0281966"
"17307","1813","2","5","4","68","96","326","427","548","672","C0281966"
"17308","91252","2","5","4","68","96","326","427","548","672","C0281966"
"17309","6323","2","5","8","63","36","166","341","390","158","C0281966"
"17310","7466","2","5","7","53","51","342","454","573","492","C0281966"
"17311","5376","2","5","7","53","51","342","454","573","492","C0281966"
"17312","1736","2","3","2","110","85","237","433","547","671","C0281966"
"17313","5274","2","5","7","68","51","342","454","573","492","C0281966"
"17314","7547","2","3","3","19","221","321","428","541","667","C0281966"
"17315","26229","2","3","2","74","205","191","396","408","257","C0281966"
"17316","10618","2","5","7","60","51","184","341","544","669","C0282160"
"17317","54790","2","3","12","19","31","1","426","55","78","C0282160"
"17318","4626","2","5","8","63","45","23","103","464","187","C0282160"
"17319","7403","2","3","12","19","31","1","426","55","78","C0282160"
"17320","3482","2","5","7","34","52","216","395","544","669","C0282160"
"17321","5781","2","5","7","53","14","20","25","40","186","C0282160"
"17322","3074","2","3","7","34","52","216","395","549","607","C0282160"
"17323","2896","2","5","7","34","52","216","395","549","674","C0282160"
"17324","2201","2","5","7","53","51","342","454","573","492","C0282160"
"17325","5889","2","3","12","19","31","261","116","1","86","C0282160"
"17326","9705","2","5","7","27","36","150","341","223","628","C0282160"
"17327","5663","2","5","7","34","52","216","395","549","667","C0282160"
"17328","2072","2","3","12","19","31","261","116","1","86","C0282160"
"17329","2316","2","5","7","53","51","342","454","573","702","C0282160"
"17330","2706","2","3","12","76","153","40","38","54","75","C0282193"
"17331","5602","2","3","12","19","14","150","34","540","68","C0282193"
"17332","3655","2","5","7","53","51","342","454","573","492","C0282193"
"17333","27077","2","3","12","76","153","40","38","54","75","C0282193"
"17334","5897","2","3","12","41","116","268","141","568","605","C0282193"
"17335","1302","2","5","7","53","51","342","454","573","492","C0282488"
"17336","1300","2","5","7","53","51","342","454","573","492","C0282488"
"17337","8139","2","3","12","41","116","268","434","468","213","C0282488"
"17338","255738","2","5","7","53","51","342","454","573","492","C0282525"
"17339","2353","2","3","12","19","31","1","91","489","416","C0282525"
"17340","2259","2","5","8","63","36","166","341","223","158","C0282525"
"17341","83259","2","5","7","53","51","335","444","560","373","C0282525"
"17342","26610","2","3","12","19","31","1","426","55","78","C0282525"
"17343","10397","2","3","2","110","81","148","402","51","383","C0282525"
"17344","5450","2","3","12","19","221","261","116","159","211","C0282525"
"17345","10483","2","3","7","60","54","24","30","46","72","C0282525"
"17346","9451","2","3","2","110","51","335","226","297","380","C0282525"
"17347","23746","2","3","12","41","83","101","126","271","356","C0282525"
"17348","7259","2","3","12","19","31","1","426","55","78","C0282525"
"17349","5621","2","5","8","27","36","342","454","573","628","C0282525"
"17350","4088","2","3","12","19","219","339","259","423","605","C0282525"
"17351","5354","2","5","7","27","36","150","341","223","628","C0282527"
"17352","3458","2","5","7","53","184","119","156","287","116","C0282527"
"17353","54903","2","3","12","76","153","40","38","54","75","C0282527"
"17354","6909","2","5","7","53","51","335","444","560","373","C0282527"
"17355","6885","2","3","12","41","219","339","156","568","697","C0282527"
"17356","1785","2","5","7","60","14","184","341","544","669","C0282527"
"17357","2077","2","3","12","76","153","40","38","54","75","C0282527"
"17358","3845","2","5","7","60","54","24","30","46","72","C0282527"
"17359","55636","2","3","3","19","221","321","428","423","389","C0282527"
"17360","7066","2","5","7","53","51","119","25","573","416","C0282527"
"17361","5119","2","3","2","48","57","110","141","359","462","C0282527"
"17362","396","2","5","7","60","54","24","30","46","72","C0282527"
"17363","55505","2","3","2","110","85","237","433","547","671","C0282527"
"17364","57670","2","5","7","42","81","184","118","543","214","C0282528"
"17365","2260","2","5","7","53","14","20","25","40","186","C0282528"
"17366","6776","2","5","7","53","14","20","25","40","186","C0282548"
"17367","8481","2","3","12","76","153","40","38","54","75","C0282548"
"17368","23586","2","3","12","41","219","339","156","568","605","C0282612"
"17369","6748","2","3","2","110","85","237","433","547","671","C0282612"
"17370","3814","2","5","4","68","96","326","427","548","672","C0282612"
"17371","1282","2","5","7","53","51","342","454","573","492","C0282612"
"17372","9255","2","3","2","110","85","237","433","547","154","C0282612"
"17373","2263","2","5","7","53","14","20","25","40","186","C0282612"
"17374","5728","2","3","5","80","81","339","156","568","605","C0282612"
"17375","2110","2","3","2","48","170","50","119","444","556","C0282612"
"17376","4306","2","3","3","19","151","276","91","433","118","C0282612"
"17377","5925","2","3","12","19","31","1","426","55","78","C0282612"
"17378","345","2","5","7","53","51","342","454","573","492","C0282612"
"17379","4436","2","3","12","19","31","261","116","1","86","C0282631"
"17380","3767","2","5","8","63","36","166","106","110","158","C0282631"
"17381","7015","2","3","12","19","31","1","426","55","78","C0282631"
"17382","23508","2","3","12","41","219","339","347","271","356","C0282631"
"17383","2201","2","5","7","53","51","342","454","573","492","C0282631"
"17384","23556","2","3","2","61","77","142","176","235","317","C0282631"
"17385","8626","2","3","3","19","221","321","428","541","667","C0282631"
"17386","9487","2","3","5","80","81","142","176","235","317","C0282631"
"17387","10743","2","3","3","19","151","276","91","433","118","C0300948"
"17388","23432","2","3","12","41","116","268","38","54","75","C0300948"
"17389","4352","2","5","7","53","14","20","25","40","186","C0302129"
"17390","8260","2","3","12","41","85","266","76","287","78","C0302129"
"17391","7422","2","5","7","53","51","342","454","573","702","C0302129"
"17392","4908","2","5","7","53","51","342","259","423","389","C0302280"
"17393","3431","2","3","12","53","184","119","156","287","116","C0302280"
"17394","55131","2","3","2","110","85","237","433","547","671","C0302280"
"17395","7461","2","3","7","60","153","40","38","93","75","C0302280"
"17396","3852","2","1","6","11","142","225","142","220","298","C0302280"
"17397","2200","2","5","7","53","51","342","454","573","492","C0302280"
"17398","23175","2","3","5","80","81","296","51","488","102","C0302314"
"17399","8878","2","3","12","41","219","339","156","568","697","C0302314"
"17400","8643","2","5","3","68","221","197","259","560","422","C0302314"
"17401","3981","2","3","12","19","31","261","116","1","86","C0302314"
"17402","26127","2","3","7","76","14","20","136","472","435","C0302314"
"17403","8516","2","5","7","53","51","342","454","573","492","C0302809"
"17404","3425","2","3","5","80","81","166","454","573","492","C0302809"
"17405","7157","2","3","12","19","31","261","402","489","551","C0302859"
"17406","7133","2","5","7","34","52","216","395","549","697","C0302859"
"17407","5605","2","5","7","53","14","20","34","540","68","C0302859"
"17408","1548","2","3","5","91","214","226","326","447","586","C0302885"
"17409","2729","2","3","2","83","171","97","381","478","329","C0302885"
"17410","9487","2","3","5","80","81","142","176","235","317","C0302885"
"17411","7292","2","5","12","41","219","339","156","568","697","C0302885"
"17412","6712","2","5","7","60","153","40","341","223","203","C0302885"
"17413","27125","2","3","12","19","31","261","116","159","211","C0302885"
"17414","2688","2","5","7","53","51","119","25","40","186","C0302885"
"17415","2896","2","5","7","34","52","216","395","549","674","C0302885"
"17416","7053","2","3","6","11","142","225","142","220","298","C0302885"
"17417","2263","2","5","7","53","14","20","25","40","186","C0311277"
"17418","3845","2","5","7","60","54","24","30","46","72","C0311277"
"17419","3172","2","3","3","19","151","276","91","433","118","C0311277"
"17420","2074","2","3","12","19","31","1","426","55","78","C0311277"
"17421","2255","2","5","7","53","14","20","25","40","186","C0311277"
"17422","9487","2","3","5","80","81","142","176","235","317","C0311277"
"17423","4893","2","5","7","34","52","24","30","46","72","C0311277"
"17424","10982","2","3","12","76","153","40","38","54","75","C0311277"
"17425","6774","2","3","12","53","14","276","25","489","416","C0311277"
"17426","5339","2","5","7","53","51","342","454","573","492","C0311277"
"17427","6197","2","3","12","19","14","20","34","540","68","C0311277"
"17428","7852","2","5","4","68","96","326","427","548","672","C0311277"
"17429","4000","2","3","12","26","105","178","226","297","156","C0311277"
"17430","9409","2","3","5","43","161","305","409","208","482","C0311277"
"17431","55145","2","3","2","22","33","225","142","220","140","C0311277"
"17432","2316","2","5","7","53","51","342","454","573","702","C0311277"
"17433","1134","2","5","8","27","70","99","162","216","290","C0311277"
"17434","355","2","3","7","41","219","339","156","568","697","C0311277"
"17435","64072","2","5","7","53","51","335","444","560","373","C0311277"
"17436","846","2","5","4","68","96","326","427","548","672","C0311277"
"17437","4913","2","3","12","19","31","261","116","1","86","C0311277"
"17438","5573","2","3","12","19","184","118","155","287","116","C0311277"
"17439","23111","2","3","12","41","219","339","156","568","697","C0311277"
"17440","6885","2","3","12","41","219","339","156","568","697","C0311277"
"17441","4254","2","5","7","53","14","20","25","40","186","C0311277"
"17442","23345","2","3","12","19","31","1","426","55","78","C0311298"
"17443","51062","2","5","7","27","36","150","402","489","373","C0311298"
"17444","9368","2","5","7","42","36","71","177","223","219","C0311338"
"17445","1031","2","3","12","19","31","1","426","55","78","C0311338"
"17446","4810","2","3","2","76","57","110","444","560","373","C0311338"
"17447","23592","2","3","12","26","105","342","259","423","389","C0311338"
"17448","5740","2","3","5","91","175","279","167","224","301","C0311394"
"17449","4998","2","3","12","76","31","261","116","1","86","C0311394"
"17450","2074","2","3","12","19","31","1","426","55","78","C0311394"
"17451","8314","2","3","12","41","31","1","426","55","78","C0311394"
"17452","8642","2","5","7","53","51","335","444","560","373","C0311394"
"17453","5696","2","3","12","41","116","268","156","568","116","C0311394"
"17454","10577","2","5","7","34","52","216","395","549","674","C0311394"
"17455","5897","2","3","12","41","116","268","141","568","605","C0311394"
"17456","4286","2","3","12","19","31","261","116","1","664","C0311394"
"17457","6655","2","5","7","60","54","24","30","46","72","C0311394"
"17458","5604","2","5","7","53","14","20","34","540","68","C0311394"
"17459","7508","2","3","12","19","31","261","116","1","664","C0311394"
"17460","8842","2","5","5","53","82","147","184","179","328","C0311394"
"17461","6638","2","3","2","22","33","323","66","101","136","C0311394"
"17462","4256","2","5","7","53","51","342","454","573","492","C0311394"
"17463","26191","2","5","7","53","14","20","25","40","186","C0311394"
"17464","7046","2","3","12","41","219","339","259","423","605","C0311394"
"17465","1493","2","5","7","53","51","119","25","40","186","C0311394"
"17466","1909","2","5","4","68","96","326","427","548","672","C0311394"
"17467","3039","2","3","5","35","41","118","155","287","116","C0311394"
"17468","55157","2","3","2","110","85","67","76","252","154","C0311394"
"17469","1028","2","3","12","19","31","1","116","1","86","C0311394"
"17470","10577","2","5","7","34","52","216","395","549","674","C0311394"
"17471","5970","2","3","12","19","31","276","91","433","118","C0311394"
"17472","10262","2","3","2","22","33","323","66","101","136","C0311394"
"17473","1080","2","3","12","41","219","339","156","544","669","C0311394"
"17474","55651","2","3","2","110","85","237","433","547","671","C0311394"
"17475","538","2","3","8","63","45","23","103","464","187","C0311394"
"17476","54332","2","3","2","60","170","40","98","66","203","C0311468"
"17477","54345","2","5","3","19","221","321","428","541","667","C0311468"
"17478","10682","2","5","4","68","96","326","48","69","204","C0311468"
"17479","8905","2","5","7","60","153","184","341","544","669","C0311468"
"17480","4668","2","3","5","21","111","188","242","313","396","C0311468"
"17481","478","2","3","8","63","45","23","366","464","187","C0311468"
"17482","50617","2","3","5","29","88","100","125","168","223","C0311468"
"17483","6514","2","5","7","90","216","337","448","565","562","C0311468"
"17484","9049","2","3","3","41","151","276","378","271","356","C0311468"
"17485","2736","2","3","12","41","116","321","428","54","667","C0311468"
"17486","4843","2","3","5","43","161","305","409","489","416","C0311468"
"17487","4508","2","3","2","48","170","50","119","444","556","C0311468"
"17488","1312","2","3","2","87","79","105","426","129","25","C0311468"
"17489","3594","2","5","7","53","51","119","25","560","373","C0311468"
"17490","5594","2","5","7","34","14","20","34","540","274","C0311468"
"17491","11231","2","3","2","110","105","178","226","297","380","C0311468"
"17492","5727","2","3","12","68","221","197","259","560","422","C0311468"
"17493","8322","2","5","3","68","221","184","259","544","669","C0311468"
"17494","2697","2","3","7","76","153","40","38","54","75","C0312420"
"17495","8642","2","5","7","53","51","335","444","560","373","C0312420"
"17496","2693","2","5","4","68","96","326","427","548","672","C0332573"
"17497","9627","2","3","12","19","31","1","426","55","78","C0332573"
"17498","673","2","5","7","53","14","20","34","540","68","C0332573"
"17499","7076","2","5","7","53","51","342","454","573","492","C0332573"
"17500","1807","2","3","5","80","23","186","79","560","273","C0332573"
"17501","6495","2","3","3","19","221","321","428","541","667","C0332573"
"17502","10329","2","3","2","63","123","194","423","536","544","C0332573"
"17503","3481","2","5","7","53","51","342","454","573","492","C0332573"
"17504","4214","2","3","12","41","219","339","34","540","117","C0332573"
"17505","4597","2","3","3","72","151","276","91","433","118","C0332573"
"17506","3417","2","3","7","34","52","216","395","549","319","C0332573"
"17507","627","2","5","7","53","51","335","444","423","373","C0332573"
"17508","51360","2","3","3","26","35","276","91","433","203","C0332573"
"17509","6862","2","5","3","53","51","335","259","560","373","C0332573"
"17510","10157","2","3","5","71","102","175","222","290","371","C0332573"
"17511","2741","2","5","8","27","70","99","162","216","290","C0332573"
"17512","4668","2","3","5","21","111","188","242","313","396","C0332573"
"17513","2719","2","5","7","53","51","342","454","573","492","C0332573"
"17514","10528","2","3","2","110","85","237","433","547","671","C0332573"
"17515","7020","2","3","12","19","31","276","91","433","664","C0332606"
"17516","1284","2","5","7","53","51","342","454","573","492","C0332606"
"17517","338","2","5","7","53","51","342","454","573","492","C0332606"
"17518","2255","2","5","7","53","14","20","25","40","186","C0332606"
"17519","26873","2","3","5","83","171","97","237","77","391","C0332606"
"17520","5465","2","3","3","19","151","276","91","433","118","C0332606"
"17521","93","2","5","7","53","14","20","259","423","389","C0332606"
"17522","1278","2","5","7","53","51","342","454","573","492","C0332606"
"17523","1297","2","5","7","53","51","342","454","573","492","C0332606"
"17524","79133","2","3","2","48","170","50","119","444","556","C0332606"
"17525","5116","2","3","12","76","153","40","38","54","75","C0332615"
"17526","8200","2","5","7","53","51","342","259","423","389","C0332615"
"17527","3516","2","3","12","19","31","143","428","236","667","C0332615"
"17528","146862","2","3","12","41","116","268","347","271","356","C0332615"
"17529","8647","2","3","5","46","158","252","352","449","563","C0332615"
"17530","182","2","5","7","53","51","143","428","236","667","C0332615"
"17531","4143","2","3","5","80","81","105","426","129","2","C0332615"
"17532","5144","2","3","4","68","96","326","427","548","672","C0332615"
"17533","3045","2","3","12","19","31","118","155","287","116","C0332615"
"17534","6662","2","3","3","19","221","321","428","541","667","C0332615"
"17535","547","2","3","7","76","153","40","38","54","75","C0332615"
"17536","3953","2","5","7","53","14","20","25","40","186","C0332615"
"17537","843","2","3","12","41","219","339","156","568","697","C0332615"
"17538","4068","2","5","7","53","51","119","25","549","674","C0332878"
"17539","368","2","3","12","41","116","268","423","536","445","C0332878"
"17540","3691","2","5","7","53","51","342","454","573","492","C0332878"
"17541","11200","2","3","12","19","31","261","116","1","86","C0332878"
"17542","5788","2","5","7","34","52","216","395","549","674","C0332878"
"17543","6100","2","3","2","22","33","323","66","101","136","C0332878"
"17544","2261","2","5","7","53","14","20","25","40","186","C0332878"
"17545","5979","2","5","7","53","14","20","25","40","186","C0332878"
"17546","4967","2","3","2","67","92","293","55","75","311","C0332878"
"17547","4514","2","3","2","48","57","110","141","359","5","C0332890"
"17548","50617","2","3","5","29","88","100","125","168","223","C0332890"
"17549","1436","2","5","7","53","14","20","25","40","186","C0332890"
"17550","5744","2","5","4","68","96","326","427","548","672","C0332890"
"17551","7157","2","3","12","19","31","261","402","489","551","C0332890"
"17552","8200","2","5","7","53","51","342","259","423","389","C0332890"
"17553","796","2","5","4","68","96","326","427","548","672","C0333355"
"17554","51715","2","5","7","60","54","24","30","46","72","C0333355"
"17555","8085","2","3","12","19","31","1","426","55","78","C0333355"
"17556","3090","2","3","12","19","31","1","426","55","664","C0333355"
"17557","8867","2","3","5","60","14","184","341","544","669","C0333355"
"17558","2780","2","5","4","68","96","326","427","548","672","C0333355"
"17559","2969","2","3","12","19","31","276","91","433","118","C0333355"
"17560","23742","2","5","5","68","96","326","427","447","586","C0333355"
"17561","1452","2","3","12","41","116","197","34","540","422","C0333641"
"17562","29887","2","3","7","60","18","110","141","198","270","C0333641"
"17563","5604","2","5","7","53","14","20","34","540","68","C0333641"
"17564","9409","2","3","5","43","161","305","409","208","482","C0333641"
"17565","9469","2","3","2","103","189","303","29","475","467","C0333641"
"17566","23545","2","3","5","29","88","132","85","222","346","C0333641"
"17567","1130","2","5","7","60","54","326","141","359","462","C0333641"
"17568","2273","2","5","8","63","45","23","103","464","187","C0333641"
"17569","5122","2","5","4","27","36","184","141","359","411","C0333641"
"17570","2919","2","5","7","34","52","216","427","548","672","C0333641"
"17571","7518","2","3","12","19","31","261","116","1","86","C0333751"
"17572","2778","2","5","4","68","96","326","427","548","672","C0333751"
"17573","841","2","3","12","41","219","339","156","568","697","C0333751"
"17574","5468","2","3","3","19","151","276","91","433","118","C0333864"
"17575","4920","2","5","7","53","14","20","259","560","373","C0333864"
"17576","114609","2","3","12","41","219","339","156","568","697","C0333864"
"17577","421","2","5","7","42","51","335","444","560","373","C0333864"
"17578","54209","2","5","7","53","51","119","395","549","674","C0333864"
"17579","1663","2","3","12","76","105","178","226","297","380","C0333913"
"17580","7403","2","3","12","19","31","1","426","55","78","C0333913"
"17581","547","2","3","7","76","153","40","38","54","75","C0333913"
"17582","2896","2","5","7","34","52","216","395","549","674","C0333913"
"17583","6928","2","3","3","19","221","321","428","541","667","C0333913"
"17584","94","2","5","7","53","51","342","259","423","389","C0333913"
"17585","4014","2","1","6","11","142","225","142","220","298","C0333913"
"17586","8820","2","3","3","19","221","321","428","541","667","C0333913"
"17587","1813","2","5","4","68","96","326","427","548","672","C0333913"
"17588","4125","2","3","7","34","52","216","395","549","674","C0333913"
"17589","9968","2","4","3","24","119","330","214","454","144","C0333913"
"17590","9031","2","3","12","19","31","1","426","55","78","C0334008"
"17591","367","2","3","12","19","31","276","91","433","118","C0334008"
"17592","301","2","5","4","68","96","326","427","548","672","C0334008"
"17593","4688","2","5","7","60","14","20","25","40","215","C0334008"
"17594","1184","2","5","8","63","45","23","34","464","187","C0334008"
"17595","3859","2","1","6","11","142","225","142","220","298","C0334008"
"17596","7476","2","5","3","68","221","197","259","560","422","C0334008"
"17597","4508","2","3","2","48","170","50","119","444","556","C0334008"
"17598","3954","2","3","2","48","170","67","119","444","593","C0334008"
"17599","2736","2","3","12","41","116","321","428","54","667","C0334008"
"17600","3122","2","5","7","53","184","119","156","287","116","C0334008"
"17601","1555","2","3","5","91","214","271","372","480","598","C0334008"
"17602","5728","2","3","5","80","81","339","156","568","605","C0334008"
"17603","4000","2","3","12","26","105","178","226","297","156","C0334008"
"17604","249","2","3","5","27","51","335","444","560","373","C0334008"
"17605","6323","2","5","8","63","36","166","341","390","158","C0334008"
"17606","5832","2","3","2","101","62","189","182","509","252","C0334008"
"17607","2643","2","3","5","87","91","75","204","267","352","C0334008"
"17608","4041","2","5","3","68","221","197","259","560","422","C0334008"
"17609","1201","2","3","2","48","170","50","304","167","593","C0334008"
"17610","8822","2","5","7","53","14","20","25","40","186","C0334013"
"17611","1032","2","3","12","19","31","1","426","55","78","C0334013"
"17612","2316","2","5","7","53","51","342","454","573","702","C0334013"
"17613","2584","2","3","2","72","117","196","257","326","46","C0334013"
"17614","6197","2","3","12","19","14","20","34","540","68","C0334013"
"17615","5913","2","5","7","27","36","71","341","223","219","C0334013"
"17616","5096","2","3","2","48","40","130","166","127","173","C0334013"
"17617","5922","2","5","7","60","54","24","30","46","72","C0334013"
"17618","23095","2","3","7","76","153","40","38","54","75","C0334013"
"17619","2796","2","5","4","68","96","326","427","548","672","C0334013"
"17620","6499","2","3","2","110","85","237","433","547","671","C0334013"
"17621","1786","2","3","12","19","31","1","426","55","78","C0334082"
"17622","1495","2","5","7","53","51","335","444","560","373","C0334082"
"17623","7415","2","3","7","34","52","216","395","536","445","C0334082"
"17624","79823","2","3","4","68","45","272","347","518","621","C0334082"
"17625","5077","2","3","3","19","221","321","428","541","667","C0334082"
"17626","6495","2","3","3","19","221","321","428","541","667","C0334092"
"17627","4524","2","3","2","15","166","104","369","117","583","C0334092"
"17628","8815","2","3","12","22","33","323","66","444","664","C0334092"
"17629","7170","2","5","8","63","45","23","103","464","187","C0334092"
"17630","6473","2","3","3","19","221","321","428","541","667","C0334092"
"17631","1280","2","5","7","53","51","342","454","573","492","C0334092"
"17632","3035","2","3","2","110","85","237","433","547","154","C0334092"
"17633","4072","2","5","7","53","51","119","454","573","492","C0334092"
"17634","107","2","5","4","68","96","326","427","548","672","C0334092"
"17635","4541","2","3","2","48","170","50","119","444","24","C0334092"
"17636","2778","2","5","4","68","96","326","427","548","672","C0334121"
"17637","3081","2","3","2","91","51","3","267","308","429","C0334121"
"17638","5190","2","3","5","43","161","305","409","208","482","C0334121"
"17639","5290","2","3","7","53","14","20","25","40","186","C0334121"
"17640","5663","2","5","7","34","52","216","395","549","667","C0334121"
"17641","7068","2","3","3","19","151","276","91","433","118","C0334121"
"17642","5573","2","3","12","19","184","118","155","287","116","C0334166"
"17643","6335","2","5","8","63","36","166","341","390","158","C0334166"
"17644","3425","2","3","5","80","81","166","454","573","492","C0334166"
"17645","50945","2","3","3","48","170","335","347","560","373","C0334166"
"17646","760","2","3","5","35","41","77","40","78","178","C0334287"
"17647","538","2","3","8","63","45","23","103","464","187","C0334287"
"17648","2055","2","3","2","27","36","150","402","223","628","C0334488"
"17649","7421","2","3","3","19","151","276","91","433","118","C0334488"
"17650","23742","2","5","5","68","96","326","427","447","586","C0334488"
"17651","25886","2","3","12","76","153","76","136","472","435","C0334488"
"17652","9871","2","3","7","60","153","40","38","54","203","C0334488"
"17653","9409","2","3","5","43","161","305","409","208","482","C0334529"
"17654","2944","2","3","5","91","175","271","372","471","586","C0334583"
"17655","10804","2","3","12","76","153","40","38","54","75","C0334583"
"17656","9401","2","3","12","76","31","261","116","1","86","C0334583"
"17657","3159","2","3","12","19","31","276","91","433","664","C0334583"
"17658","6505","2","3","2","45","94","199","240","415","666","C0334583"
"17659","7840","2","3","12","76","153","40","38","54","75","C0334583"
"17660","1290","2","5","7","53","51","342","454","573","492","C0334583"
"17661","54805","2","5","7","26","94","85","189","247","333","C0334588"
"17662","3955","2","5","8","89","124","143","428","236","667","C0334588"
"17663","5450","2","3","12","19","221","261","116","159","211","C0334588"
"17664","2161","2","5","7","68","51","119","395","549","674","C0334588"
"17665","5578","2","5","7","53","14","20","34","540","621","C0334588"
"17666","6718","2","3","2","46","136","227","168","225","490","C0334588"
"17667","3329","2","3","2","48","170","50","304","167","593","C0334588"
"17668","5621","2","5","8","27","36","342","454","573","628","C0334588"
"17669","51422","2","3","2","48","57","110","141","359","462","C0334588"
"17670","4629","2","5","8","63","45","23","103","464","187","C0334588"
"17671","1029","2","3","12","19","31","1","116","1","664","C0334588"
"17672","5630","2","3","2","27","36","150","55","414","628","C0334588"
"17673","5728","2","3","5","80","81","339","156","568","605","C0334590"
"17674","3845","2","5","7","60","54","24","30","46","72","C0334590"
"17675","8643","2","5","3","68","221","197","259","560","422","C0334634"
"17676","6556","2","3","7","34","52","216","395","549","674","C0334634"
"17677","5277","2","3","2","61","77","142","176","235","317","C0334634"
"17678","9662","2","3","12","76","153","40","38","54","75","C0334634"
"17679","1717","2","3","2","19","151","276","48","69","204","C0334634"
"17680","4853","2","3","12","19","124","143","428","236","667","C0334634"
"17681","2798","2","5","4","68","96","326","427","548","672","C0334634"
"17682","1836","2","3","2","35","41","94","260","330","375","C0334634"
"17683","1499","2","3","12","19","221","197","259","560","422","C0334634"
"17684","4854","2","5","7","53","51","143","428","236","667","C0334634"
"17685","4513","2","3","2","48","170","110","141","359","532","C0334634"
"17686","5077","2","3","3","19","221","321","428","541","667","C0334634"
"17687","10312","2","3","7","34","52","216","395","549","674","C0334660"
"17688","2316","2","5","7","53","51","342","454","573","702","C0334660"
"17689","4308","2","5","8","63","45","193","306","390","158","C0338078"
"17690","4594","2","3","7","48","92","261","116","186","245","C0338078"
"17691","4000","2","3","12","26","105","178","226","297","156","C0338078"
"17692","7454","2","5","7","60","14","20","25","40","215","C0338078"
"17693","4728","2","3","2","48","170","50","119","444","556","C0338078"
"17694","4512","2","3","2","48","170","110","141","359","8","C0338078"
"17695","5277","2","3","2","61","77","142","176","235","317","C0338451"
"17696","3339","2","5","7","53","51","342","454","573","492","C0338451"
"17697","5771","2","5","7","53","14","296","25","40","186","C0338451"
"17698","9445","2","3","12","19","31","1","426","55","78","C0338451"
"17699","3269","2","5","4","68","96","326","427","548","672","C0338451"
"17700","3559","2","5","7","53","14","20","25","40","186","C0338451"
"17701","4921","2","5","7","53","14","20","25","573","186","C0338451"
"17702","8289","2","3","12","19","31","1","426","55","78","C0338451"
"17703","5982","2","3","12","19","31","261","116","1","86","C0338451"
"17704","26191","2","5","7","53","14","20","25","40","186","C0338451"
"17705","6253","2","5","4","27","36","326","402","489","187","C0338455"
"17706","64240","2","3","5","47","144","185","238","310","392","C0338455"
"17707","4688","2","5","7","60","14","20","25","40","215","C0338455"
"17708","2033","2","3","12","19","31","1","91","433","118","C0338455"
"17709","4647","2","5","7","60","83","101","126","170","224","C0338455"
"17710","22827","2","3","2","22","33","323","66","101","136","C0338455"
"17711","2067","2","3","12","19","31","261","116","1","86","C0338462"
"17712","50964","2","5","3","68","221","197","259","423","422","C0338462"
"17713","21","2","3","5","47","144","185","238","310","272","C0338462"
"17714","6338","2","5","8","63","45","23","34","464","187","C0338462"
"17715","6628","2","3","2","22","33","323","66","101","136","C0338462"
"17716","9487","2","3","5","80","81","142","176","235","317","C0338462"
"17717","4541","2","3","2","48","170","50","119","444","24","C0338462"
"17718","55704","2","3","12","76","153","40","38","54","75","C0338473"
"17719","4729","2","3","2","48","170","50","119","444","556","C0338473"
"17720","3586","2","5","7","53","51","119","25","489","416","C0338474"
"17721","51259","2","3","2","76","153","40","38","54","75","C0338474"
"17722","2629","2","3","5","80","81","250","291","152","420","C0338474"
"17723","3284","2","3","2","69","98","169","299","183","243","C0338474"
"17724","3269","2","5","4","68","96","326","427","548","672","C0338474"
"17725","27077","2","3","12","76","153","40","38","54","75","C0338474"
"17726","3094","2","3","2","48","170","266","367","500","78","C0338474"
"17727","8822","2","5","7","53","14","20","25","40","186","C0338474"
"17728","23384","2","3","12","63","45","184","103","572","658","C0338474"
"17729","10806","2","3","12","76","153","40","38","54","75","C0338474"
"17730","8518","2","3","12","19","31","1","426","55","78","C0338474"
"17731","51422","2","3","2","48","57","110","141","359","462","C0338474"
"17732","10397","2","3","2","110","81","148","402","51","383","C0338474"
"17733","7048","2","5","7","53","51","342","259","423","389","C0338474"
"17734","5290","2","3","7","53","14","20","25","40","186","C0338474"
"17735","2488","2","5","4","68","96","326","427","548","672","C0338474"
"17736","4041","2","5","3","68","221","197","259","560","422","C0338474"
"17737","773","2","5","8","27","36","166","341","223","628","C0338474"
"17738","5449","2","3","3","19","221","321","428","541","667","C0338474"
"17739","1188","2","5","8","63","45","23","34","464","187","C0338474"
"17740","178","2","3","7","34","52","216","395","549","674","C0338474"
"17741","2539","2","3","2","48","57","110","141","359","383","C0338474"
"17742","778","2","5","8","63","36","166","341","223","158","C0338474"
"17743","1896","2","5","12","41","219","339","156","568","697","C0338474"
"17744","249","2","3","5","27","51","335","444","560","373","C0338474"
"17745","4436","2","3","12","19","31","261","116","1","86","C0338474"
"17746","6872","2","3","12","19","31","261","116","159","211","C0338474"
"17747","10269","2","3","2","48","182","50","119","444","556","C0338474"
"17748","5644","2","5","7","68","51","119","395","549","674","C0338480"
"17749","65266","2","5","8","63","45","23","34","464","187","C0338480"
"17750","501","2","3","5","75","162","260","361","458","572","C0338480"
"17751","1719","2","3","2","76","153","40","116","54","75","C0338480"
"17752","4613","2","3","12","19","31","1","426","55","78","C0338480"
"17753","1201","2","3","2","48","170","50","304","167","593","C0338480"
"17754","5830","2","3","5","43","161","305","409","208","482","C0338480"
"17755","50964","2","5","3","68","221","197","259","423","422","C0338488"
"17756","7124","2","3","12","41","219","339","156","568","697","C0338488"
"17757","55703","2","3","2","22","33","261","116","159","211","C0338488"
"17758","2737","2","3","12","19","116","321","428","54","667","C0338488"
"17759","2261","2","5","7","53","14","20","25","40","186","C0338502"
"17760","25978","2","3","2","48","57","110","141","359","462","C0338502"
"17761","6443","2","5","8","63","45","23","103","464","187","C0338502"
"17762","6310","2","3","12","22","142","225","366","362","468","C0338502"
"17763","1293","2","5","7","53","51","342","454","573","492","C0338502"
"17764","1475","2","1","6","11","142","225","142","220","298","C0338502"
"17765","4053","2","5","7","53","51","342","454","573","492","C0338502"
"17766","1374","2","3","2","19","151","276","91","433","118","C0338502"
"17767","3815","2","5","7","53","14","20","25","40","186","C0338502"
"17768","5605","2","5","7","53","14","20","34","540","68","C0338502"
"17769","29893","2","3","12","19","31","1","426","55","78","C0338502"
"17770","540","2","5","8","63","45","23","103","464","187","C0338502"
"17771","1311","2","5","7","53","51","342","454","573","492","C0338502"
"17772","7157","2","3","12","19","31","261","402","489","551","C0338502"
"17773","1889","2","5","4","68","96","326","427","548","672","C0338502"
"17774","3458","2","5","7","53","184","119","156","287","116","C0338502"
"17775","51364","2","3","6","11","142","225","142","220","298","C0338502"
"17776","657","2","5","7","53","221","342","259","423","389","C0338503"
"17777","23594","2","3","12","76","153","261","116","1","86","C0338503"
"17778","6794","2","3","12","53","14","20","34","540","68","C0338503"
"17779","5551","2","5","7","53","51","119","395","549","674","C0338503"
"17780","9241","2","5","7","53","51","342","259","423","389","C0338503"
"17781","5573","2","3","12","19","184","118","155","287","116","C0338503"
"17782","3559","2","5","7","53","14","20","25","40","186","C0338503"
"17783","9987","2","3","2","22","33","323","66","101","136","C0338503"
"17784","3981","2","3","12","19","31","261","116","1","86","C0338503"
"17785","5295","2","5","7","53","14","20","25","40","186","C0338503"
"17786","9132","2","5","8","63","36","166","106","110","158","C0338503"
"17787","351","2","5","4","68","96","326","188","145","193","C0338575"
"17788","94","2","5","7","53","51","342","259","423","389","C0338575"
"17789","54463","2","3","2","48","57","110","141","359","462","C0338575"
"17790","2703","2","3","12","76","153","40","38","54","75","C0338591"
"17791","7054","2","3","5","80","81","166","34","258","345","C0338591"
"17792","7132","2","3","12","41","219","339","156","568","697","C0338591"
"17793","27130","2","3","12","48","45","143","38","236","69","C0338591"
"17794","2260","2","5","7","53","14","20","25","40","186","C0338591"
"17795","1832","2","5","7","34","52","225","142","220","298","C0338591"
"17796","210","2","3","7","34","52","216","395","549","674","C0338591"
"17797","368","2","3","12","41","116","268","423","536","445","C0338591"
"17798","7136","2","5","8","63","45","23","103","464","187","C0338591"
"17799","5290","2","3","7","53","14","20","25","40","186","C0338597"
"17800","1145","2","5","8","27","70","99","162","216","290","C0338597"
"17801","6550","2","3","2","45","94","199","240","415","163","C0338614"
"17802","2624","2","3","12","19","31","1","155","287","116","C0338614"
"17803","6531","2","5","8","45","94","199","240","415","666","C0338614"
"17804","5328","2","5","7","34","52","216","395","549","674","C0338715"
"17805","4893","2","5","7","34","52","24","30","46","72","C0338715"
"17806","1581","2","3","5","19","151","276","91","433","118","C0338715"
"17807","10293","2","3","12","41","116","268","434","468","213","C0338715"
"17808","4322","2","5","7","53","51","342","454","573","492","C0338715"
"17809","6866","2","5","4","68","96","326","427","548","672","C0338715"
"17810","1440","2","5","7","53","51","119","25","489","416","C0338715"
"17811","546","2","3","12","19","31","261","426","1","86","C0338715"
"17812","8289","2","3","12","19","31","1","426","55","78","C0338715"
"17813","1280","2","5","7","53","51","342","454","573","492","C0338715"
"17814","100","2","3","5","33","21","47","56","80","199","C0338715"
"17815","10269","2","3","2","48","182","50","119","444","556","C0338715"
"17816","2488","2","5","4","68","96","326","427","548","672","C0338715"
"17817","1811","2","5","8","35","41","199","40","415","666","C0338715"
"17818","9364","2","5","7","60","54","24","30","46","72","C0338831"
"17819","94","2","5","7","53","51","342","259","423","389","C0338831"
"17820","1356","2","3","7","53","51","342","454","573","492","C0338831"
"17821","54567","2","5","7","53","51","143","428","236","667","C0338831"
"17822","7051","2","1","6","11","142","225","142","220","298","C0338831"
"17823","673","2","5","7","53","14","20","34","540","68","C0338831"
"17824","1075","2","5","7","34","52","216","395","549","674","C0338831"
"17825","4647","2","5","7","60","83","101","126","170","224","C0338831"
"17826","6595","2","3","12","19","31","1","426","55","78","C0338831"
"17827","3913","2","5","7","53","51","342","454","573","492","C0338831"
"17828","57522","2","5","7","60","54","24","30","46","72","C0338831"
"17829","4729","2","3","2","48","170","50","119","444","556","C0338831"
"17830","55690","2","3","2","48","57","110","141","359","462","C0338831"
"17831","324","2","3","12","41","219","197","70","255","422","C0338831"
"17832","5657","2","5","7","34","52","216","395","549","674","C0338908"
"17833","4000","2","3","12","26","105","178","226","297","156","C0338908"
"17834","410","2","3","7","34","52","216","395","549","674","C0339063"
"17835","1291","2","5","7","53","51","342","454","573","492","C0339063"
"17836","7128","2","3","12","41","219","339","156","568","697","C0339063"
"17837","5741","2","5","4","68","96","326","427","548","672","C0339063"
"17838","10225","2","5","7","53","51","119","395","549","674","C0339063"
"17839","6495","2","3","3","19","221","321","428","541","667","C0339063"
"17840","1028","2","3","12","19","31","1","116","1","86","C0339063"
"17841","3845","2","5","7","60","54","24","30","46","72","C0339063"
"17842","2657","2","5","7","53","51","342","259","423","389","C0339063"
"17843","275","2","3","5","106","104","214","70","377","488","C0339063"
"17844","2263","2","5","7","53","14","20","25","40","186","C0339063"
"17845","7020","2","3","12","19","31","276","91","433","664","C0339063"
"17846","10161","2","5","4","68","96","326","427","548","672","C0339063"
"17847","2071","2","3","12","19","31","261","116","159","211","C0339063"
"17848","3630","2","5","7","53","14","20","25","40","186","C0339063"
"17849","348980","2","5","8","63","36","166","106","110","158","C0339063"
"17850","3064","2","3","12","48","170","50","444","91","439","C0339063"
"17851","4000","2","3","12","26","105","178","226","297","156","C0339143"
"17852","5443","2","5","4","68","96","326","427","548","672","C0339143"
"17853","50485","2","3","12","19","31","261","116","1","86","C0339182"
"17854","9871","2","3","7","60","153","40","38","54","203","C0339182"
"17855","10558","2","3","2","50","47","39","100","321","209","C0339182"
"17856","3162","2","3","5","53","51","119","402","489","416","C0339182"
"17857","7054","2","3","5","80","81","166","34","258","345","C0339268"
"17858","3265","2","5","7","60","54","24","30","46","72","C0339268"
"17859","346288","2","3","12","76","108","225","141","305","387","C0339268"
"17860","23503","2","3","6","11","142","225","142","220","298","C0339268"
"17861","3856","2","1","6","11","142","225","142","220","298","C0339268"
"17862","2303","2","5","3","19","221","321","428","541","667","C0339277"
"17863","1513","2","5","7","53","51","342","454","573","492","C0339277"
"17864","10128","2","3","2","48","170","50","119","444","556","C0339277"
"17865","2301","2","5","6","11","142","225","142","220","673","C0339284"
"17866","9723","2","5","7","53","51","342","79","560","373","C0339284"
"17867","23247","2","3","12","76","153","71","34","540","68","C0339284"
"17868","10019","2","5","7","53","14","20","25","40","116","C0339284"
"17869","11285","2","3","2","74","205","191","396","408","620","C0339477"
"17870","54716","2","5","8","45","94","199","240","415","666","C0339477"
"17871","5194","2","3","5","43","161","305","409","208","482","C0339477"
"17872","23443","2","3","2","78","206","324","430","429","544","C0339477"
"17873","2538","2","3","5","90","216","333","438","561","689","C0339510"
"17874","9531","2","3","12","41","219","339","347","271","356","C0339510"
"17875","5328","2","5","7","34","52","216","395","549","674","C0339510"
"17876","27445","2","5","7","60","36","71","341","223","624","C0339510"
"17877","23218","2","5","7","34","52","216","395","549","674","C0339527"
"17878","2556","2","5","8","27","70","99","162","216","290","C0339527"
"17879","3048","2","3","12","19","31","118","155","287","116","C0339527"
"17880","4519","2","3","2","48","170","50","119","508","312","C0339527"
"17881","6925","2","3","12","19","31","225","142","220","298","C0339527"
"17882","2990","2","3","7","34","52","216","395","549","674","C0339527"
"17883","3482","2","5","7","34","52","216","395","544","669","C0339527"
"17884","5444","2","3","5","80","147","236","328","411","229","C0339527"
"17885","1636","2","3","5","80","81","166","397","418","568","C0339527"
"17886","6628","2","3","2","22","33","323","66","101","136","C0339527"
"17887","23503","2","3","6","11","142","225","142","220","298","C0339527"
"17888","3043","2","5","7","34","52","216","395","549","116","C0339527"
"17889","2056","2","5","7","53","51","119","25","40","186","C0339527"
"17890","3040","2","5","5","53","51","342","40","78","178","C0339527"
"17891","3763","2","5","8","63","36","166","106","110","158","C0339527"
"17892","26580","2","5","8","27","70","99","162","216","290","C0339527"
"17893","6523","2","3","8","45","216","337","448","565","562","C0339527"
"17894","5573","2","3","12","19","184","118","155","287","116","C0339527"
"17895","6197","2","3","12","19","14","20","34","540","68","C0339527"
"17896","6342","2","3","5","80","161","305","409","208","482","C0339534"
"17897","2972","2","3","2","19","33","261","116","159","211","C0339534"
"17898","10743","2","3","3","19","151","276","91","433","118","C0339534"
"17899","28952","2","3","12","41","116","268","434","468","213","C0339534"
"17900","2074","2","3","12","19","31","1","426","55","78","C0339534"
"17901","3717","2","5","7","53","14","20","25","40","186","C0339535"
"17902","5781","2","5","7","53","14","20","25","40","186","C0339535"
"17903","3557","2","3","12","41","219","339","156","568","697","C0339535"
"17904","10243","2","3","2","27","91","71","204","267","352","C0339535"
"17905","4534","2","3","5","80","81","296","399","362","468","C0339535"
"17906","10654","2","3","3","72","151","276","91","433","118","C0339535"
"17907","7469","2","3","12","19","31","261","116","159","211","C0339535"
"17908","2200","2","5","7","53","51","342","454","573","492","C0339535"
"17909","291","2","3","2","48","170","50","304","167","593","C0339535"
"17910","4763","2","5","7","60","54","24","30","46","214","C0339535"
"17911","2260","2","5","7","53","14","20","25","40","186","C0339535"
"17912","9896","2","3","5","80","81","296","399","201","274","C0339535"
"17913","4893","2","5","7","34","52","24","30","46","72","C0339535"
"17914","23742","2","5","5","68","96","326","427","447","586","C0339537"
"17915","5080","2","3","3","19","221","321","428","541","667","C0339537"
"17916","8626","2","3","3","19","221","321","428","541","667","C0339539"
"17917","4137","2","3","7","27","36","150","341","223","628","C0339539"
"17918","2260","2","5","7","53","14","20","25","40","186","C0339539"
"17919","1285","2","5","7","53","51","342","454","573","492","C0339539"
"17920","3726","2","3","12","19","31","276","91","489","416","C0339539"
"17921","2645","2","3","2","90","167","266","367","101","664","C0339543"
"17922","6323","2","5","8","63","36","166","341","390","158","C0339543"
"17923","25836","2","3","12","76","153","40","38","54","75","C0339573"
"17924","3934","2","5","7","34","52","216","395","549","674","C0339573"
"17925","331","2","3","12","41","219","339","156","568","697","C0339573"
"17926","931","2","5","7","53","14","119","156","287","116","C0339573"
"17927","3507","2","5","7","53","51","119","395","549","674","C0339573"
"17928","5915","2","3","3","19","151","276","91","433","118","C0339573"
"17929","55120","2","3","12","19","31","261","116","1","86","C0339573"
"17930","1298","2","5","7","53","51","342","454","573","492","C0339573"
"17931","581","2","3","12","41","219","339","402","489","551","C0339652"
"17932","7507","2","3","12","19","31","261","116","1","86","C0339652"
"17933","5506","2","3","12","76","137","76","136","82","658","C0339652"
"17934","5314","2","3","12","76","153","40","38","54","75","C0339864"
"17935","6311","2","3","2","22","33","323","66","362","468","C0339864"
"17936","1134","2","5","8","27","70","99","162","216","290","C0339985"
"17937","147409","2","1","6","11","142","225","142","220","298","C0339985"
"17938","8481","2","3","12","76","153","40","38","54","75","C0339985"
"17939","4214","2","3","12","41","219","339","34","540","117","C0339985"
"17940","6948","2","5","7","48","51","105","139","186","245","C0340231"
"17941","3643","2","5","7","53","14","20","25","40","186","C0340231"
"17942","2657","2","5","7","53","51","342","259","423","389","C0340279"
"17943","1487","2","3","12","19","31","1","426","55","340","C0340279"
"17944","2200","2","5","7","53","51","342","454","573","492","C0340279"
"17945","3691","2","5","7","53","51","342","454","573","492","C0340279"
"17946","57502","2","5","7","60","36","71","341","223","219","C0340279"
"17947","1785","2","5","7","60","14","184","341","544","669","C0340279"
"17948","5308","2","3","3","19","221","321","428","541","667","C0340288"
"17949","2879","2","3","5","80","81","166","378","173","229","C0340288"
"17950","445","2","3","2","84","97","167","210","278","360","C0340288"
"17951","1277","2","5","7","53","51","342","454","573","492","C0340375"
"17952","1081","2","5","4","68","96","326","427","548","672","C0340375"
"17953","25886","2","3","12","76","153","76","136","472","435","C0340375"
"17954","10002","2","3","3","19","151","276","91","433","118","C0340375"
"17955","55636","2","3","3","19","221","321","428","423","389","C0340375"
"17956","1565","2","3","5","91","214","226","326","413","530","C0340375"
"17957","1184","2","5","8","63","45","23","34","464","187","C0340375"
"17958","51091","2","3","2","110","85","237","433","547","671","C0340375"
"17959","4286","2","3","12","19","31","261","116","1","664","C0340375"
"17960","2969","2","3","12","19","31","276","91","433","118","C0340427"
"17961","4221","2","3","12","19","31","342","454","573","492","C0340493"
"17962","2218","2","5","2","53","123","194","255","560","373","C0340493"
"17963","2702","2","3","12","76","153","40","38","54","75","C0340543"
"17964","2263","2","5","7","53","14","20","25","40","186","C0340543"
"17965","1440","2","5","7","53","51","119","25","489","416","C0340543"
"17966","6567","2","5","8","35","41","77","40","57","80","C0340543"
"17967","3815","2","5","7","53","14","20","25","40","186","C0340543"
"17968","1629","2","3","2","67","92","293","55","75","311","C0340543"
"17969","4629","2","5","8","63","45","23","103","464","187","C0340543"
"17970","200894","2","5","7","60","54","24","30","46","72","C0340543"
"17971","10329","2","3","2","63","123","194","423","536","544","C0340543"
"17972","1145","2","5","8","27","70","99","162","216","290","C0340543"
"17973","3458","2","5","7","53","184","119","156","287","116","C0340543"
"17974","9440","2","4","3","24","119","330","214","454","144","C0340548"
"17975","85480","2","3","12","53","14","20","25","40","186","C0340548"
"17976","3643","2","5","7","53","14","20","25","40","186","C0340643"
"17977","54822","2","5","8","63","45","193","306","390","158","C0340643"
"17978","6389","2","3","2","48","170","50","119","444","556","C0340643"
"17979","3643","2","5","7","53","14","20","25","40","186","C0340643"
"17980","1644","2","3","2","88","79","239","333","258","345","C0340643"
"17981","90","2","5","7","53","51","342","259","423","389","C0340643"
"17982","4089","2","3","12","19","219","339","259","423","605","C0340643"
"17983","3756","2","5","8","63","36","166","106","110","158","C0340643"
"17984","5925","2","3","12","19","31","1","426","55","78","C0340643"
"17985","2566","2","5","8","27","70","99","162","216","290","C0340834"
"17986","10293","2","3","12","41","116","268","434","468","213","C0340834"
"17987","4157","2","5","4","68","96","326","427","548","672","C0340971"
"17988","6334","2","5","8","63","36","166","341","223","158","C0340971"
"17989","21","2","3","5","47","144","185","238","310","272","C0340971"
"17990","1281","2","5","7","53","51","342","454","573","492","C0340971"
"17991","5813","2","3","12","19","31","1","116","159","211","C0340971"
"17992","5932","2","3","12","19","31","261","116","1","86","C0341106"
"17993","3575","2","5","7","53","51","184","341","544","669","C0341106"
"17994","4851","2","3","12","19","221","143","428","236","667","C0341106"
"17995","1585","2","3","5","79","159","256","351","100","589","C0341306"
"17996","126","2","3","2","75","120","200","263","251","425","C0341306"
"17997","5073","2","3","2","110","85","323","433","146","194","C0341703"
"17998","2155","2","5","7","53","51","119","454","549","674","C0341703"
"17999","3039","2","3","5","35","41","118","155","287","116","C0341703"
"18000","4204","2","3","12","19","31","1","426","55","78","C0341703"
"18001","4784","2","3","2","22","33","261","116","159","211","C0341703"
"18002","3859","2","1","6","11","142","225","142","220","298","C0341703"
"18003","55717","2","3","12","41","116","268","434","468","213","C0341703"
"18004","650","2","5","7","53","51","342","259","423","389","C0341703"
"18005","6391","2","3","2","48","170","50","119","444","556","C0341703"
"18006","6664","2","3","3","19","221","321","428","541","667","C0341703"
"18007","6310","2","3","12","22","142","225","366","362","468","C0341703"
"18008","5824","2","3","5","47","144","185","238","310","392","C0341703"
"18009","1736","2","3","2","110","85","237","433","547","671","C0341706"
"18010","26353","2","3","12","76","45","160","347","271","356","C0341706"
"18011","673","2","5","7","53","14","20","34","540","68","C0341706"
"18012","1837","2","5","8","63","45","23","103","464","187","C0341706"
"18013","7015","2","3","12","19","31","1","426","55","78","C0341706"
"18014","9060","2","3","2","68","18","63","69","102","143","C0341706"
"18015","10216","2","3","2","48","170","50","304","167","593","C0341706"
"18016","2694","2","5","7","48","51","105","139","186","245","C0341706"
"18017","3990","2","3","5","26","35","178","9","414","220","C0341706"
"18018","5443","2","5","4","68","96","326","427","548","672","C0341706"
"18019","3757","2","5","8","63","36","166","106","110","158","C0341787"
"18020","2720","2","3","7","34","52","216","395","21","599","C0341787"
"18021","3766","2","5","8","63","36","166","106","110","158","C0341787"
"18022","27249","2","3","2","48","182","50","119","186","245","C0341787"
"18023","547","2","3","7","76","153","40","38","54","75","C0341787"
"18024","2483","2","3","2","22","33","323","66","101","136","C0341787"
"18025","3423","2","3","5","74","3","342","374","294","590","C0341787"
"18026","55670","2","3","5","43","161","305","409","208","482","C0341787"
"18027","2969","2","3","12","19","31","276","91","433","118","C0341787"
"18028","10518","2","3","2","22","170","50","119","444","556","C0341787"
"18029","132884","2","3","12","41","116","268","434","568","605","C0341787"
"18030","4692","2","5","7","53","51","119","402","489","416","C0341787"
"18031","3891","2","1","6","11","142","225","142","220","298","C0341787"
"18032","6654","2","5","7","60","54","24","30","46","72","C0341787"
"18033","3576","2","5","4","68","96","326","427","548","672","C0341787"
"18034","8200","2","5","7","53","51","342","259","423","389","C0341787"
"18035","72","2","5","8","63","45","23","103","464","187","C0342162"
"18036","3257","2","5","7","60","54","24","30","46","72","C0342162"
"18037","7476","2","5","3","68","221","197","259","560","422","C0342162"
"18038","1289","2","5","7","53","51","342","454","573","492","C0342162"
"18039","9569","2","3","12","19","31","276","91","433","118","C0342162"
"18040","5631","2","3","2","72","119","109","266","336","452","C0342208"
"18041","9429","2","3","5","25","44","165","71","10","16","C0342208"
"18042","6897","2","3","2","110","85","237","433","252","154","C0342257"
"18043","4000","2","3","12","26","105","178","226","297","156","C0342257"
"18044","10516","2","5","7","53","51","342","454","573","492","C0342257"
"18045","4548","2","3","2","15","85","105","139","186","245","C0342257"
"18046","3745","2","5","8","63","36","166","106","110","158","C0342257"
"18047","51053","2","3","12","41","116","261","116","1","86","C0342273"
"18048","10269","2","3","2","48","182","50","119","444","556","C0342273"
"18049","5644","2","5","7","68","51","119","395","549","674","C0342273"
"18050","6391","2","3","2","48","170","50","119","444","556","C0342273"
"18051","282617","2","5","7","53","51","119","25","40","186","C0342276"
"18052","731","2","5","7","53","51","119","395","549","674","C0342276"
"18053","7507","2","3","12","19","31","261","116","1","86","C0342276"
"18054","4137","2","3","7","27","36","150","341","223","628","C0342276"
"18055","2304","2","3","12","19","221","321","428","541","667","C0342276"
"18056","2626","2","3","12","19","31","118","155","287","116","C0342276"
"18057","7849","2","3","3","19","221","321","428","541","667","C0342276"
"18058","6948","2","5","7","48","51","105","139","186","245","C0342276"
"18059","3265","2","5","7","60","54","24","30","46","72","C0342276"
"18060","2072","2","3","12","19","31","261","116","1","86","C0342276"
"18061","5468","2","3","3","19","151","276","91","433","118","C0342276"
"18062","1280","2","5","7","53","51","342","454","573","492","C0342282"
"18063","4598","2","3","2","19","151","276","198","259","427","C0342282"
"18064","221037","2","3","12","19","31","118","155","287","116","C0342282"
"18065","5450","2","3","12","19","221","261","116","159","211","C0342344"
"18066","23411","2","3","12","19","31","1","91","433","118","C0342384"
"18067","6774","2","3","12","53","14","276","25","489","416","C0342384"
"18068","1736","2","3","2","110","85","237","433","547","671","C0342384"
"18069","7443","2","3","12","19","31","261","34","540","68","C0342384"
"18070","6285","2","5","7","41","219","339","156","568","697","C0342384"
"18071","1301","2","5","7","53","51","342","454","573","492","C0342384"
"18072","9700","2","3","12","76","153","40","38","54","75","C0342384"
"18073","5332","2","3","4","68","96","326","427","548","672","C0342384"
"18074","6885","2","3","12","41","219","339","156","568","697","C0342384"
"18075","2074","2","3","12","19","31","1","426","55","78","C0342388"
"18076","256646","2","3","3","11","221","73","79","560","373","C0342388"
"18077","3239","2","3","3","19","221","321","428","541","667","C0342388"
"18078","57165","2","3","12","76","153","40","38","54","75","C0342388"
"18079","1497","2","5","2","63","182","50","103","297","628","C0342418"
"18080","3569","2","5","7","53","51","342","454","573","416","C0342418"
"18081","10262","2","3","2","22","33","323","66","101","136","C0342418"
"18082","51004","2","3","5","48","74","135","171","227","63","C0342418"
"18083","59","2","5","8","63","45","23","103","464","187","C0342422"
"18084","7128","2","3","12","41","219","339","156","568","697","C0342422"
"18085","4629","2","5","8","63","45","23","103","464","187","C0342474"
"18086","4524","2","3","2","15","166","104","369","117","583","C0342474"
"18087","2316","2","5","7","53","51","342","454","573","702","C0342491"
"18088","9742","2","3","12","76","153","40","38","54","75","C0342491"
"18089","3339","2","5","7","53","51","342","454","573","492","C0342491"
"18090","2811","2","5","7","53","51","1","454","573","78","C0342491"
"18091","6391","2","3","2","48","170","50","119","444","556","C0342491"
"18092","6392","2","3","2","48","170","50","119","444","556","C0342491"
"18093","326","2","3","12","19","31","261","377","370","269","C0342491"
"18094","4683","2","3","12","19","31","261","116","1","86","C0342491"
"18095","816","2","5","7","53","14","20","34","540","68","C0342491"
"18096","9031","2","3","12","19","31","1","426","55","78","C0342491"
"18097","3207","2","3","3","19","221","321","428","541","667","C0342491"
"18098","1075","2","5","7","34","52","216","395","549","674","C0342491"
"18099","5336","2","3","7","53","14","20","25","40","215","C0342527"
"18100","55504","2","3","12","41","219","339","156","568","697","C0342527"
"18101","5314","2","3","12","76","153","40","38","54","75","C0342527"
"18102","2623","2","3","12","19","31","1","155","287","116","C0342543"
"18103","7531","2","3","2","48","170","110","329","251","533","C0342543"
"18104","4703","2","5","7","60","45","23","103","464","187","C0342546"
"18105","4128","2","3","5","80","81","119","402","489","416","C0342546"
"18106","3954","2","3","2","48","170","67","119","444","593","C0342546"
"18107","1437","2","5","7","53","14","20","25","40","186","C0342549"
"18108","51360","2","3","3","26","35","276","91","433","203","C0342549"
"18109","1999","2","3","3","19","221","321","428","148","667","C0342549"
"18110","54902","2","3","2","48","182","50","119","444","556","C0342573"
"18111","7490","2","3","3","19","221","321","428","541","667","C0342573"
"18112","6834","2","3","2","48","170","50","119","444","556","C0342643"
"18113","6833","2","5","8","45","36","166","240","415","666","C0342643"
"18114","3119","2","5","7","53","153","119","156","287","116","C0342649"
"18115","8504","2","3","5","47","144","185","238","310","392","C0342649"
"18116","6335","2","5","8","63","36","166","341","390","158","C0342793"
"18117","10908","2","3","2","97","173","275","377","473","592","C0342793"
"18118","8635","2","5","7","34","52","216","395","549","674","C0342853"
"18119","7068","2","3","3","19","151","276","91","433","118","C0342853"
"18120","4512","2","3","2","48","170","110","141","359","8","C0342870"
"18121","5468","2","3","3","19","151","276","91","433","118","C0342870"
"18122","5308","2","3","3","19","221","321","428","541","667","C0342870"
"18123","10716","2","5","7","53","51","335","444","560","373","C0342881"
"18124","1836","2","3","2","35","41","94","260","330","375","C0342881"
"18125","9401","2","3","12","76","31","261","116","1","86","C0342881"
"18126","54808","2","3","12","76","153","40","38","54","75","C0342881"
"18127","9820","2","3","12","41","116","268","434","468","213","C0342883"
"18128","6331","2","5","8","63","36","166","341","223","158","C0342883"
"18129","2896","2","5","7","34","52","216","395","549","674","C0342883"
"18130","4337","2","3","2","80","91","75","204","267","352","C0342898"
"18131","1910","2","5","4","68","96","326","427","548","672","C0342898"
"18132","51085","2","3","2","48","57","110","141","359","462","C0342907"
"18133","8517","2","3","12","41","219","339","156","568","697","C0342907"
"18134","2261","2","5","7","53","14","20","25","40","186","C0343055"
"18135","2316","2","5","7","53","51","342","454","573","702","C0343055"
"18136","4703","2","5","7","60","45","23","103","464","187","C0343057"
"18137","8988","2","3","8","63","45","160","103","464","187","C0343057"
"18138","51259","2","3","2","76","153","40","38","54","75","C0343057"
"18139","6334","2","5","8","63","36","166","341","223","158","C0343065"
"18140","53834","2","5","7","53","51","342","454","573","492","C0343065"
"18141","1289","2","5","7","53","51","342","454","573","492","C0343065"
"18142","2593","2","3","2","19","31","1","426","55","78","C0343065"
"18143","7046","2","3","12","41","219","339","259","423","605","C0343065"
"18144","796","2","5","4","68","96","326","427","548","672","C0343065"
"18145","1261","2","5","8","63","36","166","106","110","158","C0343065"
"18146","472","2","3","12","19","31","261","116","1","86","C0343068"
"18147","11285","2","3","2","74","205","191","396","408","620","C0343068"
"18148","788","2","3","2","45","151","199","240","415","666","C0343073"
"18149","1282","2","5","7","53","51","342","454","573","492","C0343073"
"18150","51317","2","3","12","19","31","1","426","55","78","C0343073"
"18151","763","2","3","5","35","41","77","40","526","647","C0343073"
"18152","6521","2","5","8","35","41","199","40","415","666","C0343073"
"18153","2188","2","3","12","19","31","261","116","1","86","C0343073"
"18154","5551","2","5","7","53","51","119","395","549","674","C0343073"
"18155","1020","2","3","12","19","14","118","34","540","68","C0343073"
"18156","18","2","3","8","67","94","199","182","509","666","C0343073"
"18157","54902","2","3","2","48","182","50","119","444","556","C0343073"
"18158","7010","2","5","7","53","14","20","25","40","186","C0343073"
"18159","2678","2","3","5","80","175","271","400","471","20","C0343073"
"18160","170302","2","3","3","19","221","321","428","541","667","C0343073"
"18161","5605","2","5","7","53","14","20","34","540","68","C0343073"
"18162","526","2","3","5","29","88","132","172","199","308","C0343073"
"18163","5428","2","3","2","48","170","50","119","167","593","C0343073"
"18164","4882","2","3","4","68","96","326","427","548","672","C0343073"
"18165","1499","2","3","12","19","221","197","259","560","422","C0343110"
"18166","3236","2","3","3","19","221","321","428","541","667","C0343110"
"18167","3454","2","5","7","53","184","119","156","287","116","C0343110"
"18168","3756","2","5","8","63","36","166","106","110","158","C0343755"
"18169","3814","2","5","4","68","96","326","427","548","672","C0343755"
"18170","595","2","3","12","19","31","1","426","489","416","C0343755"
"18171","7337","2","3","12","41","116","268","434","468","213","C0343755"
"18172","226","2","5","7","34","52","216","395","549","702","C0344232"
"18173","10804","2","3","12","76","153","40","38","54","75","C0344232"
"18174","7431","2","3","12","41","45","23","103","489","416","C0344232"
"18175","7468","2","3","12","19","31","1","426","55","78","C0344232"
"18176","81608","2","3","2","22","33","323","66","101","136","C0344232"
"18177","8626","2","3","3","19","221","321","428","541","667","C0344232"
"18178","1387","2","3","12","19","31","276","91","433","118","C0344232"
"18179","2629","2","3","5","80","81","250","291","152","420","C0344232"
"18180","2639","2","3","2","71","148","34","160","115","164","C0344232"
"18181","4625","2","3","8","63","45","23","103","464","187","C0344232"
"18182","1261","2","5","8","63","36","166","106","110","158","C0344232"
"18183","9896","2","3","5","80","81","296","399","201","274","C0344232"
"18184","1908","2","5","4","68","96","326","427","548","672","C0344232"
"18185","4312","2","5","7","53","51","342","454","573","492","C0344232"
"18186","9049","2","3","3","41","151","276","378","271","356","C0344232"
"18187","8573","2","5","7","53","36","71","341","223","219","C0344232"
"18188","5073","2","3","2","110","85","323","433","146","194","C0344232"
"18189","1041","2","1","6","11","142","225","142","220","298","C0344232"
"18190","4286","2","3","12","19","31","261","116","1","664","C0344232"
"18191","8202","2","3","12","19","151","276","91","433","118","C0344233"
"18192","9096","2","5","7","53","51","335","259","560","373","C0344233"
"18193","5314","2","3","12","76","153","40","38","54","75","C0344233"
"18194","1292","2","5","7","53","51","342","454","573","492","C0344233"
"18195","2074","2","3","12","19","31","1","426","55","78","C0344233"
"18196","10161","2","5","4","68","96","326","427","548","672","C0344233"
"18197","10105","2","3","2","48","170","50","304","167","593","C0344233"
"18198","857","2","5","7","53","45","23","57","83","422","C0344233"
"18199","22856","2","3","2","78","189","303","251","320","403","C0344233"
"18200","4000","2","3","12","26","105","178","226","297","156","C0344233"
"18201","7248","2","3","2","48","57","110","141","359","462","C0344233"
"18202","7480","2","5","3","68","221","197","259","560","422","C0344262"
"18203","55687","2","3","2","48","170","152","119","252","154","C0344262"
"18204","1308","2","5","7","53","51","119","454","573","492","C0344262"
"18205","5626","2","3","3","19","221","321","428","541","667","C0344290"
"18206","11277","2","3","12","19","31","261","116","1","86","C0344290"
"18207","2261","2","5","7","53","14","20","25","40","186","C0344290"
"18208","11315","2","3","2","48","170","50","399","201","229","C0344290"
"18209","207","2","3","7","53","14","20","34","489","416","C0344290"
"18210","51473","2","5","7","60","36","20","25","64","215","C0344290"
"18211","2200","2","5","7","53","51","342","454","573","492","C0344290"
"18212","2632","2","3","2","28","22","48","232","82","114","C0344290"
"18213","1031","2","3","12","19","31","1","426","55","78","C0344290"
"18214","4715","2","3","2","48","170","50","119","444","556","C0344297"
"18215","6347","2","5","7","53","51","119","427","489","416","C0344297"
"18216","25836","2","3","12","76","153","40","38","54","75","C0344307"
"18217","286","2","5","7","60","153","40","38","54","203","C0344307"
"18218","8200","2","5","7","53","51","342","259","423","389","C0344307"
"18219","2697","2","3","7","76","153","40","38","54","75","C0344307"
"18220","7038","2","5","7","60","18","184","98","66","203","C0344307"
"18221","7040","2","5","7","53","51","342","454","573","492","C0344312"
"18222","3914","2","5","7","53","51","342","454","573","492","C0344312"
"18223","5818","2","5","7","53","51","335","444","560","373","C0344312"
"18224","54888","2","3","2","110","85","152","129","252","154","C0344312"
"18225","3265","2","5","7","60","54","24","30","46","72","C0344312"
"18226","6628","2","3","2","22","33","323","66","101","136","C0344312"
"18227","55624","2","3","2","78","123","194","255","215","412","C0344312"
"18228","196","2","3","3","19","151","276","91","433","118","C0344312"
"18229","6845","2","5","7","60","14","184","341","544","669","C0344312"
"18230","54982","2","3","2","48","170","50","399","167","593","C0344312"
"18231","3663","2","3","12","53","184","119","156","287","116","C0344312"
"18232","1758","2","5","7","53","51","342","454","573","492","C0344312"
"18233","2799","2","3","7","34","52","216","395","549","33","C0344315"
"18234","51317","2","3","12","19","31","1","426","55","78","C0344315"
"18235","3159","2","3","12","19","31","276","91","433","664","C0344315"
"18236","761","2","3","5","35","41","77","40","486","602","C0344315"
"18237","51750","2","3","12","19","31","261","116","1","86","C0344315"
"18238","7461","2","3","7","60","153","40","38","93","75","C0344315"
"18239","5443","2","5","4","68","96","326","427","548","672","C0344315"
"18240","1290","2","5","7","53","51","342","454","573","492","C0344315"
"18241","3557","2","3","12","41","219","339","156","568","697","C0344315"
"18242","5091","2","3","2","35","40","130","166","57","435","C0344315"
"18243","2812","2","5","7","53","51","342","454","573","492","C0344315"
"18244","7067","2","3","3","19","151","276","91","433","118","C0344315"
"18245","2703","2","3","12","76","153","40","38","54","75","C0344315"
"18246","6440","2","5","5","68","96","185","238","310","272","C0344315"
"18247","207","2","3","7","53","14","20","34","489","416","C0344315"
"18248","4763","2","5","7","60","54","24","30","46","214","C0344315"
"18249","1896","2","5","12","41","219","339","156","568","697","C0344315"
"18250","2213","2","5","7","53","51","119","395","549","674","C0344386"
"18251","23562","2","5","6","42","36","71","177","64","219","C0344386"
"18252","3991","2","3","5","80","81","166","57","83","658","C0344490"
"18253","81693","2","5","7","48","51","105","139","186","245","C0344490"
"18254","2778","2","5","4","68","96","326","427","548","672","C0344490"
"18255","4704","2","3","2","48","170","50","119","444","556","C0344505"
"18256","23417","2","3","2","43","161","305","409","208","482","C0344505"
"18257","59","2","5","8","63","45","23","103","464","187","C0344505"
"18258","5745","2","5","4","68","96","326","427","548","672","C0344505"
"18259","3145","2","3","5","80","81","166","132","175","473","C0344505"
"18260","9723","2","5","7","53","51","342","79","560","373","C0344505"
"18261","10481","2","3","3","19","221","321","428","541","667","C0344505"
"18262","2260","2","5","7","53","14","20","25","40","186","C0344505"
"18263","4214","2","3","12","41","219","339","34","540","117","C0344505"
"18264","3423","2","3","5","74","3","342","374","294","590","C0344509"
"18265","204","2","3","4","72","109","182","235","307","506","C0344509"
"18266","8092","2","3","3","19","221","321","428","541","667","C0344509"
"18267","1493","2","5","7","53","51","119","25","40","186","C0344509"
"18268","4000","2","3","12","26","105","178","226","297","156","C0344511"
"18269","846","2","5","4","68","96","326","427","548","672","C0344511"
"18270","4683","2","3","12","19","31","261","116","1","86","C0344511"
"18271","4854","2","5","7","53","51","143","428","236","667","C0344511"
"18272","5595","2","3","7","53","14","20","34","540","68","C0344516"
"18273","5080","2","3","3","19","221","321","428","541","667","C0344516"
"18274","51364","2","3","6","11","142","225","142","220","298","C0344516"
"18275","26281","2","5","7","53","14","20","25","40","186","C0344516"
"18276","8214","2","3","6","11","142","225","142","220","298","C0344523"
"18277","3680","2","5","7","53","51","342","454","573","492","C0344523"
"18278","1406","2","3","3","19","221","321","428","541","667","C0344523"
"18279","6622","2","3","7","27","36","150","341","223","628","C0344523"
"18280","444","2","5","8","63","45","23","34","464","187","C0344530"
"18281","7040","2","5","7","53","51","342","454","573","492","C0344530"
"18282","7518","2","3","12","19","31","261","116","1","86","C0344530"
"18283","5277","2","3","2","61","77","142","176","235","317","C0344530"
"18284","4072","2","5","7","53","51","119","454","573","492","C0344530"
"18285","4893","2","5","7","34","52","24","30","46","72","C0344530"
"18286","9927","2","3","12","19","31","118","155","287","116","C0344530"
"18287","79719","2","5","7","60","181","184","341","544","669","C0344530"
"18288","3949","2","5","7","60","14","184","341","544","669","C0344530"
"18289","4998","2","3","12","76","31","261","116","1","86","C0344530"
"18290","5828","2","3","5","43","161","305","409","208","482","C0344530"
"18291","1890","2","3","5","80","81","296","62","94","150","C0344530"
"18292","8419","2","3","12","48","170","50","119","198","224","C0344530"
"18293","7299","2","3","5","23","18","138","250","332","407","C0344530"
"18294","255738","2","5","7","53","51","342","454","573","492","C0344531"
"18295","1352","2","3","2","48","170","50","119","444","556","C0344531"
"18296","6476","2","3","5","80","81","337","448","565","562","C0344531"
"18297","7681","2","3","12","41","116","268","434","468","213","C0344531"
"18298","57728","2","3","12","76","153","40","38","54","75","C0344531"
"18299","4359","2","5","7","53","51","342","454","573","492","C0344531"
"18300","1832","2","5","7","34","52","225","142","220","298","C0344531"
"18301","1645","2","3","2","46","51","227","168","225","490","C0344531"
"18302","30817","2","5","3","68","221","197","259","560","422","C0344531"
"18303","51651","2","3","12","41","219","339","156","568","605","C0344531"
"18304","4893","2","5","7","34","52","24","30","46","72","C0344531"
"18305","6785","2","3","5","67","7","5","239","311","393","C0344531"
"18306","4312","2","5","7","53","51","342","454","573","492","C0344531"
"18307","158","2","3","4","96","177","61","373","341","142","C0344531"
"18308","7507","2","3","12","19","31","261","116","1","86","C0344531"
"18309","10686","2","5","6","42","36","71","177","64","219","C0344531"
"18310","5885","2","3","12","76","153","40","38","54","75","C0344531"
"18311","977","2","5","7","53","51","342","454","573","492","C0344531"
"18312","594","2","3","2","67","92","293","55","75","311","C0344531"
"18313","4654","2","3","12","19","31","276","91","433","118","C0344531"
"18314","5080","2","3","3","19","221","321","428","541","667","C0344531"
"18315","23479","2","3","2","48","170","50","119","100","556","C0344531"
"18316","54209","2","5","7","53","51","119","395","549","674","C0344531"
"18317","6891","2","3","12","41","116","119","156","568","116","C0344531"
"18318","5327","2","5","7","53","51","342","454","573","492","C0344531"
"18319","846","2","5","4","68","96","326","427","548","672","C0344531"
"18320","94","2","5","7","53","51","342","259","423","389","C0344531"
"18321","1186","2","5","8","63","45","23","34","464","187","C0344531"
"18322","10060","2","3","8","41","45","23","423","464","445","C0344539"
"18323","859","2","5","8","63","45","23","103","464","187","C0344539"
"18324","6648","2","3","2","95","151","160","378","173","229","C0344539"
"18325","5784","2","5","7","42","81","296","399","201","274","C0344539"
"18326","7170","2","5","8","63","45","23","103","464","187","C0344539"
"18327","2395","2","3","2","48","170","50","304","167","593","C0344539"
"18328","5745","2","5","4","68","96","326","427","548","672","C0344539"
"18329","9990","2","5","8","45","94","199","240","415","666","C0344539"
"18330","23742","2","5","5","68","96","326","427","447","586","C0344539"
"18331","4842","2","3","5","63","45","71","177","464","219","C0344539"
"18332","6597","2","3","12","19","31","1","426","55","78","C0344550"
"18333","7428","2","3","12","41","116","268","434","468","213","C0344550"
"18334","3000","2","5","4","68","96","326","427","548","672","C0344550"
"18335","9782","2","3","2","22","33","323","66","101","136","C0344559"
"18336","5443","2","5","4","68","96","326","427","548","672","C0344559"
"18337","25913","2","3","12","19","31","261","116","1","78","C0344559"
"18338","1909","2","5","4","68","96","326","427","548","672","C0344559"
"18339","9939","2","3","2","22","33","323","66","101","136","C0344559"
"18340","5320","2","3","5","116","183","295","398","243","561","C0344559"
"18341","652","2","5","7","53","51","342","454","573","492","C0344559"
"18342","7555","2","3","2","110","85","237","433","547","671","C0344559"
"18343","54808","2","3","12","76","153","40","38","54","75","C0344559"
"18344","5897","2","3","12","41","116","268","141","568","605","C0344559"
"18345","3117","2","5","7","53","153","119","156","287","116","C0344724"
"18346","5604","2","5","7","53","14","20","34","540","68","C0344724"
"18347","23322","2","3","12","76","153","40","38","54","75","C0344724"
"18348","9968","2","4","3","24","119","330","214","454","144","C0344724"
"18349","6392","2","3","2","48","170","50","119","444","556","C0344724"
"18350","2876","2","3","5","80","81","110","378","173","229","C0344724"
"18351","9241","2","5","7","53","51","342","259","423","389","C0344724"
"18352","3106","2","5","7","34","52","119","395","549","674","C0344724"
"18353","8243","2","3","12","76","31","40","38","54","75","C0344724"
"18354","2690","2","5","7","53","14","20","25","40","186","C0344735"
"18355","55670","2","3","5","43","161","305","409","208","482","C0344735"
"18356","11311","2","3","12","19","31","118","155","287","116","C0344735"
"18357","10631","2","5","7","53","51","342","454","573","492","C0344735"
"18358","6329","2","5","8","63","36","166","341","390","158","C0344735"
"18359","4540","2","3","2","48","170","50","119","444","556","C0344760"
"18360","51626","2","3","12","76","153","40","38","54","75","C0344760"
"18361","4000","2","3","12","26","105","178","226","297","156","C0344925"
"18362","10269","2","3","2","48","182","50","119","444","556","C0344925"
"18363","3479","2","5","7","53","51","342","454","573","492","C0344925"
"18364","5328","2","5","7","34","52","216","395","549","674","C0345030"
"18365","50945","2","3","3","48","170","335","347","560","373","C0345030"
"18366","79571","2","5","7","60","54","24","98","66","203","C0345030"
"18367","3930","2","3","2","22","33","323","66","3","464","C0345030"
"18368","8754","2","5","7","53","51","342","454","573","492","C0345030"
"18369","5340","2","5","7","53","51","342","454","573","492","C0345030"
"18370","860","2","3","12","19","31","276","91","433","118","C0345030"
"18371","5077","2","3","3","19","221","321","428","541","667","C0345030"
"18372","25782","2","5","7","60","54","24","30","46","72","C0345030"
"18373","10269","2","3","2","48","182","50","119","444","556","C0345030"
"18374","860","2","3","12","19","31","276","91","433","118","C0345030"
"18375","4893","2","5","7","34","52","24","30","46","72","C0345030"
"18376","6845","2","5","7","60","14","184","341","544","669","C0345030"
"18377","9217","2","3","2","50","47","39","100","321","255","C0345030"
"18378","2660","2","5","7","53","51","342","259","423","389","C0345049"
"18379","6197","2","3","12","19","14","20","34","540","68","C0345049"
"18380","229","2","3","2","90","167","266","367","500","577","C0345049"
"18381","7518","2","3","12","19","31","261","116","1","86","C0345049"
"18382","2132","2","3","2","74","58","112","148","193","263","C0345049"
"18383","5818","2","5","7","53","51","335","444","560","373","C0345050"
"18384","7018","2","5","7","53","51","342","454","573","669","C0345309"
"18385","1280","2","5","7","53","51","342","454","573","492","C0345309"
"18386","5925","2","3","12","19","31","1","426","55","78","C0345309"
"18387","4968","2","3","12","19","31","261","116","1","86","C0345309"
"18388","3481","2","5","7","53","51","342","454","573","492","C0345309"
"18389","857","2","5","7","53","45","23","57","83","422","C0345309"
"18390","5982","2","3","12","19","31","261","116","1","86","C0345309"
"18391","669","2","3","5","90","167","266","441","106","616","C0345309"
"18392","29954","2","5","2","27","206","324","430","215","290","C0345309"
"18393","23746","2","3","12","41","83","101","126","271","356","C0345309"
"18394","2717","2","3","7","34","52","216","395","549","674","C0345309"
"18395","10269","2","3","2","48","182","50","119","444","556","C0345309"
"18396","6010","2","5","4","68","96","326","427","548","672","C0345309"
"18397","857","2","5","7","53","45","23","57","83","422","C0345309"
"18398","672","2","3","12","19","31","261","116","1","86","C0345326"
"18399","4088","2","3","12","19","219","339","259","423","605","C0345326"
"18400","23426","2","5","7","42","36","71","177","223","219","C0345326"
"18401","6638","2","3","2","22","33","323","66","101","136","C0345326"
"18402","8517","2","3","12","41","219","339","156","568","697","C0345354"
"18403","55612","2","5","7","60","36","71","177","560","701","C0345354"
"18404","5191","2","3","5","43","161","305","409","208","482","C0345354"
"18405","1280","2","5","7","53","51","342","454","573","492","C0345354"
"18406","3614","2","3","7","34","52","216","395","549","674","C0345354"
"18407","2334","2","5","7","53","14","20","25","40","186","C0345354"
"18408","23556","2","3","2","61","77","142","176","235","317","C0345354"
"18409","7015","2","3","12","19","31","1","426","55","78","C0345354"
"18410","3655","2","5","7","53","51","342","454","573","492","C0345371"
"18411","54880","2","3","12","19","31","1","426","55","78","C0345371"
"18412","3651","2","3","3","19","221","321","428","541","667","C0345371"
"18413","6239","2","3","12","19","119","330","214","454","144","C0345371"
"18414","217","2","3","5","75","120","200","75","230","309","C0345375"
"18415","1644","2","3","2","88","79","239","333","258","345","C0345375"
"18416","1291","2","5","7","53","51","342","454","573","492","C0345375"
"18417","6424","2","5","7","53","51","342","454","573","492","C0345375"
"18418","7157","2","3","12","19","31","261","402","489","551","C0345375"
"18419","5130","2","3","2","85","143","286","51","488","102","C0345375"
"18420","2717","2","3","7","34","52","216","395","549","674","C0345375"
"18421","1896","2","5","12","41","219","339","156","568","697","C0345375"
"18422","3425","2","3","5","80","81","166","454","573","492","C0345394"
"18423","10806","2","3","12","76","153","40","38","54","75","C0345394"
"18424","147372","2","5","3","19","221","342","428","541","667","C0345397"
"18425","6299","2","3","12","19","221","321","428","541","667","C0345397"
"18426","3553","2","5","7","53","51","119","25","489","416","C0345397"
"18427","23451","2","3","2","22","33","323","66","101","136","C0345397"
"18428","7486","2","3","12","19","31","261","116","1","86","C0345397"
"18429","6622","2","3","7","27","36","150","341","223","628","C0345397"
"18430","5771","2","5","7","53","14","296","25","40","186","C0345397"
"18431","6843","2","5","7","60","36","71","341","223","203","C0345397"
"18432","2812","2","5","7","53","51","342","454","573","492","C0345397"
"18433","5328","2","5","7","34","52","216","395","549","674","C0345397"
"18434","1289","2","5","7","53","51","342","454","573","492","C0345427"
"18435","6870","2","5","4","68","96","326","427","548","672","C0345427"
"18436","6899","2","5","7","53","184","335","259","560","373","C0345427"
"18437","2200","2","5","7","53","51","342","454","573","492","C0345427"
"18438","551","2","5","4","68","96","326","427","548","672","C0345427"
"18439","3918","2","5","7","53","51","342","454","573","492","C0345893"
"18440","10682","2","5","4","68","96","326","48","69","204","C0345893"
"18441","4512","2","3","2","48","170","110","141","359","8","C0345893"
"18442","23129","2","5","7","53","51","342","79","560","373","C0345893"
"18443","3565","2","5","7","53","51","119","25","489","416","C0345996"
"18444","51702","2","3","12","19","31","1","426","55","78","C0345996"
"18445","7737","2","3","12","22","33","268","434","468","213","C0345996"
"18446","3953","2","5","7","53","14","20","25","40","186","C0345996"
"18447","3425","2","3","5","80","81","166","454","573","492","C0345996"
"18448","3265","2","5","7","60","54","24","30","46","72","C0345996"
"18449","5075","2","3","3","19","221","321","428","541","667","C0345996"
"18450","2879","2","3","5","80","81","166","378","173","229","C0345996"
"18451","1186","2","5","8","63","45","23","34","464","187","C0345996"
"18452","9620","2","5","7","53","51","335","444","560","373","C0345996"
"18453","3981","2","3","12","19","31","261","116","1","86","C0345996"
"18454","1289","2","5","7","53","51","342","454","573","492","C0345996"
"18455","6608","2","3","3","68","221","321","428","560","667","C0345996"
"18456","2629","2","3","5","80","81","250","291","152","420","C0345996"
"18457","5506","2","3","12","76","137","76","136","82","658","C0345996"
"18458","5889","2","3","12","19","31","261","116","1","86","C0345996"
"18459","5573","2","3","12","19","184","118","155","287","116","C0346153"
"18460","4353","2","3","7","34","52","216","395","549","674","C0346153"
"18461","545","2","3","12","19","31","261","116","1","86","C0346153"
"18462","4887","2","5","4","68","96","326","427","548","672","C0346153"
"18463","4683","2","3","12","19","31","261","116","1","86","C0346153"
"18464","10585","2","5","2","27","206","324","430","215","290","C0346153"
"18465","4353","2","3","7","34","52","216","395","549","674","C0346153"
"18466","342371","2","3","6","22","142","225","366","362","468","C0346302"
"18467","9496","2","5","6","11","142","225","142","220","673","C0346302"
"18468","5896","2","3","12","41","116","268","434","568","605","C0346302"
"18469","9401","2","3","12","76","31","261","116","1","86","C0346302"
"18470","2702","2","3","12","76","153","40","38","54","75","C0346302"
"18471","1439","2","5","7","53","14","20","25","40","186","C0346326"
"18472","25923","2","3","2","48","184","50","119","444","116","C0346326"
"18473","8604","2","3","2","48","170","50","304","167","593","C0346326"
"18474","1493","2","5","7","53","51","119","25","40","186","C0346373"
"18475","4535","2","3","2","48","170","50","119","444","556","C0346373"
"18476","2710","2","3","2","72","43","179","88","125","382","C0346373"
"18477","3984","2","5","7","53","14","20","34","540","68","C0346373"
"18478","4322","2","5","7","53","51","342","454","573","492","C0346379"
"18479","8678","2","3","12","41","219","339","156","568","605","C0346379"
"18480","3207","2","3","3","19","221","321","428","541","667","C0346379"
"18481","3766","2","5","8","63","36","166","106","110","158","C0346388"
"18482","2263","2","5","7","53","14","20","25","40","186","C0346388"
"18483","11277","2","3","12","19","31","261","116","1","86","C0346388"
"18484","701","2","3","12","76","153","40","38","54","75","C0346421"
"18485","9829","2","5","7","60","14","184","341","544","669","C0346421"
"18486","5468","2","3","3","19","151","276","91","433","118","C0346647"
"18487","1723","2","3","2","48","170","50","119","444","556","C0346647"
"18488","4041","2","5","3","68","221","197","259","560","422","C0346647"
"18489","1080","2","3","12","41","219","339","156","544","669","C0346647"
"18490","2260","2","5","7","53","14","20","25","40","186","C0346647"
"18491","3954","2","3","2","48","170","67","119","444","593","C0346647"
"18492","9569","2","3","12","19","31","276","91","433","118","C0346647"
"18493","778","2","5","8","63","36","166","341","223","158","C0346647"
"18494","7053","2","3","6","11","142","225","142","220","298","C0346647"
"18495","3209","2","3","3","19","221","321","428","541","667","C0347509"
"18496","9791","2","3","8","45","94","199","240","415","666","C0347509"
"18497","7227","2","3","12","19","31","276","91","433","118","C0348023"
"18498","5017","2","3","12","19","31","1","66","101","78","C0348023"
"18499","5063","2","5","7","53","14","20","34","540","68","C0348616"
"18500","5424","2","3","12","19","31","261","116","1","86","C0348616"
"18501","4000","2","3","12","26","105","178","226","297","156","C0348616"
"18502","1302","2","5","7","53","51","342","454","573","492","C0348616"
"18503","5728","2","3","5","80","81","339","156","568","605","C0348890"
"18504","10262","2","3","2","22","33","323","66","101","136","C0348890"
"18505","7486","2","3","12","19","31","261","116","1","86","C0348890"
"18506","4990","2","3","3","19","221","321","428","541","667","C0348890"
"18507","865","2","3","12","19","31","1","426","55","78","C0349217"
"18508","4221","2","3","12","19","31","342","454","573","492","C0349217"
"18509","6997","2","5","3","53","221","321","259","423","389","C0349218"
"18510","3516","2","3","12","19","31","143","428","236","667","C0349218"
"18511","1184","2","5","8","63","45","23","34","464","187","C0349231"
"18512","10269","2","3","2","48","182","50","119","444","556","C0349231"
"18513","3593","2","5","7","53","51","119","25","489","416","C0349391"
"18514","4952","2","3","5","60","54","184","30","544","669","C0349391"
"18515","9939","2","3","2","22","33","323","66","101","136","C0349391"
"18516","6197","2","3","12","19","14","20","34","540","68","C0349391"
"18517","421","2","5","7","42","51","335","444","560","373","C0349391"
"18518","39","2","3","2","67","92","293","55","75","311","C0349464"
"18519","50640","2","3","5","116","183","295","398","243","327","C0349464"
"18520","10293","2","3","12","41","116","268","434","468","213","C0349464"
"18521","6497","2","5","3","19","221","342","259","423","389","C0349464"
"18522","4054","2","5","7","53","51","342","454","573","492","C0349639"
"18523","6201","2","3","2","110","85","237","433","547","671","C0349639"
"18524","372","2","3","7","76","153","40","38","54","75","C0349639"
"18525","2200","2","5","7","53","51","342","454","573","492","C0349639"
"18526","6557","2","5","8","45","94","199","240","415","666","C0349639"
"18527","2778","2","5","4","68","96","326","427","548","672","C0349639"
"18528","84976","2","3","12","19","124","238","428","236","667","C0349639"
"18529","6888","2","3","2","90","167","266","367","500","577","C0349639"
"18530","7401","2","5","7","60","83","101","126","170","224","C0349639"
"18531","4363","2","3","12","41","116","268","423","536","245","C0349639"
"18532","81622","2","3","2","48","219","50","156","444","697","C0349639"
"18533","2626","2","3","12","19","31","118","155","287","116","C0349639"
"18534","1557","2","3","5","91","214","271","372","479","12","C0349639"
"18535","2290","2","3","3","19","221","321","428","541","667","C0349639"
"18536","5034","2","5","7","53","51","342","454","573","492","C0349639"
"18537","4921","2","5","7","53","14","20","25","573","186","C0349639"
"18538","4351","2","3","2","90","167","266","367","500","577","C0349639"
"18539","773","2","5","8","27","36","166","341","223","628","C0349639"
"18540","5443","2","5","4","68","96","326","427","548","672","C0349639"
"18541","3636","2","3","5","80","14","20","25","40","186","C0349639"
"18542","3440","2","3","12","19","184","118","155","287","116","C0349702"
"18543","9607","2","5","4","68","96","326","427","548","672","C0349702"
"18544","4222","2","3","3","19","221","321","428","541","667","C0349702"
"18545","10195","2","3","2","48","69","99","162","216","290","C0349702"
"18546","4094","2","3","12","19","31","276","91","433","118","C0349702"
"18547","8312","2","3","12","41","219","339","156","568","605","C0349702"
"18548","79798","2","3","2","34","52","75","347","271","356","C0349702"
"18549","8910","2","5","8","63","45","23","103","464","187","C0349705"
"18550","2316","2","5","7","53","51","342","454","573","702","C0349705"
"18551","10345","2","5","8","63","45","23","34","464","187","C0349705"
"18552","5896","2","3","12","41","116","268","434","568","605","C0349705"
"18553","1910","2","5","4","68","96","326","427","548","672","C0349705"
"18554","10216","2","3","2","48","170","50","304","167","593","C0349705"
"18555","3741","2","5","8","63","36","166","106","110","158","C0349705"
"18556","1544","2","3","5","91","214","271","372","471","586","C0349705"
"18557","27235","2","3","2","48","170","50","304","167","593","C0349705"
"18558","9215","2","5","2","27","36","150","430","215","628","C0376358"
"18559","5824","2","3","5","47","144","185","238","310","392","C0376358"
"18560","10087","2","3","7","50","47","39","100","321","255","C0376358"
"18561","5604","2","5","7","53","14","20","34","540","68","C0376358"
"18562","1130","2","5","7","60","54","326","141","359","462","C0376358"
"18563","1387","2","3","12","19","31","276","91","433","118","C0376358"
"18564","3757","2","5","8","63","36","166","106","110","158","C0376358"
"18565","7290","2","3","12","19","31","1","426","55","78","C0376358"
"18566","1280","2","5","7","53","51","342","454","573","492","C0376358"
"18567","11311","2","3","12","19","31","118","155","287","116","C0376358"
"18568","3162","2","3","5","53","51","119","402","489","416","C0376358"
"18569","9968","2","4","3","24","119","330","214","454","144","C0376480"
"18570","2153","2","5","7","53","51","342","454","573","492","C0376480"
"18571","24","2","3","12","41","116","268","423","536","445","C0376480"
"18572","4541","2","3","2","48","170","50","119","444","24","C0376480"
"18573","2719","2","5","7","53","51","342","454","573","492","C0376480"
"18574","2187","2","3","12","19","31","261","116","1","86","C0376480"
"18575","9742","2","3","12","76","153","40","38","54","75","C0376480"
"18576","1528","2","3","5","91","214","271","372","471","586","C0376480"
"18577","8813","2","3","2","48","116","142","136","280","363","C0376480"
"18578","2182","2","3","2","67","92","265","284","147","235","C0376480"
"18579","55325","2","5","7","34","181","23","119","544","187","C0376480"
"18580","23322","2","3","12","76","153","40","38","54","75","C0376480"
"18581","4488","2","3","3","19","221","321","428","541","667","C0376480"
"18582","8626","2","3","3","19","221","321","428","541","667","C0376480"
"18583","23556","2","3","2","61","77","142","176","235","317","C0376480"
"18584","5897","2","3","12","41","116","268","141","568","605","C0376480"
"18585","5373","2","3","2","90","167","123","158","207","278","C0376480"
"18586","3162","2","3","5","53","51","119","402","489","416","C0376480"
"18587","4535","2","3","2","48","170","50","119","444","556","C0376480"
"18588","7124","2","3","12","41","219","339","156","568","697","C0376480"
"18589","367","2","3","12","19","31","276","91","433","118","C0376480"
"18590","6657","2","3","12","19","221","321","428","541","667","C0376480"
"18591","5956","2","5","4","68","96","326","427","548","672","C0376480"
"18592","80746","2","3","12","22","33","323","66","101","664","C0376480"
"18593","4000","2","3","12","26","105","178","226","297","156","C0376480"
"18594","6223","2","3","2","110","85","237","433","547","671","C0376480"
"18595","2263","2","5","7","53","14","20","25","40","186","C0376480"
"18596","2798","2","5","4","68","96","326","427","548","672","C0376480"
"18597","51733","2","3","5","80","23","257","357","455","508","C0376480"
"18598","26160","2","3","12","76","153","40","38","54","75","C0376480"
"18599","51752","2","3","2","41","153","119","156","536","116","C0376480"
"18600","4921","2","5","7","53","14","20","25","573","186","C0376480"
"18601","54756","2","5","7","41","219","238","118","543","214","C0376532"
"18602","1650","2","5","7","34","52","216","395","549","674","C0376545"
"18603","3694","2","5","7","53","51","342","454","573","492","C0376545"
"18604","7098","2","5","7","41","219","339","156","568","697","C0376545"
"18605","763","2","3","5","35","41","77","40","526","647","C0376545"
"18606","10661","2","3","12","19","31","1","426","55","78","C0376545"
"18607","51601","2","3","2","67","92","293","55","75","311","C0376545"
"18608","60","2","3","12","60","45","184","155","287","78","C0376545"
"18609","7124","2","3","12","41","219","339","156","568","697","C0376545"
"18610","79139","2","3","12","41","116","268","423","536","445","C0376545"
"18611","6154","2","3","2","110","85","237","433","547","671","C0376545"
"18612","8260","2","3","12","41","85","266","76","287","78","C0376545"
"18613","2588","2","3","7","34","52","216","395","549","674","C0376545"
"18614","2263","2","5","7","53","14","20","25","40","186","C0376545"
"18615","410","2","3","7","34","52","216","395","549","674","C0376545"
"18616","8074","2","5","7","53","14","20","25","40","186","C0376545"
"18617","3162","2","3","5","53","51","119","402","489","416","C0376545"
"18618","11155","2","5","7","63","45","23","103","464","187","C0376545"
"18619","1001","2","5","7","53","51","335","444","560","373","C0376545"
"18620","8659","2","3","2","67","103","177","225","295","378","C0376545"
"18621","23474","2","3","12","19","31","1","91","433","118","C0376545"
"18622","3106","2","5","7","34","52","119","395","549","674","C0376545"
"18623","2261","2","5","7","53","14","20","25","40","186","C0376545"
"18624","2068","2","3","12","19","31","261","116","159","211","C0376618"
"18625","4488","2","3","3","19","221","321","428","541","667","C0376618"
"18626","10939","2","3","2","48","170","50","119","444","593","C0376618"
"18627","5897","2","3","12","41","116","268","141","568","605","C0376618"
"18628","1080","2","3","12","41","219","339","156","544","669","C0376618"
"18629","3209","2","3","3","19","221","321","428","541","667","C0376618"
"18630","6647","2","3","2","95","2","342","378","173","702","C0376618"
"18631","977","2","5","7","53","51","342","454","573","492","C0376618"
"18632","25939","2","3","12","53","184","119","156","287","116","C0376628"
"18633","3350","2","5","4","68","96","326","427","548","672","C0376628"
"18634","9049","2","3","3","41","151","276","378","271","356","C0376628"
"18635","2719","2","5","7","53","51","342","454","573","492","C0376628"
"18636","7124","2","3","12","41","219","339","156","568","697","C0376628"
"18637","9401","2","3","12","76","31","261","116","1","86","C0376628"
"18638","6657","2","3","12","19","221","321","428","541","667","C0376628"
"18639","142","2","3","12","19","31","261","116","1","86","C0376628"
"18640","1540","2","3","12","41","219","339","156","568","605","C0376628"
"18641","3918","2","5","7","53","51","342","454","573","492","C0376628"
"18642","3239","2","3","3","19","221","321","428","541","667","C0376628"
"18643","489","2","5","8","63","45","23","103","464","187","C0376628"
"18644","3786","2","5","8","63","36","166","106","110","158","C0376628"
"18645","411","2","3","7","34","52","216","395","549","674","C0376628"
"18646","9786","2","3","12","76","153","40","38","54","75","C0376628"
"18647","5244","2","3","3","41","151","276","91","433","118","C0376628"
"18648","9723","2","5","7","53","51","342","79","560","373","C0376628"
"18649","7508","2","3","12","19","31","261","116","1","664","C0376628"
"18650","10397","2","3","2","110","81","148","402","51","383","C0376628"
"18651","54757","2","5","7","53","51","342","454","573","492","C0376628"
"18652","5663","2","5","7","34","52","216","395","549","667","C0376628"
"18653","546","2","3","12","19","31","261","426","1","86","C0376628"
"18654","23169","2","3","2","78","205","112","430","429","544","C0376628"
"18655","2200","2","5","7","53","51","342","454","573","492","C0376628"
"18656","5314","2","3","12","76","153","40","38","54","75","C0376628"
"18657","54658","2","3","2","78","205","207","67","355","138","C0376628"
"18658","6223","2","3","2","110","85","237","433","547","671","C0376628"
"18659","1828","2","5","7","34","52","216","142","220","298","C0376628"
"18660","6469","2","5","3","53","221","197","259","560","422","C0376628"
"18661","3458","2","5","7","53","184","119","156","287","116","C0376628"
"18662","54880","2","3","12","19","31","1","426","55","78","C0376628"
"18663","203","2","3","4","72","109","182","235","307","506","C0376628"
"18664","5034","2","5","7","53","51","342","454","573","492","C0392163"
"18665","5824","2","3","5","47","144","185","238","310","392","C0392163"
"18666","2623","2","3","12","19","31","1","155","287","116","C0392163"
"18667","3146","2","5","7","34","52","216","395","549","674","C0392163"
"18668","5428","2","3","2","48","170","50","119","167","593","C0392163"
"18669","23534","2","3","2","22","33","323","66","101","136","C0392163"
"18670","23314","2","3","3","19","221","321","428","541","667","C0392163"
"18671","7042","2","5","7","53","51","342","454","573","492","C0392163"
"18672","1571","2","3","5","91","214","271","372","471","26","C0392163"
"18673","1639","2","3","12","76","153","40","38","54","75","C0392163"
"18674","3145","2","3","5","80","81","166","132","175","473","C0392163"
"18675","5627","2","5","7","53","51","342","454","573","702","C0392163"
"18676","6595","2","3","12","19","31","1","426","55","78","C0392163"
"18677","55212","2","3","12","76","153","76","38","54","75","C0392163"
"18678","50939","2","3","12","76","153","40","38","472","435","C0392163"
"18679","4000","2","3","12","26","105","178","226","297","156","C0392163"
"18680","9569","2","3","12","19","31","276","91","433","118","C0392188"
"18681","25886","2","3","12","76","153","76","136","472","435","C0392188"
"18682","5447","2","3","5","91","214","271","372","471","586","C0392188"
"18683","1548","2","3","5","91","214","226","326","447","586","C0392188"
"18684","10225","2","5","7","53","51","119","395","549","674","C0392188"
"18685","10262","2","3","2","22","33","323","66","101","136","C0392188"
"18686","22909","2","3","12","19","31","261","116","1","86","C0392188"
"18687","27249","2","3","2","48","182","50","119","186","245","C0392188"
"18688","2670","2","5","7","27","36","150","341","223","628","C0392464"
"18689","50964","2","5","3","68","221","197","259","423","422","C0392464"
"18690","760","2","3","5","35","41","77","40","78","178","C0392476"
"18691","54209","2","5","7","53","51","119","395","549","674","C0392476"
"18692","4791","2","3","12","41","219","339","156","568","697","C0392476"
"18693","779","2","5","8","63","36","166","341","390","158","C0392476"
"18694","3075","2","5","7","53","51","119","395","549","674","C0392476"
"18695","383","2","3","7","34","52","216","395","549","674","C0392476"
"18696","4261","2","3","12","53","184","119","156","287","116","C0392476"
"18697","9573","2","5","7","53","51","342","259","423","389","C0392476"
"18698","9031","2","3","12","19","31","1","426","55","78","C0392476"
"18699","55651","2","3","2","110","85","237","433","547","671","C0392476"
"18700","773","2","5","8","27","36","166","341","223","628","C0392476"
"18701","84100","2","5","7","60","54","24","30","46","72","C0392476"
"18702","23426","2","5","7","42","36","71","177","223","219","C0392476"
"18703","29925","2","3","2","68","66","123","158","207","278","C0392476"
"18704","5159","2","5","7","53","14","20","25","40","186","C0392482"
"18705","3988","2","3","5","98","174","277","379","476","42","C0392482"
"18706","1804","2","5","7","27","36","150","341","223","628","C0392525"
"18707","1906","2","5","4","68","96","326","427","548","672","C0392525"
"18708","867","2","5","7","53","14","184","25","40","669","C0392525"
"18709","54344","2","3","2","61","77","142","176","280","363","C0392525"
"18710","6888","2","3","2","90","167","266","367","500","577","C0392525"
"18711","5116","2","3","12","76","153","40","38","54","75","C0392525"
"18712","7390","2","3","5","80","81","166","132","175","473","C0392525"
"18713","2263","2","5","7","53","14","20","25","40","186","C0392525"
"18714","5130","2","3","2","85","143","286","51","488","102","C0392525"
"18715","546","2","3","12","19","31","261","426","1","86","C0392525"
"18716","7076","2","5","7","53","51","342","454","573","492","C0392525"
"18717","5913","2","5","7","27","36","71","341","223","219","C0392525"
"18718","3172","2","3","3","19","151","276","91","433","118","C0392525"
"18719","28952","2","3","12","41","116","268","434","468","213","C0392525"
"18720","5830","2","3","5","43","161","305","409","208","482","C0392525"
"18721","4627","2","5","7","63","45","184","103","572","658","C0392525"
"18722","7490","2","3","3","19","221","321","428","541","667","C0392525"
"18723","5624","2","5","7","53","51","342","454","573","492","C0392525"
"18724","771","2","3","5","35","41","77","40","241","212","C0392525"
"18725","3425","2","3","5","80","81","166","454","573","492","C0392525"
"18726","1586","2","3","5","79","98","256","335","425","540","C0392525"
"18727","7001","2","3","5","80","81","110","141","359","229","C0392525"
"18728","2316","2","5","7","53","51","342","454","573","702","C0392525"
"18729","10166","2","3","2","84","97","167","210","278","360","C0392525"
"18730","6326","2","5","8","63","36","166","341","390","158","C0392525"
"18731","5932","2","3","12","19","31","261","116","1","86","C0392525"
"18732","1778","2","3","7","76","153","40","38","54","75","C0392525"
"18733","5251","2","3","5","80","81","296","474","593","722","C0392525"
"18734","57644","2","3","8","63","45","23","103","464","187","C0392525"
"18735","54903","2","3","12","76","153","40","38","54","75","C0392525"
"18736","6519","2","3","5","45","94","199","240","415","666","C0392525"
"18737","26040","2","3","12","19","31","1","116","297","78","C0392525"
"18738","4286","2","3","12","19","31","261","116","1","664","C0392557"
"18739","26608","2","3","2","22","170","50","119","463","153","C0392557"
"18740","6469","2","5","3","53","221","197","259","560","422","C0392557"
"18741","1836","2","3","2","35","41","94","260","330","375","C0392557"
"18742","1543","2","3","5","91","151","276","91","433","118","C0392557"
"18743","26012","2","3","12","19","31","261","116","159","211","C0392557"
"18744","1106","2","3","12","19","31","1","426","55","78","C0392557"
"18745","4010","2","3","3","19","221","321","428","541","667","C0392557"
"18746","8481","2","3","12","76","153","40","38","54","75","C0392557"
"18747","3845","2","5","7","60","54","24","30","46","72","C0392557"
"18748","2316","2","5","7","53","51","342","454","573","702","C0392557"
"18749","2706","2","3","12","76","153","40","38","54","75","C0392557"
"18750","3954","2","3","2","48","170","67","119","444","593","C0392557"
"18751","26277","2","3","12","19","31","1","426","1","78","C0392557"
"18752","9640","2","3","12","19","31","261","116","159","211","C0392557"
"18753","6197","2","3","12","19","14","20","34","540","68","C0392557"
"18754","3040","2","5","5","53","51","342","40","78","178","C0392557"
"18755","2253","2","5","7","53","14","20","25","40","186","C0392557"
"18756","8456","2","3","3","19","221","321","428","541","667","C0392557"
"18757","7305","2","5","7","34","52","216","395","549","674","C0392622"
"18758","6712","2","5","7","60","153","40","341","223","203","C0392622"
"18759","8216","2","3","12","41","119","330","214","454","144","C0392699"
"18760","10908","2","3","2","97","173","275","377","473","592","C0392699"
"18761","3892","2","1","6","11","142","225","142","220","298","C0392699"
"18762","2657","2","5","7","53","51","342","259","423","389","C0392699"
"18763","3145","2","3","5","80","81","166","132","175","473","C0392699"
"18764","4626","2","5","8","63","45","23","103","464","187","C0392699"
"18765","5621","2","5","8","27","36","342","454","573","628","C0392708"
"18766","368","2","3","12","41","116","268","423","536","445","C0392708"
"18767","4921","2","5","7","53","14","20","25","573","186","C0392708"
"18768","1910","2","5","4","68","96","326","427","548","672","C0392775"
"18769","26353","2","3","12","76","45","160","347","271","356","C0392775"
"18770","134","2","5","4","68","96","326","427","548","672","C0392775"
"18771","2562","2","5","8","27","70","99","162","216","290","C0392775"
"18772","3000","2","5","4","68","96","326","427","548","672","C0392775"
"18773","1736","2","3","2","110","85","237","433","547","671","C0392775"
"18774","4669","2","3","5","80","81","166","454","453","492","C0392775"
"18775","9569","2","3","12","19","31","276","91","433","118","C0392775"
"18776","8643","2","5","3","68","221","197","259","560","422","C0392775"
"18777","2702","2","3","12","76","153","40","38","54","75","C0392775"
"18778","2260","2","5","7","53","14","20","25","40","186","C0392775"
"18779","477","2","3","8","63","45","23","103","464","187","C0392775"
"18780","9213","2","5","7","68","96","184","219","380","666","C0392775"
"18781","6598","2","3","12","19","31","1","426","55","78","C0392777"
"18782","11197","2","5","3","68","221","197","259","560","422","C0392777"
"18783","8643","2","5","3","68","221","197","259","560","422","C0392777"
"18784","1376","2","3","2","19","151","276","91","433","118","C0392777"
"18785","10743","2","3","3","19","151","276","91","433","118","C0392777"
"18786","2316","2","5","7","53","51","342","454","573","702","C0392777"
"18787","51119","2","3","2","110","85","237","433","547","671","C0392777"
"18788","2218","2","5","2","53","123","194","255","560","373","C0392777"
"18789","5972","2","5","5","34","52","216","397","418","568","C0392777"
"18790","2562","2","5","8","27","70","99","162","216","290","C0392777"
"18791","5290","2","3","7","53","14","20","25","40","186","C0392777"
"18792","1075","2","5","7","34","52","216","395","549","674","C0392777"
"18793","3587","2","5","7","53","51","119","395","549","674","C0392777"
"18794","10686","2","5","6","42","36","71","177","64","219","C0392777"
"18795","10329","2","3","2","63","123","194","423","536","544","C0392784"
"18796","26277","2","3","12","19","31","1","426","1","78","C0392784"
"18797","10804","2","3","12","76","153","40","38","54","75","C0393441"
"18798","5176","2","5","7","53","51","342","454","573","492","C0393441"
"18799","23417","2","3","2","43","161","305","409","208","482","C0393441"
"18800","5193","2","3","5","43","161","305","409","208","482","C0393441"
"18801","867","2","5","7","53","14","184","25","40","669","C0393525"
"18802","9420","2","3","5","79","159","256","215","282","366","C0393525"
"18803","55704","2","3","12","76","153","40","38","54","75","C0393525"
"18804","3257","2","5","7","60","54","24","30","46","72","C0393525"
"18805","5830","2","3","5","43","161","305","409","208","482","C0393525"
"18806","3954","2","3","2","48","170","67","119","444","593","C0393525"
"18807","4089","2","3","12","19","219","339","259","423","605","C0393525"
"18808","1497","2","5","2","63","182","50","103","297","628","C0393525"
"18809","55704","2","3","12","76","153","40","38","54","75","C0393525"
"18810","1301","2","5","7","53","51","342","454","573","492","C0393525"
"18811","2138","2","3","12","19","31","1","426","55","78","C0393525"
"18812","3815","2","5","7","53","14","20","25","40","186","C0393525"
"18813","3659","2","3","12","19","184","119","156","287","116","C0393538"
"18814","26229","2","3","2","74","205","191","396","408","257","C0393538"
"18815","1504","2","5","7","53","51","342","454","186","245","C0393538"
"18816","4089","2","3","12","19","219","339","259","423","605","C0393576"
"18817","3659","2","3","12","19","184","119","156","287","116","C0393576"
"18818","5155","2","5","7","53","51","342","454","573","186","C0393584"
"18819","9896","2","3","5","80","81","296","399","201","274","C0393584"
"18820","9640","2","3","12","19","31","261","116","159","211","C0393588"
"18821","6329","2","5","8","63","36","166","341","390","158","C0393588"
"18822","6736","2","3","12","19","31","276","91","433","667","C0393590"
"18823","7287","2","5","7","11","142","71","341","560","219","C0393590"
"18824","3984","2","5","7","53","14","20","34","540","68","C0393590"
"18825","2688","2","5","7","53","51","119","25","40","186","C0393590"
"18826","2969","2","3","12","19","31","276","91","433","118","C0393591"
"18827","26191","2","5","7","53","14","20","25","40","186","C0393591"
"18828","2516","2","3","3","19","151","276","91","433","118","C0393591"
"18829","3458","2","5","7","53","184","119","156","287","116","C0393591"
"18830","7040","2","5","7","53","51","342","454","573","492","C0393591"
"18831","2542","2","3","5","80","81","296","399","500","577","C0393591"
"18832","1028","2","3","12","19","31","1","116","1","86","C0393591"
"18833","1621","2","3","5","53","51","239","333","422","537","C0393593"
"18834","1617","2","3","2","22","33","323","66","101","468","C0393593"
"18835","1727","2","3","7","34","52","216","395","549","197","C0393593"
"18836","5034","2","5","7","53","51","342","454","573","492","C0393593"
"18837","2581","2","3","5","80","81","250","291","152","420","C0393593"
"18838","51592","2","3","12","19","31","1","259","423","389","C0393593"
"18839","7403","2","3","12","19","31","1","426","55","78","C0393702"
"18840","8878","2","3","12","41","219","339","156","568","697","C0393702"
"18841","867","2","5","7","53","14","184","25","40","669","C0393706"
"18842","4784","2","3","2","22","33","261","116","159","211","C0393706"
"18843","2175","2","3","12","19","31","261","116","1","86","C0393706"
"18844","54014","2","3","12","19","31","1","426","55","78","C0393706"
"18845","5741","2","5","4","68","96","326","427","548","672","C0393706"
"18846","3119","2","5","7","53","153","119","156","287","116","C0393706"
"18847","7248","2","3","2","48","57","110","141","359","462","C0393706"
"18848","51604","2","3","2","61","77","142","176","235","317","C0393706"
"18849","2068","2","3","12","19","31","261","116","159","211","C0393706"
"18850","8438","2","3","12","76","153","261","116","1","86","C0393706"
"18851","4513","2","3","2","48","170","110","141","359","532","C0393756"
"18852","5803","2","5","7","53","36","296","399","201","373","C0393756"
"18853","2316","2","5","7","53","51","342","454","573","702","C0393778"
"18854","7020","2","3","12","19","31","276","91","433","664","C0393807"
"18855","2710","2","3","2","72","43","179","88","125","382","C0393807"
"18856","5424","2","3","12","19","31","261","116","1","86","C0393818"
"18857","2033","2","3","12","19","31","1","91","433","118","C0393818"
"18858","5034","2","5","7","53","51","342","454","573","492","C0394006"
"18859","2261","2","5","7","53","14","20","25","40","186","C0394006"
"18860","9217","2","3","2","50","47","39","100","321","255","C0394006"
"18861","26012","2","3","12","19","31","261","116","159","211","C0394006"
"18862","54345","2","5","3","19","221","321","428","541","667","C0395837"
"18863","7454","2","5","7","60","14","20","25","40","215","C0395837"
"18864","1297","2","5","7","53","51","342","454","573","492","C0395837"
"18865","22827","2","3","2","22","33","323","66","101","136","C0395837"
"18866","1026","2","3","12","19","31","1","116","489","416","C0395837"
"18867","1280","2","5","7","53","51","342","454","573","492","C0395837"
"18868","3930","2","3","2","22","33","323","66","3","464","C0395837"
"18869","7399","2","5","7","53","51","342","454","573","492","C0395837"
"18870","1062","2","3","12","76","153","40","38","54","75","C0395837"
"18871","8216","2","3","12","41","119","330","214","454","144","C0395837"
"18872","213","2","5","7","53","51","342","454","573","492","C0395837"
"18873","51128","2","5","7","60","153","24","38","46","72","C0395837"
"18874","3081","2","3","2","91","51","3","267","308","429","C0395837"
"18875","55612","2","5","7","60","36","71","177","560","701","C0398349"
"18876","4054","2","5","7","53","51","342","454","573","492","C0398349"
"18877","355","2","3","7","41","219","339","156","568","697","C0398623"
"18878","421","2","5","7","42","51","335","444","560","373","C0398623"
"18879","2629","2","3","5","80","81","250","291","152","420","C0398623"
"18880","5032","2","5","4","68","96","326","427","548","672","C0398623"
"18881","4125","2","3","7","34","52","216","395","549","674","C0398623"
"18882","695","2","5","7","53","14","20","25","40","186","C0398623"
"18883","778","2","5","8","63","36","166","341","223","158","C0398623"
"18884","207","2","3","7","53","14","20","34","489","416","C0398623"
"18885","23414","2","3","12","19","31","118","155","287","116","C0398623"
"18886","84522","2","3","2","48","170","50","119","444","155","C0398623"
"18887","546","2","3","12","19","31","261","426","1","86","C0398623"
"18888","4247","2","3","2","68","67","320","98","180","279","C0398623"
"18889","2261","2","5","7","53","14","20","25","40","186","C0398623"
"18890","4286","2","3","12","19","31","261","116","1","664","C0398623"
"18891","8200","2","5","7","53","51","342","259","423","389","C0398623"
"18892","4137","2","3","7","27","36","150","341","223","628","C0398623"
"18893","25978","2","3","2","48","57","110","141","359","462","C0398625"
"18894","1476","2","5","7","34","52","216","395","549","674","C0398625"
"18895","3651","2","3","3","19","221","321","428","541","667","C0398639"
"18896","1356","2","3","7","53","51","342","454","573","492","C0398639"
"18897","9970","2","3","3","19","151","276","91","433","118","C0398639"
"18898","6016","2","5","7","60","54","24","30","46","72","C0398639"
"18899","1836","2","3","2","35","41","94","260","330","375","C0398639"
"18900","2743","2","5","8","27","70","99","162","216","290","C0398639"
"18901","4548","2","3","2","15","85","105","139","186","245","C0398650"
"18902","5995","2","5","4","68","96","326","427","548","672","C0398650"
"18903","5443","2","5","4","68","96","326","427","548","672","C0398650"
"18904","2719","2","5","7","53","51","342","454","573","492","C0398650"
"18905","5396","2","3","3","19","221","321","428","541","667","C0398650"
"18906","540","2","5","8","63","45","23","103","464","187","C0398650"
"18907","4591","2","3","12","41","116","268","434","468","213","C0398650"
"18908","6528","2","5","8","45","94","199","240","415","666","C0398650"
"18909","1535","2","5","7","34","52","216","395","549","674","C0398650"
"18910","9150","2","3","12","19","31","261","116","159","211","C0398650"
"18911","9378","2","5","7","27","36","71","341","223","219","C0398650"
"18912","10804","2","3","12","76","153","40","38","54","75","C0398650"
"18913","4204","2","3","12","19","31","1","426","55","78","C0398650"
"18914","204","2","3","4","72","109","182","235","307","506","C0398650"
"18915","3123","2","5","7","53","51","119","156","287","116","C0398650"
"18916","2033","2","3","12","19","31","1","91","433","118","C0398650"
"18917","2261","2","5","7","53","14","20","25","40","186","C0398650"
"18918","64327","2","5","4","68","96","326","427","548","672","C0398650"
"18919","10161","2","5","4","68","96","326","427","548","672","C0398650"
"18920","23492","2","3","12","19","31","1","426","55","78","C0398650"
"18921","6440","2","5","5","68","96","185","238","310","272","C0398650"
"18922","3887","2","1","6","11","142","225","142","220","298","C0398650"
"18923","1636","2","3","5","80","81","166","397","418","568","C0398650"
"18924","6689","2","3","12","19","31","276","91","433","118","C0398650"
"18925","2719","2","5","7","53","51","342","454","573","492","C0399352"
"18926","686","2","3","5","80","81","166","166","127","173","C0399352"
"18927","1200","2","3","5","80","81","178","226","297","380","C0399352"
"18928","1294","2","5","7","53","51","342","454","573","492","C0399352"
"18929","2072","2","3","12","19","31","261","116","1","86","C0399352"
"18930","134","2","5","4","68","96","326","427","548","672","C0399352"
"18931","54902","2","3","2","48","182","50","119","444","556","C0399352"
"18932","11128","2","3","2","22","33","261","116","159","211","C0399357"
"18933","9241","2","5","7","53","51","342","259","423","389","C0399357"
"18934","2184","2","3","5","76","153","138","236","332","407","C0399357"
"18935","1756","2","5","8","63","45","23","103","464","187","C0399372"
"18936","10166","2","3","2","84","97","167","210","278","360","C0399372"
"18937","182","2","5","7","53","51","143","428","236","667","C0399372"
"18938","7535","2","5","7","53","14","20","25","40","186","C0399372"
"18939","1312","2","3","2","87","79","105","426","129","25","C0399372"
"18940","3694","2","5","7","53","51","342","454","573","492","C0399372"
"18941","23230","2","5","7","11","142","71","341","560","219","C0399376"
"18942","2138","2","3","12","19","31","1","426","55","78","C0399376"
"18943","627","2","5","7","53","51","335","444","423","373","C0399376"
"18944","5191","2","3","5","43","161","305","409","208","482","C0399379"
"18945","57526","2","5","7","53","51","335","444","560","373","C0399379"
"18946","6311","2","3","2","22","33","323","66","362","468","C0399385"
"18947","3758","2","5","8","63","36","166","106","110","158","C0399385"
"18948","5573","2","3","12","19","184","118","155","287","116","C0399385"
"18949","54880","2","3","12","19","31","1","426","55","78","C0399385"
"18950","1499","2","3","12","19","221","197","259","560","422","C0399385"
"18951","287","2","5","7","76","153","40","38","54","203","C0399385"
"18952","3588","2","5","7","53","51","119","25","40","186","C0399385"
"18953","27086","2","3","12","19","221","321","428","541","667","C0399385"
"18954","3651","2","3","3","19","221","321","428","541","667","C0399385"
"18955","8313","2","3","12","41","219","339","156","568","605","C0399385"
"18956","3418","2","3","2","67","151","276","33","48","155","C0399385"
"18957","595","2","3","12","19","31","1","426","489","416","C0399385"
"18958","6899","2","5","7","53","184","335","259","560","373","C0399385"
"18959","356","2","5","7","53","219","339","25","489","697","C0399385"
"18960","5830","2","3","5","43","161","305","409","208","482","C0399385"
"18961","3040","2","5","5","53","51","342","40","78","178","C0399385"
"18962","5538","2","3","2","115","18","340","269","342","444","C0399385"
"18963","2068","2","3","12","19","31","261","116","159","211","C0399440"
"18964","5824","2","3","5","47","144","185","238","310","392","C0399440"
"18965","23594","2","3","12","76","153","261","116","1","86","C0399440"
"18966","2703","2","3","12","76","153","40","38","54","75","C0399440"
"18967","3295","2","3","5","43","161","305","409","208","482","C0399440"
"18968","6507","2","3","2","45","94","199","240","415","666","C0399440"
"18969","58","2","5","8","63","45","23","103","464","187","C0399440"
"18970","4921","2","5","7","53","14","20","25","573","186","C0399440"
"18971","26227","2","3","2","41","137","44","208","81","108","C0399570"
"18972","10269","2","3","2","48","182","50","119","444","556","C0399570"
"18973","5077","2","3","3","19","221","321","428","541","667","C0399572"
"18974","3481","2","5","7","53","51","342","454","573","492","C0399572"
"18975","51259","2","3","2","76","153","40","38","54","75","C0401149"
"18976","1144","2","5","8","27","70","99","162","216","290","C0401149"
"18977","29954","2","5","2","27","206","324","430","215","290","C0401149"
"18978","2263","2","5","7","53","14","20","25","40","186","C0401149"
"18979","4318","2","5","7","34","52","216","395","573","492","C0401149"
"18980","26229","2","3","2","74","205","191","396","408","257","C0401149"
"18981","9968","2","4","3","24","119","330","214","454","144","C0401151"
"18982","8784","2","3","12","41","219","339","156","568","697","C0401151"
"18983","4313","2","5","7","53","51","342","454","573","492","C0401151"
"18984","5009","2","3","2","48","97","50","304","167","593","C0401151"
"18985","1308","2","5","7","53","51","119","454","573","492","C0401151"
"18986","26353","2","3","12","76","45","160","347","271","356","C0401151"
"18987","4214","2","3","12","41","219","339","34","540","117","C0401151"
"18988","8929","2","3","3","19","221","321","428","541","667","C0401151"
"18989","2645","2","3","2","90","167","266","367","101","664","C0401151"
"18990","5193","2","3","5","43","161","305","409","208","482","C0401151"
"18991","6687","2","3","2","48","170","50","119","444","593","C0401151"
"18992","540","2","5","8","63","45","23","103","464","187","C0401151"
"18993","1293","2","5","7","53","51","342","454","573","492","C0401151"
"18994","55624","2","3","2","78","123","194","255","215","412","C0401151"
"18995","1440","2","5","7","53","51","119","25","489","416","C0401151"
"18996","2263","2","5","7","53","14","20","25","40","186","C0401151"
"18997","5728","2","3","5","80","81","339","156","568","605","C0401151"
"18998","4221","2","3","12","19","31","342","454","573","492","C0401151"
"18999","10262","2","3","2","22","33","323","66","101","136","C0401151"
"19000","5818","2","5","7","53","51","335","444","560","373","C0401151"
"19001","2737","2","3","12","19","116","321","428","54","667","C0401151"
"19002","6338","2","5","8","63","45","23","34","464","187","C0401151"
"19003","4952","2","3","5","60","54","184","30","544","669","C0401151"
"19004","673","2","5","7","53","14","20","34","540","68","C0401151"
"19005","5111","2","3","12","19","31","261","116","1","86","C0401151"
"19006","6569","2","3","8","45","94","199","240","415","666","C0401151"
"19007","5745","2","5","4","68","96","326","427","548","672","C0401151"
"19008","54795","2","5","8","63","45","193","306","390","158","C0401151"
"19009","4137","2","3","7","27","36","150","341","223","628","C0401151"
"19010","1497","2","5","2","63","182","50","103","297","628","C0403447"
"19011","8625","2","3","12","19","31","276","91","236","118","C0403447"
"19012","4286","2","3","12","19","31","261","116","1","664","C0403447"
"19013","6622","2","3","7","27","36","150","341","223","628","C0403447"
"19014","9782","2","3","2","22","33","323","66","101","136","C0403447"
"19015","7439","2","5","8","63","45","23","34","464","187","C0403447"
"19016","2626","2","3","12","19","31","118","155","287","116","C0403553"
"19017","2052","2","3","5","91","130","114","290","367","475","C0403553"
"19018","10128","2","3","2","48","170","50","119","444","556","C0403553"
"19019","25814","2","3","2","48","170","110","119","444","462","C0403553"
"19020","4846","2","3","5","41","219","75","243","44","64","C0403553"
"19021","396","2","5","7","60","54","24","30","46","72","C0403553"
"19022","25836","2","3","12","76","153","40","38","54","75","C0403553"
"19023","4803","2","5","7","60","54","24","30","46","72","C0403553"
"19024","10225","2","5","7","53","51","119","395","549","674","C0403553"
"19025","8314","2","3","12","41","31","1","426","55","78","C0403553"
"19026","4137","2","3","7","27","36","150","341","223","628","C0403555"
"19027","6391","2","3","2","48","170","50","119","444","556","C0403555"
"19028","1910","2","5","4","68","96","326","427","548","672","C0403814"
"19029","1908","2","5","4","68","96","326","427","548","672","C0403814"
"19030","1355","2","3","2","48","170","50","119","444","556","C0403823"
"19031","4854","2","5","7","53","51","143","428","236","667","C0403823"
"19032","1278","2","5","7","53","51","342","454","573","492","C0403823"
"19033","2516","2","3","3","19","151","276","91","433","118","C0404531"
"19034","1412","2","5","6","11","142","225","243","177","673","C0404531"
"19035","594","2","3","2","67","92","293","55","75","311","C0405580"
"19036","4935","2","5","4","68","96","326","427","548","672","C0405580"
"19037","9247","2","5","7","53","221","197","259","423","389","C0405580"
"19038","6469","2","5","3","53","221","197","259","560","422","C0405580"
"19039","4000","2","3","12","26","105","178","226","297","156","C0405580"
"19040","10381","2","3","12","76","153","40","38","54","75","C0405580"
"19041","249","2","3","5","27","51","335","444","560","373","C0405580"
"19042","633","2","5","7","53","51","342","454","573","492","C0405580"
"19043","5824","2","3","5","47","144","185","238","310","392","C0405580"
"19044","374654","2","3","12","76","153","40","38","54","75","C0405580"
"19045","2624","2","3","12","19","31","1","155","287","116","C0405580"
"19046","1137","2","5","8","27","70","99","162","216","290","C0405580"
"19047","51008","2","3","12","19","31","276","91","433","118","C0405580"
"19048","2263","2","5","7","53","14","20","25","40","186","C0405580"
"19049","4771","2","5","7","60","36","71","177","64","215","C0405580"
"19050","10459","2","3","12","76","31","261","116","1","86","C0405580"
"19051","51360","2","3","3","26","35","276","91","433","203","C0406438"
"19052","55699","2","3","2","110","85","67","76","252","154","C0406438"
"19053","4000","2","3","12","26","105","178","226","297","156","C0406438"
"19054","23312","2","5","7","60","36","71","341","223","624","C0406585"
"19055","1855","2","5","12","76","153","197","259","560","422","C0406585"
"19056","3763","2","5","8","63","36","166","106","110","158","C0406702"
"19057","3753","2","5","8","63","36","166","341","223","158","C0406702"
"19058","5396","2","3","3","19","221","321","428","541","667","C0406702"
"19059","57468","2","5","7","27","36","150","341","223","628","C0406810"
"19060","10013","2","3","12","19","31","143","91","236","311","C0409336"
"19061","5290","2","3","7","53","14","20","25","40","186","C0409336"
"19062","2272","2","3","12","19","170","266","367","500","577","C0409336"
"19063","6334","2","5","8","63","36","166","341","223","158","C0409338"
"19064","9791","2","3","8","45","94","199","240","415","666","C0409338"
"19065","25878","2","5","7","53","51","342","454","573","492","C0409338"
"19066","3930","2","3","2","22","33","323","66","3","464","C0409338"
"19067","1301","2","5","7","53","51","342","454","573","492","C0409338"
"19068","11277","2","3","12","19","31","261","116","1","86","C0409338"
"19069","7424","2","5","7","53","51","342","454","573","702","C0409338"
"19070","51134","2","3","12","76","153","40","38","54","75","C0409338"
"19071","6571","2","3","8","60","36","71","341","223","624","C0409338"
"19072","3592","2","5","7","53","51","119","25","489","416","C0409338"
"19073","7469","2","3","12","19","31","261","116","159","211","C0409338"
"19074","5146","2","3","5","86","72","258","318","403","518","C0409338"
"19075","8626","2","3","3","19","221","321","428","541","667","C0409338"
"19076","54757","2","5","7","53","51","342","454","573","492","C0409338"
"19077","1410","2","3","12","63","45","23","38","54","187","C0409338"
"19078","5660","2","5","7","34","52","326","427","548","702","C0409338"
"19079","8795","2","5","7","41","219","339","156","568","697","C0409338"
"19080","6448","2","3","5","74","160","294","376","453","567","C0409338"
"19081","7020","2","3","12","19","31","276","91","433","664","C0409338"
"19082","9901","2","5","7","60","54","24","30","46","72","C0409338"
"19083","10161","2","5","4","68","96","326","427","548","672","C0409338"
"19084","9241","2","5","7","53","51","342","259","423","389","C0409338"
"19085","4000","2","3","12","26","105","178","226","297","156","C0409338"
"19086","25814","2","3","2","48","170","110","119","444","462","C0409338"
"19087","9652","2","3","2","110","85","237","433","547","671","C0409338"
"19088","29089","2","3","12","41","116","268","434","468","213","C0409338"
"19089","5889","2","3","12","19","31","261","116","1","86","C0409338"
"19090","5663","2","5","7","34","52","216","395","549","667","C0409338"
"19091","4353","2","3","7","34","52","216","395","549","674","C0409338"
"19092","3929","2","5","7","53","51","119","25","489","416","C0409338"
"19093","2108","2","3","2","48","170","50","119","444","556","C0409338"
"19094","3984","2","5","7","53","14","20","34","540","68","C0409338"
"19095","6469","2","5","3","53","221","197","259","560","422","C0409345"
"19096","3988","2","3","5","98","174","277","379","476","42","C0409345"
"19097","2261","2","5","7","53","14","20","25","40","186","C0409345"
"19098","1029","2","3","12","19","31","1","116","1","664","C0409345"
"19099","4645","2","3","4","67","92","293","55","75","311","C0409345"
"19100","23259","2","3","5","116","183","295","398","552","622","C0409345"
"19101","23426","2","5","7","42","36","71","177","223","219","C0409354"
"19102","9409","2","3","5","43","161","305","409","208","482","C0409354"
"19103","6448","2","3","5","74","160","294","376","453","567","C0409354"
"19104","55612","2","5","7","60","36","71","177","560","701","C0409354"
"19105","6218","2","3","2","110","85","237","433","547","671","C0409354"
"19106","94","2","5","7","53","51","342","259","423","389","C0409354"
"19107","5325","2","3","12","19","31","198","261","146","118","C0409354"
"19108","9531","2","3","12","41","219","339","347","271","356","C0409354"
"19109","7337","2","3","12","41","116","268","434","468","213","C0409354"
"19110","5255","2","3","7","34","45","23","103","464","187","C0409354"
"19111","6390","2","3","2","48","170","50","119","444","556","C0409477"
"19112","5982","2","3","12","19","31","261","116","1","86","C0409477"
"19113","1717","2","3","2","19","151","276","48","69","204","C0409477"
"19114","5159","2","5","7","53","14","20","25","40","186","C0409477"
"19115","3670","2","3","2","110","85","237","433","547","671","C0409477"
"19116","1188","2","5","8","63","45","23","34","464","187","C0409477"
"19117","5521","2","3","12","76","137","76","136","472","435","C0409477"
"19118","5063","2","5","7","53","14","20","34","540","68","C0409495"
"19119","5982","2","3","12","19","31","261","116","1","86","C0409495"
"19120","29978","2","5","7","60","116","268","341","544","669","C0409495"
"19121","6392","2","3","2","48","170","50","119","444","556","C0409495"
"19122","23096","2","5","7","60","54","24","30","46","72","C0409495"
"19123","26277","2","3","12","19","31","1","426","1","78","C0409495"
"19124","6303","2","3","2","67","118","160","261","188","423","C0409495"
"19125","5424","2","3","12","19","31","261","116","1","86","C0409959"
"19126","9051","2","5","7","60","14","20","25","40","215","C0409959"
"19127","25782","2","5","7","60","54","24","30","46","72","C0409959"
"19128","5781","2","5","7","53","14","20","25","40","186","C0410179"
"19129","3309","2","3","12","41","219","342","347","271","702","C0410179"
"19130","6439","2","5","5","68","96","185","238","310","272","C0410179"
"19131","3730","2","5","7","53","14","20","25","40","186","C0410179"
"19132","8564","2","3","5","52","212","183","307","391","522","C0410180"
"19133","4261","2","3","12","53","184","119","156","287","116","C0410180"
"19134","7415","2","3","7","34","52","216","395","536","445","C0410180"
"19135","7314","2","3","12","41","219","261","409","208","482","C0410180"
"19136","51317","2","3","12","19","31","1","426","55","78","C0410189"
"19137","79650","2","3","2","22","33","323","66","101","136","C0410189"
"19138","3952","2","5","3","53","151","276","91","433","118","C0410189"
"19139","18","2","3","8","67","94","199","182","509","666","C0410189"
"19140","6499","2","3","2","110","85","237","433","547","671","C0410190"
"19141","5290","2","3","7","53","14","20","25","40","186","C0410190"
"19142","860","2","3","12","19","31","276","91","433","118","C0410190"
"19143","6584","2","3","8","45","94","199","240","415","666","C0410190"
"19144","2697","2","3","7","76","153","40","38","54","75","C0410192"
"19145","4214","2","3","12","41","219","339","34","540","117","C0410192"
"19146","3897","2","5","7","53","51","335","444","560","373","C0410204"
"19147","8085","2","3","12","19","31","1","426","55","78","C0410204"
"19148","5727","2","3","12","68","221","197","259","560","422","C0410204"
"19149","5277","2","3","2","61","77","142","176","235","317","C0410207"
"19150","5617","2","5","12","19","31","1","426","55","78","C0410207"
"19151","1041","2","1","6","11","142","225","142","220","298","C0410264"
"19152","5781","2","5","7","53","14","20","25","40","186","C0410264"
"19153","5830","2","3","5","43","161","305","409","208","482","C0410264"
"19154","9533","2","3","2","19","31","1","426","55","78","C0410264"
"19155","23095","2","3","7","76","153","40","38","54","75","C0410264"
"19156","1736","2","3","2","110","85","237","433","547","671","C0410264"
"19157","10059","2","3","2","48","170","50","304","167","304","C0410264"
"19158","4148","2","5","7","53","51","342","454","573","492","C0410264"
"19159","1278","2","5","7","53","51","342","454","573","492","C0410264"
"19160","658","2","5","7","53","51","342","259","423","389","C0410264"
"19161","22995","2","3","12","76","153","40","38","54","75","C0410550"
"19162","7415","2","3","7","34","52","216","395","536","445","C0410550"
"19163","6890","2","3","12","41","184","119","156","568","116","C0410550"
"19164","3106","2","5","7","34","52","119","395","549","674","C0410550"
"19165","1300","2","5","7","53","51","342","454","573","492","C0410550"
"19166","54820","2","3","12","76","153","40","38","54","75","C0410550"
"19167","4914","2","3","2","22","18","266","202","252","252","C0410550"
"19168","1654","2","3","7","34","52","216","395","549","674","C0410550"
"19169","652","2","5","7","53","51","342","454","573","492","C0410550"
"19170","6496","2","3","3","19","221","321","428","541","667","C0410550"
"19171","5979","2","5","7","53","14","20","25","40","186","C0410550"
"19172","54345","2","5","3","19","221","321","428","541","667","C0410550"
"19173","80254","2","3","12","76","153","40","38","54","75","C0410550"
"19174","9632","2","3","7","60","153","40","38","54","203","C0410550"
"19175","3643","2","5","7","53","14","20","25","40","186","C0410632"
"19176","29851","2","5","7","53","14","20","25","40","186","C0410632"
"19177","2218","2","5","2","53","123","194","255","560","373","C0410653"
"19178","54187","2","3","5","80","81","296","272","452","148","C0410653"
"19179","3949","2","5","7","60","14","184","341","544","669","C0410653"
"19180","10535","2","3","12","76","153","40","38","54","75","C0410740"
"19181","5290","2","3","7","53","14","20","25","40","186","C0410740"
"19182","26503","2","3","2","89","124","204","272","347","442","C0410740"
"19183","9409","2","3","5","43","161","305","409","208","482","C0410916"
"19184","7253","2","5","4","68","96","326","427","548","672","C0410916"
"19185","4854","2","5","7","53","51","143","428","236","667","C0410916"
"19186","55636","2","3","3","19","221","321","428","423","389","C0410916"
"19187","7157","2","3","12","19","31","261","402","489","551","C0410916"
"19188","673","2","5","7","53","14","20","34","540","68","C0410916"
"19189","1462","2","5","7","53","51","342","454","573","492","C0410916"
"19190","9241","2","5","7","53","51","342","259","423","389","C0410916"
"19191","383","2","3","7","34","52","216","395","549","674","C0410916"
"19192","3655","2","5","7","53","51","342","454","573","492","C0410916"
"19193","8573","2","5","7","53","36","71","341","223","219","C0410916"
"19194","9244","2","5","7","53","51","119","25","40","416","C0410916"
"19195","3977","2","5","7","53","51","119","25","40","416","C0410916"
"19196","3845","2","5","7","60","54","24","30","46","72","C0410916"
"19197","2353","2","3","12","19","31","1","91","489","416","C0410935"
"19198","81858","2","5","7","60","36","71","341","223","219","C0410935"
"19199","242","2","3","5","11","142","223","142","220","298","C0410935"
"19200","3440","2","3","12","19","184","118","155","287","116","C0410935"
"19201","5371","2","3","12","19","31","1","91","287","116","C0423082"
"19202","3440","2","3","12","19","184","118","155","287","116","C0423082"
"19203","28982","2","3","5","25","44","165","101","274","358","C0423082"
"19204","7249","2","3","7","60","57","110","141","359","462","C0423082"
"19205","9531","2","3","12","41","219","339","347","271","356","C0423221"
"19206","3845","2","5","7","60","54","24","30","46","72","C0423221"
"19207","35","2","3","2","67","148","70","456","575","704","C0423221"
"19208","1776","2","5","7","105","219","261","402","129","215","C0423221"
"19209","10293","2","3","12","41","116","268","434","468","213","C0423221"
"19210","545","2","3","12","19","31","261","116","1","86","C0423221"
"19211","3717","2","5","7","53","14","20","25","40","186","C0423221"
"19212","203286","2","5","7","50","30","193","306","148","624","C0423221"
"19213","2316","2","5","7","53","51","342","454","573","702","C0423221"
"19214","5444","2","3","5","80","147","236","328","411","229","C0423221"
"19215","4692","2","5","7","53","51","119","402","489","416","C0423221"
"19216","1954","2","5","7","53","51","342","454","573","492","C0423221"
"19217","7225","2","5","8","63","45","193","306","390","158","C0423221"
"19218","1027","2","3","12","19","31","1","116","1","86","C0423221"
"19219","5800","2","5","7","53","81","296","399","201","274","C0423221"
"19220","673","2","5","7","53","14","20","34","540","68","C0423221"
"19221","5896","2","3","12","41","116","268","434","568","605","C0423221"
"19222","7490","2","3","3","19","221","321","428","541","667","C0423221"
"19223","152926","2","3","2","67","92","293","55","75","311","C0423221"
"19224","6492","2","3","3","19","151","276","91","433","118","C0423221"
"19225","3845","2","5","7","60","54","24","30","46","72","C0423250"
"19226","51259","2","3","2","76","153","40","38","54","75","C0423250"
"19227","2316","2","5","7","53","51","342","454","573","702","C0423250"
"19228","3508","2","3","12","19","31","261","116","1","86","C0423250"
"19229","6231","2","3","2","110","85","237","433","547","671","C0423250"
"19230","1139","2","5","8","27","70","99","162","216","290","C0423250"
"19231","5244","2","3","3","41","151","276","91","433","118","C0423250"
"19232","126328","2","3","2","48","170","50","119","444","556","C0423250"
"19233","4313","2","5","7","53","51","342","454","573","492","C0423250"
"19234","4998","2","3","12","76","31","261","116","1","86","C0423250"
"19235","2796","2","5","4","68","96","326","427","548","672","C0423250"
"19236","1146","2","5","8","27","70","99","162","216","290","C0423250"
"19237","51626","2","3","12","76","153","40","38","54","75","C0423250"
"19238","6899","2","5","7","53","184","335","259","560","373","C0423250"
"19239","2184","2","3","5","76","153","138","236","332","407","C0423250"
"19240","2332","2","3","2","22","33","71","373","466","609","C0423250"
"19241","2488","2","5","4","68","96","326","427","548","672","C0423250"
"19242","3785","2","5","8","63","36","166","106","110","158","C0423250"
"19243","4688","2","5","7","60","14","20","25","40","215","C0423250"
"19244","9719","2","5","7","53","51","342","454","573","492","C0423250"
"19245","2672","2","3","3","19","221","321","259","423","389","C0423250"
"19246","50964","2","5","3","68","221","197","259","423","422","C0423250"
"19247","3930","2","3","2","22","33","323","66","3","464","C0423250"
"19248","100","2","3","5","33","21","47","56","80","199","C0423250"
"19249","5167","2","3","5","32","93","163","207","303","126","C0423250"
"19250","6662","2","3","3","19","221","321","428","541","667","C0423250"
"19251","4952","2","3","5","60","54","184","30","544","669","C0423250"
"19252","56916","2","3","12","76","153","40","38","54","75","C0423250"
"19253","2588","2","3","7","34","52","216","395","549","674","C0423250"
"19254","5159","2","5","7","53","14","20","25","40","186","C0423250"
"19255","1643","2","3","12","41","116","268","434","468","213","C0423250"
"19256","5832","2","3","2","101","62","189","182","509","252","C0423250"
"19257","4948","2","5","8","63","45","23","250","464","187","C0423250"
"19258","257","2","3","3","19","221","321","428","541","667","C0423276"
"19259","1636","2","3","5","80","81","166","397","418","568","C0423276"
"19260","6514","2","5","7","90","216","337","448","565","562","C0423276"
"19261","3762","2","5","8","63","36","166","106","110","158","C0423276"
"19262","5621","2","5","8","27","36","342","454","573","628","C0423318"
"19263","7136","2","5","8","63","45","23","103","464","187","C0423318"
"19264","1804","2","5","7","27","36","150","341","223","628","C0423318"
"19265","5696","2","3","12","41","116","268","156","568","116","C0423318"
"19266","7345","2","3","12","41","116","268","341","223","628","C0423318"
"19267","10320","2","5","7","19","119","143","214","236","389","C0423318"
"19268","5009","2","3","2","48","97","50","304","167","593","C0423318"
"19269","9775","2","3","2","22","33","323","66","101","136","C0423318"
"19270","5116","2","3","12","76","153","40","38","54","75","C0423318"
"19271","9401","2","3","12","76","31","261","116","1","86","C0423319"
"19272","7846","2","3","12","76","153","40","38","54","75","C0423319"
"19273","23230","2","5","7","11","142","71","341","560","219","C0423361"
"19274","411","2","3","7","34","52","216","395","549","674","C0423361"
"19275","9361","2","3","2","48","170","50","119","444","556","C0423414"
"19276","257","2","3","3","19","221","321","428","541","667","C0423414"
"19277","55636","2","3","3","19","221","321","428","423","389","C0423414"
"19278","10815","2","5","7","60","36","71","341","223","666","C0423414"
"19279","1861","2","5","7","60","14","184","341","544","669","C0423414"
"19280","25782","2","5","7","60","54","24","30","46","72","C0423414"
"19281","8076","2","5","7","53","51","342","454","573","492","C0423414"
"19282","27316","2","3","2","22","33","323","66","101","136","C0423428"
"19283","22948","2","3","12","76","137","76","136","472","435","C0423428"
"19284","5426","2","3","12","19","31","261","116","1","86","C0423428"
"19285","7021","2","3","12","19","31","261","91","433","664","C0423776"
"19286","3930","2","3","2","22","33","323","66","3","464","C0423776"
"19287","6311","2","3","2","22","33","323","66","362","468","C0423776"
"19288","2313","2","3","12","19","31","276","91","433","118","C0423776"
"19289","2261","2","5","7","53","14","20","25","40","186","C0423807"
"19290","2736","2","3","12","41","116","321","428","54","667","C0423807"
"19291","6567","2","5","8","35","41","77","40","57","80","C0423807"
"19292","26580","2","5","8","27","70","99","162","216","290","C0423807"
"19293","1387","2","3","12","19","31","276","91","433","118","C0423807"
"19294","2492","2","5","4","68","96","326","427","548","672","C0423807"
"19295","5917","2","3","2","110","85","237","433","547","154","C0423808"
"19296","6622","2","3","7","27","36","150","341","223","628","C0423808"
"19297","8241","2","3","2","22","33","323","66","101","136","C0423808"
"19298","472","2","3","12","19","31","261","116","1","86","C0423808"
"19299","54101","2","3","2","48","170","50","347","167","593","C0423808"
"19300","1286","2","5","7","53","51","342","454","573","492","C0423808"
"19301","28956","2","5","7","34","52","216","395","359","462","C0423820"
"19302","10371","2","5","7","53","51","342","79","560","373","C0423820"
"19303","50814","2","3","2","69","221","73","360","86","119","C0423820"
"19304","7291","2","3","12","19","151","276","91","489","416","C0423820"
"19305","1807","2","3","5","80","23","186","79","560","273","C0423820"
"19306","919","2","5","7","53","14","119","25","40","186","C0423820"
"19307","9663","2","3","5","80","81","296","51","488","102","C0423820"
"19308","5327","2","5","7","53","51","342","454","573","492","C0423820"
"19309","2539","2","3","2","48","57","110","141","359","383","C0423820"
"19310","3594","2","5","7","53","51","119","25","560","373","C0423820"
"19311","9992","2","5","8","63","36","166","341","110","158","C0423820"
"19312","2641","2","5","4","68","96","326","427","548","672","C0423820"
"19313","5604","2","5","7","53","14","20","34","540","68","C0423820"
"19314","9370","2","5","3","41","151","276","91","433","118","C0423820"
"19315","652","2","5","7","53","51","342","454","573","492","C0423823"
"19316","23118","2","3","12","41","219","339","156","568","697","C0423823"
"19317","2261","2","5","7","53","14","20","25","40","186","C0423823"
"19318","10743","2","3","3","19","151","276","91","433","118","C0423823"
"19319","6607","2","3","2","22","33","323","66","101","664","C0423823"
"19320","6905","2","3","12","76","153","40","38","54","75","C0423848"
"19321","2194","2","3","2","41","219","64","347","2","561","C0423848"
"19322","538","2","3","8","63","45","23","103","464","187","C0424290"
"19323","5222","2","5","5","68","96","185","238","310","272","C0424290"
"19324","2919","2","5","7","34","52","216","427","548","672","C0424290"
"19325","3105","2","5","7","53","51","119","156","287","116","C0424290"
"19326","28514","2","5","7","53","51","143","428","236","667","C0424290"
"19327","51741","2","3","2","22","33","323","66","101","127","C0424290"
"19328","3284","2","3","2","69","98","169","299","183","243","C0424290"
"19329","9049","2","3","3","41","151","276","378","271","356","C0424296"
"19330","3265","2","5","7","60","54","24","30","46","72","C0424296"
"19331","10564","2","5","7","60","54","24","30","46","72","C0424296"
"19332","11200","2","3","12","19","31","261","116","1","86","C0424296"
"19333","3315","2","3","12","41","181","160","362","402","215","C0424296"
"19334","81794","2","5","7","53","51","342","454","573","492","C0424296"
"19335","472","2","3","12","19","31","261","116","1","86","C0424296"
"19336","3897","2","5","7","53","51","335","444","560","373","C0424296"
"19337","6928","2","3","3","19","221","321","428","541","667","C0424296"
"19338","701","2","3","12","76","153","40","38","54","75","C0424296"
"19339","4693","2","5","7","53","51","342","454","573","492","C0424296"
"19340","5159","2","5","7","53","14","20","25","40","186","C0424296"
"19341","55572","2","3","2","48","170","50","119","444","556","C0424296"
"19342","10733","2","3","12","76","153","40","38","54","75","C0424296"
"19343","5428","2","3","2","48","170","50","119","167","593","C0424304"
"19344","6440","2","5","5","68","96","185","238","310","272","C0424304"
"19345","7291","2","3","12","19","151","276","91","489","416","C0424304"
"19346","27249","2","3","2","48","182","50","119","186","245","C0424304"
"19347","54880","2","3","12","19","31","1","426","55","78","C0424448"
"19348","673","2","5","7","53","14","20","34","540","68","C0424448"
"19349","182","2","5","7","53","51","143","428","236","667","C0424448"
"19350","8518","2","3","12","19","31","1","426","55","78","C0424448"
"19351","10559","2","3","2","89","124","204","272","347","451","C0424448"
"19352","7053","2","3","6","11","142","225","142","220","298","C0424448"
"19353","29887","2","3","7","60","18","110","141","198","270","C0424448"
"19354","7227","2","3","12","19","31","276","91","433","118","C0424448"
"19355","6696","2","5","7","53","51","342","454","573","492","C0424448"
"19356","1717","2","3","2","19","151","276","48","69","204","C0424448"
"19357","6595","2","3","12","19","31","1","426","55","78","C0424448"
"19358","538","2","3","8","63","45","23","103","464","187","C0424448"
"19359","3791","2","5","7","53","51","342","454","573","492","C0424448"
"19360","5728","2","3","5","80","81","339","156","568","605","C0424448"
"19361","701","2","3","12","76","153","40","38","54","75","C0424448"
"19362","2289","2","3","12","76","219","339","347","271","356","C0424448"
"19363","6927","2","3","3","19","221","321","428","541","667","C0424448"
"19364","5147","2","3","5","60","54","24","30","46","72","C0424448"
"19365","9247","2","5","7","53","221","197","259","423","389","C0424448"
"19366","8517","2","3","12","41","219","339","156","568","697","C0424448"
"19367","22954","2","3","12","41","116","268","434","468","213","C0424448"
"19368","10804","2","3","12","76","153","40","38","54","75","C0424448"
"19369","9927","2","3","12","19","31","118","155","287","116","C0424448"
"19370","5914","2","3","3","19","151","276","91","433","118","C0424448"
"19371","2138","2","3","12","19","31","1","426","55","78","C0424448"
"19372","3858","2","1","6","11","142","225","142","220","298","C0424585"
"19373","4893","2","5","7","34","52","24","30","46","72","C0424585"
"19374","3091","2","3","12","41","116","276","91","433","605","C0424585"
"19375","4126","2","3","7","34","52","216","395","549","674","C0424585"
"19376","1559","2","3","5","91","214","226","11","348","172","C0424585"
"19377","3559","2","5","7","53","14","20","25","40","186","C0424585"
"19378","3981","2","3","12","19","31","261","116","1","86","C0424585"
"19379","1290","2","5","7","53","51","342","454","573","492","C0424585"
"19380","26227","2","3","2","41","137","44","208","81","108","C0424585"
"19381","5824","2","3","5","47","144","185","238","310","392","C0424585"
"19382","10577","2","5","7","34","52","216","395","549","674","C0424585"
"19383","1812","2","5","4","68","96","326","427","548","672","C0424585"
"19384","9632","2","3","7","60","153","40","38","54","203","C0424585"
"19385","4803","2","5","7","60","54","24","30","46","72","C0424585"
"19386","1290","2","5","7","53","51","342","454","573","492","C0424585"
"19387","8557","2","5","8","63","45","23","103","464","187","C0424585"
"19388","23426","2","5","7","42","36","71","177","223","219","C0424585"
"19389","10165","2","3","2","48","170","50","304","167","593","C0424585"
"19390","4318","2","5","7","34","52","216","395","573","492","C0424690"
"19391","8050","2","3","2","67","92","293","55","75","311","C0424690"
"19392","7018","2","5","7","53","51","342","454","573","669","C0424690"
"19393","773","2","5","8","27","36","166","341","223","628","C0424693"
"19394","5728","2","3","5","80","81","339","156","568","605","C0424693"
"19395","3977","2","5","7","53","51","119","25","40","416","C0424711"
"19396","5277","2","3","2","61","77","142","176","235","317","C0424711"
"19397","860","2","3","12","19","31","276","91","433","118","C0424711"
"19398","2239","2","3","2","74","51","342","454","573","492","C0424711"
"19399","3908","2","5","7","53","51","342","454","573","492","C0424711"
"19400","25923","2","3","2","48","184","50","119","444","116","C0424711"
"19401","7046","2","3","12","41","219","339","259","423","605","C0424711"
"19402","54880","2","3","12","19","31","1","426","55","78","C0424711"
"19403","6519","2","3","5","45","94","199","240","415","666","C0424711"
"19404","11285","2","3","2","74","205","191","396","408","620","C0424711"
"19405","7508","2","3","12","19","31","261","116","1","664","C0424711"
"19406","55630","2","3","5","27","81","99","162","216","290","C0424711"
"19407","6890","2","3","12","41","184","119","156","568","116","C0424711"
"19408","4306","2","3","3","19","151","276","91","433","118","C0424711"
"19409","6154","2","3","2","110","85","237","433","547","671","C0424711"
"19410","2261","2","5","7","53","14","20","25","40","186","C0424711"
"19411","6785","2","3","5","67","7","5","239","311","393","C0424711"
"19412","64220","2","3","2","69","83","101","126","170","224","C0424711"
"19413","7498","2","3","5","80","157","187","159","209","282","C0424711"
"19414","26137","2","5","7","63","45","184","103","572","658","C0424711"
"19415","1031","2","3","12","19","31","1","426","55","78","C0424711"
"19416","3766","2","5","8","63","36","166","106","110","158","C0424711"
"19417","1399","2","5","7","53","14","20","25","40","186","C0424711"
"19418","9152","2","5","8","45","94","199","240","415","666","C0424731"
"19419","55505","2","3","2","110","85","237","433","547","671","C0424731"
"19420","9927","2","3","12","19","31","118","155","287","116","C0424731"
"19421","54903","2","3","12","76","153","40","38","54","75","C0424731"
"19422","5130","2","3","2","85","143","286","51","488","102","C0424731"
"19423","6557","2","5","8","45","94","199","240","415","666","C0424731"
"19424","200879","2","3","5","116","183","295","398","552","622","C0424731"
"19425","7015","2","3","12","19","31","1","426","55","78","C0424731"
"19426","9049","2","3","3","41","151","276","378","271","356","C0424731"
"19427","1440","2","5","7","53","51","119","25","489","416","C0424731"
"19428","4247","2","3","2","68","67","320","98","180","279","C0424731"
"19429","9414","2","5","7","42","36","71","177","223","219","C0424731"
"19430","207","2","3","7","53","14","20","34","489","416","C0424731"
"19431","8893","2","3","2","110","85","237","433","547","671","C0424731"
"19432","54894","2","3","12","41","221","197","259","499","422","C0424731"
"19433","51086","2","3","2","68","45","232","321","406","520","C0424731"
"19434","8036","2","5","7","60","54","296","399","359","658","C0424731"
"19435","5604","2","5","7","53","14","20","34","540","68","C0424731"
"19436","4541","2","3","2","48","170","50","119","444","24","C0424731"
"19437","5961","2","5","7","27","51","326","126","414","702","C0424731"
"19438","54585","2","3","12","76","153","76","38","54","75","C0424731"
"19439","5506","2","3","12","76","137","76","136","82","658","C0424731"
"19440","2629","2","3","5","80","81","250","291","152","420","C0424731"
"19441","3329","2","3","2","48","170","50","304","167","593","C0424731"
"19442","5195","2","3","5","43","161","305","409","208","482","C0424731"
"19443","9742","2","3","12","76","153","40","38","54","75","C0424731"
"19444","6297","2","3","12","41","116","266","402","489","416","C0424731"
"19445","5592","2","5","4","53","14","20","34","540","68","C0424731"
"19446","5332","2","3","4","68","96","326","427","548","672","C0424731"
"19447","55714","2","5","7","53","51","342","454","573","254","C0424810"
"19448","10165","2","3","2","48","170","50","304","167","593","C0424810"
"19449","224","2","3","5","50","47","39","202","19","233","C0424810"
"19450","5156","2","5","7","53","14","20","25","40","186","C0424810"
"19451","10716","2","5","7","53","51","335","444","560","373","C0424810"
"19452","10559","2","3","2","89","124","204","272","347","451","C0424810"
"19453","2290","2","3","3","19","221","321","428","541","667","C0424810"
"19454","9210","2","5","7","53","51","342","454","573","492","C0424810"
"19455","3814","2","5","4","68","96","326","427","548","672","C0424810"
"19456","3082","2","5","7","53","51","342","25","40","186","C0424810"
"19457","7351","2","3","2","20","29","98","123","166","221","C0424810"
"19458","7516","2","3","12","19","31","261","116","1","86","C0424810"
"19459","9569","2","3","12","19","31","276","91","433","118","C0424810"
"19460","4621","2","5","8","63","45","23","103","464","187","C0425772"
"19461","1289","2","5","7","53","51","342","454","573","492","C0425772"
"19462","3133","2","5","7","53","51","119","156","287","116","C0425772"
"19463","10758","2","3","12","41","219","339","156","568","697","C0425772"
"19464","51360","2","3","3","26","35","276","91","433","203","C0425772"
"19465","7809","2","5","8","63","45","23","34","464","187","C0425795"
"19466","10243","2","3","2","27","91","71","204","267","352","C0425795"
"19467","3558","2","5","7","53","14","20","25","40","186","C0425795"
"19468","51119","2","3","2","110","85","237","433","547","671","C0425795"
"19469","2736","2","3","12","41","116","321","428","54","667","C0425913"
"19470","7018","2","5","7","53","51","342","454","573","669","C0425913"
"19471","9241","2","5","7","53","51","342","259","423","389","C0425913"
"19472","2627","2","3","12","19","31","118","155","287","116","C0425913"
"19473","3561","2","5","7","53","14","20","25","40","186","C0426415"
"19474","8050","2","3","2","67","92","293","55","75","311","C0426415"
"19475","5080","2","3","3","19","221","321","428","541","667","C0426415"
"19476","396","2","5","7","60","54","24","30","46","72","C0426415"
"19477","6390","2","3","2","48","170","50","119","444","556","C0426415"
"19478","345","2","5","7","53","51","342","454","573","492","C0426415"
"19479","5961","2","5","7","27","51","326","126","414","702","C0426415"
"19480","7849","2","3","3","19","221","321","428","541","667","C0426415"
"19481","1114","2","5","7","53","51","342","454","573","492","C0426415"
"19482","1893","2","5","7","53","51","342","454","573","702","C0426415"
"19483","50964","2","5","3","68","221","197","259","423","422","C0426415"
"19484","2348","2","3","7","60","153","40","38","54","203","C0426415"
"19485","7124","2","3","12","41","219","339","156","568","697","C0426415"
"19486","9244","2","5","7","53","51","119","25","40","416","C0426415"
"19487","2915","2","5","4","68","96","326","427","548","672","C0426415"
"19488","6495","2","3","3","19","221","321","428","541","667","C0426415"
"19489","4693","2","5","7","53","51","342","454","573","492","C0426415"
"19490","860","2","3","12","19","31","276","91","433","118","C0426415"
"19491","1188","2","5","8","63","45","23","34","464","187","C0426415"
"19492","11200","2","3","12","19","31","261","116","1","86","C0426415"
"19493","9723","2","5","7","53","51","342","79","560","373","C0426415"
"19494","2153","2","5","7","53","51","342","454","573","492","C0426415"
"19495","3107","2","5","7","34","52","119","395","549","674","C0426415"
"19496","1289","2","5","7","53","51","342","454","573","492","C0426422"
"19497","8625","2","3","12","19","31","276","91","236","118","C0426422"
"19498","6309","2","3","5","19","151","76","48","69","204","C0426422"
"19499","51199","2","3","12","76","153","40","38","54","75","C0426422"
"19500","5444","2","3","5","80","147","236","328","411","229","C0426422"
"19501","27031","2","3","6","11","142","225","38","331","506","C0426422"
"19502","2554","2","5","8","27","70","99","162","216","290","C0426422"
"19503","6658","2","3","12","19","221","321","428","541","667","C0426422"
"19504","2108","2","3","2","48","170","50","119","444","556","C0426422"
"19505","8820","2","3","3","19","221","321","428","541","667","C0426422"
"19506","4842","2","3","5","63","45","71","177","464","219","C0426422"
"19507","6223","2","3","2","110","85","237","433","547","671","C0426422"
"19508","5053","2","3","5","80","81","166","236","308","390","C0426422"
"19509","6324","2","5","7","63","36","166","341","223","158","C0426422"
"19510","8481","2","3","12","76","153","40","38","54","75","C0426422"
"19511","613","2","5","7","60","54","24","30","46","72","C0426422"
"19512","1440","2","5","7","53","51","119","25","489","416","C0426422"
"19513","6390","2","3","2","48","170","50","119","444","556","C0426422"
"19514","2395","2","3","2","48","170","50","304","167","593","C0426422"
"19515","5897","2","3","12","41","116","268","141","568","605","C0426422"
"19516","55703","2","3","2","22","33","261","116","159","211","C0426422"
"19517","1299","2","5","7","53","51","342","454","573","492","C0426428"
"19518","51594","2","3","7","76","153","40","38","54","75","C0426428"
"19519","5336","2","3","7","53","14","20","25","40","215","C0426428"
"19520","4297","2","3","12","19","31","1","426","55","78","C0426428"
"19521","2556","2","5","8","27","70","99","162","216","290","C0426429"
"19522","6495","2","3","3","19","221","321","428","541","667","C0426429"
"19523","7374","2","3","12","19","31","261","116","1","86","C0426429"
"19524","1832","2","5","7","34","52","225","142","220","298","C0426429"
"19525","27010","2","3","2","72","196","95","115","158","322","C0426429"
"19526","1080","2","3","12","41","219","339","156","544","669","C0426429"
"19527","9895","2","3","2","48","57","110","141","359","462","C0426429"
"19528","1736","2","3","2","110","85","237","433","547","671","C0426429"
"19529","538","2","3","8","63","45","23","103","464","187","C0426429"
"19530","5244","2","3","3","41","151","276","91","433","118","C0426429"
"19531","5156","2","5","7","53","14","20","25","40","186","C0426429"
"19532","221496","2","3","5","27","105","99","226","216","156","C0426429"
"19533","6736","2","3","12","19","31","276","91","433","667","C0426429"
"19534","4072","2","5","7","53","51","119","454","573","492","C0426429"
"19535","10280","2","3","2","110","85","52","57","86","119","C0426429"
"19536","3767","2","5","8","63","36","166","106","110","158","C0426429"
"19537","866","2","5","7","68","51","342","454","573","492","C0426429"
"19538","3265","2","5","7","60","54","24","30","46","72","C0426429"
"19539","488","2","5","8","63","45","23","103","464","187","C0426429"
"19540","4313","2","5","7","53","51","342","454","573","492","C0426429"
"19541","8289","2","3","12","19","31","1","426","55","78","C0426429"
"19542","675","2","3","12","19","31","261","116","1","86","C0426429"
"19543","79659","2","3","12","76","153","40","38","54","75","C0426429"
"19544","846","2","5","4","68","96","326","427","548","672","C0426429"
"19545","6299","2","3","12","19","221","321","428","541","667","C0426429"
"19546","3425","2","3","5","80","81","166","454","573","492","C0426429"
"19547","54903","2","3","12","76","153","40","38","54","75","C0426429"
"19548","1756","2","5","8","63","45","23","103","464","187","C0426429"
"19549","55612","2","5","7","60","36","71","177","560","701","C0426433"
"19550","9095","2","5","7","53","51","335","444","560","373","C0426433"
"19551","3190","2","3","2","22","33","323","66","101","136","C0426492"
"19552","23384","2","3","12","63","45","184","103","572","658","C0426492"
"19553","1836","2","3","2","35","41","94","260","330","375","C0426492"
"19554","190","2","3","3","19","151","276","91","433","118","C0426492"
"19555","3845","2","5","7","60","54","24","30","46","72","C0426492"
"19556","4968","2","3","12","19","31","261","116","1","86","C0426492"
"19557","3162","2","3","5","53","51","119","402","489","416","C0426492"
"19558","774","2","5","8","63","36","166","341","390","158","C0426492"
"19559","2178","2","3","12","19","31","261","116","1","86","C0426492"
"19560","55505","2","3","2","110","85","237","433","547","671","C0426492"
"19561","3815","2","5","7","53","14","20","25","40","186","C0426494"
"19562","51","2","3","5","43","151","276","91","433","482","C0426494"
"19563","540","2","5","8","63","45","23","103","464","187","C0426494"
"19564","54902","2","3","2","48","182","50","119","444","556","C0426494"
"19565","23594","2","3","12","76","153","261","116","1","86","C0426789"
"19566","4338","2","3","2","110","85","75","204","267","352","C0426789"
"19567","940","2","5","7","53","14","20","25","40","186","C0426789"
"19568","27019","2","3","12","76","153","40","38","54","75","C0426789"
"19569","3561","2","5","7","53","14","20","25","40","186","C0426789"
"19570","224","2","3","5","50","47","39","202","19","233","C0426789"
"19571","412","2","3","5","105","155","250","291","152","420","C0426789"
"19572","1636","2","3","5","80","81","166","397","418","568","C0426789"
"19573","190","2","3","3","19","151","276","91","433","118","C0426789"
"19574","1175","2","5","7","60","14","184","341","544","669","C0426789"
"19575","6785","2","3","5","67","7","5","239","311","393","C0426789"
"19576","1141","2","5","8","27","70","99","162","216","290","C0426789"
"19577","9364","2","5","7","60","54","24","30","46","72","C0426789"
"19578","2146","2","3","12","19","31","1","426","55","78","C0426789"
"19579","10312","2","3","7","34","52","216","395","549","674","C0426789"
"19580","2263","2","5","7","53","14","20","25","40","186","C0426789"
"19581","4221","2","3","12","19","31","342","454","573","492","C0426789"
"19582","356","2","5","7","53","219","339","25","489","697","C0426789"
"19583","1789","2","3","12","19","31","1","426","55","78","C0426789"
"19584","23529","2","5","7","53","51","119","25","40","416","C0426789"
"19585","3767","2","5","8","63","36","166","106","110","158","C0426789"
"19586","54539","2","3","2","48","170","50","119","444","556","C0426799"
"19587","5621","2","5","8","27","36","342","454","573","628","C0426799"
"19588","6678","2","5","7","53","51","342","454","573","492","C0426799"
"19589","2200","2","5","7","53","51","342","454","573","492","C0426799"
"19590","4783","2","3","3","19","151","276","91","433","118","C0426799"
"19591","78989","2","5","7","53","51","119","395","573","674","C0426799"
"19592","9990","2","5","8","45","94","199","240","415","666","C0426799"
"19593","2627","2","3","12","19","31","118","155","287","116","C0426799"
"19594","10585","2","5","2","27","206","324","430","215","290","C0426799"
"19595","1889","2","5","4","68","96","326","427","548","672","C0426799"
"19596","2956","2","3","12","19","31","261","116","1","86","C0426799"
"19597","1586","2","3","5","79","98","256","335","425","540","C0426799"
"19598","356","2","5","7","53","219","339","25","489","697","C0426799"
"19599","1312","2","3","2","87","79","105","426","129","25","C0426799"
"19600","2588","2","3","7","34","52","216","395","549","674","C0426799"
"19601","19","2","3","3","19","151","276","91","433","118","C0426799"
"19602","23729","2","3","2","90","167","148","36","51","383","C0426799"
"19603","2189","2","3","12","19","31","261","116","1","86","C0426799"
"19604","3756","2","5","8","63","36","166","106","110","158","C0426801"
"19605","5654","2","5","7","53","51","342","454","573","492","C0426801"
"19606","860","2","3","12","19","31","276","91","433","118","C0426801"
"19607","2697","2","3","7","76","153","40","38","54","75","C0426801"
"19608","7545","2","5","3","34","52","216","142","220","298","C0426801"
"19609","25959","2","3","3","19","151","276","91","433","118","C0426805"
"19610","1080","2","3","12","41","219","339","156","544","669","C0426805"
"19611","4771","2","5","7","60","36","71","177","64","215","C0426805"
"19612","6662","2","3","3","19","221","321","428","541","667","C0426805"
"19613","5728","2","3","5","80","81","339","156","568","605","C0426805"
"19614","94","2","5","7","53","51","342","259","423","389","C0426806"
"19615","1062","2","3","12","76","153","40","38","54","75","C0426806"
"19616","5317","2","5","7","34","52","216","142","220","298","C0426806"
"19617","8195","2","3","12","76","153","76","38","54","75","C0426806"
"19618","23347","2","3","12","41","116","268","434","468","213","C0426806"
"19619","2719","2","5","7","53","51","342","454","573","492","C0426808"
"19620","4010","2","3","3","19","221","321","428","541","667","C0426808"
"19621","26227","2","3","2","41","137","44","208","81","108","C0426808"
"19622","1759","2","5","7","60","14","184","341","544","669","C0426808"
"19623","4125","2","3","7","34","52","216","395","549","674","C0426808"
"19624","158","2","3","4","96","177","61","373","341","142","C0426808"
"19625","5144","2","3","4","68","96","326","427","548","672","C0426808"
"19626","7140","2","5","8","63","45","23","103","464","187","C0426811"
"19627","10479","2","5","7","27","36","150","341","223","628","C0426811"
"19628","5592","2","5","4","53","14","20","34","540","68","C0426811"
"19629","10555","2","3","7","34","52","216","395","549","622","C0426811"
"19630","3694","2","5","7","53","51","342","454","573","492","C0426811"
"19631","1493","2","5","7","53","51","119","25","40","186","C0426816"
"19632","4763","2","5","7","60","54","24","30","46","214","C0426816"
"19633","10008","2","5","8","63","36","166","341","223","158","C0426816"
"19634","5956","2","5","4","68","96","326","427","548","672","C0426816"
"19635","54808","2","3","12","76","153","40","38","54","75","C0426816"
"19636","54756","2","5","7","41","219","238","118","543","214","C0426816"
"19637","11280","2","5","8","63","36","166","341","390","158","C0426816"
"19638","7048","2","5","7","53","51","342","259","423","389","C0426817"
"19639","1080","2","3","12","41","219","339","156","544","669","C0426817"
"19640","4247","2","3","2","68","67","320","98","180","279","C0426817"
"19641","51360","2","3","3","26","35","276","91","433","203","C0426817"
"19642","846","2","5","4","68","96","326","427","548","672","C0426817"
"19643","6135","2","3","2","110","85","237","433","547","671","C0426817"
"19644","2896","2","5","7","34","52","216","395","549","674","C0426817"
"19645","5443","2","5","4","68","96","326","427","548","672","C0426817"
"19646","3549","2","5","3","53","51","197","259","560","422","C0426817"
"19647","5308","2","3","3","19","221","321","428","541","667","C0426817"
"19648","5167","2","3","5","32","93","163","207","303","126","C0426817"
"19649","6390","2","3","2","48","170","50","119","444","556","C0426817"
"19650","26227","2","3","2","41","137","44","208","81","108","C0426817"
"19651","55670","2","3","5","43","161","305","409","208","482","C0426817"
"19652","4261","2","3","12","53","184","119","156","287","116","C0426817"
"19653","5116","2","3","12","76","153","40","38","54","75","C0426817"
"19654","23400","2","5","8","63","45","23","103","464","187","C0426817"
"19655","51085","2","3","2","48","57","110","141","359","462","C0426817"
"19656","6697","2","3","2","69","91","75","204","267","352","C0426817"
"19657","6575","2","3","8","45","94","199","240","415","666","C0426817"
"19658","1297","2","5","7","53","51","342","454","573","492","C0426817"
"19659","7390","2","3","5","80","81","166","132","175","473","C0426817"
"19660","23418","2","5","7","53","36","71","177","560","373","C0426817"
"19661","6519","2","3","5","45","94","199","240","415","666","C0426817"
"19662","1145","2","5","8","27","70","99","162","216","290","C0426817"
"19663","5116","2","3","12","76","153","40","38","54","75","C0426817"
"19664","526","2","3","5","29","88","132","172","199","308","C0426817"
"19665","3796","2","3","12","76","153","40","38","54","75","C0426817"
"19666","847","2","3","7","34","52","216","395","549","674","C0426817"
"19667","2719","2","5","7","53","51","342","454","573","492","C0426817"
"19668","4843","2","3","5","43","161","305","409","489","416","C0426818"
"19669","1759","2","5","7","60","14","184","341","544","669","C0426818"
"19670","4647","2","5","7","60","83","101","126","170","224","C0426818"
"19671","217","2","3","5","75","120","200","75","230","309","C0426818"
"19672","6697","2","3","2","69","91","75","204","267","352","C0426818"
"19673","650","2","5","7","53","51","342","259","423","389","C0426818"
"19674","4867","2","5","7","76","153","40","38","54","75","C0426818"
"19675","4760","2","3","3","19","221","321","428","541","667","C0426818"
"19676","1440","2","5","7","53","51","119","25","489","416","C0426818"
"19677","57526","2","5","7","53","51","335","444","560","373","C0426818"
"19678","547","2","3","7","76","153","40","38","54","75","C0426818"
"19679","1106","2","3","12","19","31","1","426","55","78","C0426818"
"19680","8604","2","3","2","48","170","50","304","167","593","C0426818"
"19681","4311","2","5","7","34","52","216","395","549","674","C0426818"
"19682","2632","2","3","2","28","22","48","232","82","114","C0426818"
"19683","4210","2","3","12","41","219","339","156","568","697","C0426818"
"19684","26146","2","3","12","76","153","40","38","54","75","C0426818"
"19685","4128","2","3","5","80","81","119","402","489","416","C0426818"
"19686","84062","2","5","7","60","18","184","341","544","669","C0426818"
"19687","6925","2","3","12","19","31","225","142","220","298","C0426818"
"19688","4838","2","5","3","53","221","321","259","423","389","C0426818"
"19689","2068","2","3","12","19","31","261","116","159","211","C0426820"
"19690","1806","2","3","2","49","23","186","149","195","61","C0426820"
"19691","6863","2","5","4","68","96","326","427","548","672","C0426820"
"19692","538","2","3","8","63","45","23","103","464","187","C0426820"
"19693","26580","2","5","8","27","70","99","162","216","290","C0426820"
"19694","2239","2","3","2","74","51","342","454","573","492","C0426824"
"19695","1147","2","3","12","41","219","339","156","568","697","C0426824"
"19696","3075","2","5","7","53","51","119","395","549","674","C0426824"
"19697","2266","2","5","7","53","51","342","454","573","492","C0426824"
"19698","1387","2","3","12","19","31","276","91","433","118","C0426824"
"19699","3717","2","5","7","53","14","20","25","40","186","C0426824"
"19700","6218","2","3","2","110","85","237","433","547","671","C0426826"
"19701","2263","2","5","7","53","14","20","25","40","186","C0426826"
"19702","3954","2","3","2","48","170","67","119","444","593","C0426826"
"19703","10459","2","3","12","76","31","261","116","1","86","C0426848"
"19704","4539","2","3","2","53","184","86","107","560","195","C0426848"
"19705","54209","2","5","7","53","51","119","395","549","674","C0426848"
"19706","6710","2","5","7","60","14","20","25","40","186","C0426848"
"19707","3251","2","3","4","68","96","326","427","341","150","C0426848"
"19708","3845","2","5","7","60","54","24","30","46","72","C0426848"
"19709","5830","2","3","5","43","161","305","409","208","482","C0426848"
"19710","652","2","5","7","53","51","342","454","573","492","C0426848"
"19711","90","2","5","7","53","51","342","259","423","389","C0426848"
"19712","1513","2","5","7","53","51","342","454","573","492","C0426848"
"19713","7518","2","3","12","19","31","261","116","1","86","C0426848"
"19714","4915","2","5","7","53","14","20","25","40","186","C0426848"
"19715","9791","2","3","8","45","94","199","240","415","666","C0426848"
"19716","2239","2","3","2","74","51","342","454","573","492","C0426848"
"19717","6326","2","5","8","63","36","166","341","390","158","C0426848"
"19718","6440","2","5","5","68","96","185","238","310","272","C0426848"
"19719","2212","2","5","7","34","52","216","395","549","674","C0426848"
"19720","23203","2","3","5","80","81","50","304","167","593","C0426848"
"19721","6845","2","5","7","60","14","184","341","544","669","C0426870"
"19722","2690","2","5","7","53","14","20","25","40","186","C0426870"
"19723","54463","2","3","2","48","57","110","141","359","462","C0426870"
"19724","4893","2","5","7","34","52","24","30","46","72","C0426870"
"19725","4359","2","5","7","53","51","342","454","573","492","C0426870"
"19726","4854","2","5","7","53","51","143","428","236","667","C0426870"
"19727","51099","2","3","2","67","92","293","55","75","311","C0426870"
"19728","5447","2","3","5","91","214","271","372","471","586","C0426870"
"19729","6399","2","5","7","60","54","24","30","46","72","C0426870"
"19730","6736","2","3","12","19","31","276","91","433","667","C0426870"
"19731","3549","2","5","3","53","51","197","259","560","422","C0426870"
"19732","6844","2","5","7","60","36","184","341","544","669","C0426870"
"19733","6470","2","3","5","15","166","104","369","117","281","C0426870"
"19734","5888","2","3","12","19","31","261","116","1","86","C0426870"
"19735","4261","2","3","12","53","184","119","156","287","116","C0426870"
"19736","1565","2","3","5","91","214","226","326","413","530","C0426870"
"19737","1161","2","3","12","41","116","268","434","468","213","C0426870"
"19738","444","2","5","8","63","45","23","34","464","187","C0426870"
"19739","3418","2","3","2","67","151","276","33","48","155","C0426886"
"19740","2316","2","5","7","53","51","342","454","573","702","C0426886"
"19741","51135","2","3","12","53","219","20","156","568","697","C0426886"
"19742","27031","2","3","6","11","142","225","38","331","506","C0426886"
"19743","3265","2","5","7","60","54","24","30","46","72","C0426886"
"19744","54790","2","3","12","19","31","1","426","55","78","C0426886"
"19745","538","2","3","8","63","45","23","103","464","187","C0426886"
"19746","4598","2","3","2","19","151","276","198","259","427","C0426886"
"19747","51741","2","3","2","22","33","323","66","101","127","C0426886"
"19748","10161","2","5","4","68","96","326","427","548","672","C0426886"
"19749","356","2","5","7","53","219","339","25","489","697","C0426886"
"19750","1813","2","5","4","68","96","326","427","548","672","C0426886"
"19751","51741","2","3","2","22","33","323","66","101","127","C0426886"
"19752","11311","2","3","12","19","31","118","155","287","116","C0426886"
"19753","26191","2","5","7","53","14","20","25","40","186","C0426886"
"19754","2132","2","3","2","74","58","112","148","193","263","C0426886"
"19755","2778","2","5","4","68","96","326","427","548","672","C0426886"
"19756","7020","2","3","12","19","31","276","91","433","664","C0426886"
"19757","6648","2","3","2","95","151","160","378","173","229","C0426886"
"19758","26229","2","3","2","74","205","191","396","408","257","C0426886"
"19759","5189","2","3","5","43","161","305","409","208","482","C0426886"
"19760","6736","2","3","12","19","31","276","91","433","667","C0426886"
"19761","4763","2","5","7","60","54","24","30","46","214","C0426886"
"19762","5351","2","5","7","53","51","342","454","573","492","C0426886"
"19763","4864","2","3","5","48","152","184","341","544","669","C0426886"
"19764","594","2","3","2","67","92","293","55","75","311","C0426891"
"19765","2538","2","3","5","90","216","333","438","561","689","C0426891"
"19766","10555","2","3","7","34","52","216","395","549","622","C0426891"
"19767","5771","2","5","7","53","14","296","25","40","186","C0426891"
"19768","4014","2","1","6","11","142","225","142","220","298","C0426891"
"19769","2719","2","5","7","53","51","342","454","573","492","C0426891"
"19770","6926","2","5","7","53","51","335","259","560","373","C0426891"
"19771","4536","2","3","2","48","170","50","119","444","556","C0426891"
"19772","1807","2","3","5","80","23","186","79","560","273","C0426891"
"19773","2200","2","5","7","53","51","342","454","573","492","C0426891"
"19774","25913","2","3","12","19","31","261","116","1","78","C0426891"
"19775","546","2","3","12","19","31","261","426","1","86","C0426891"
"19776","54941","2","3","12","41","116","268","434","468","213","C0426891"
"19777","5885","2","3","12","76","153","40","38","54","75","C0426891"
"19778","3141","2","3","2","68","40","130","166","127","173","C0426891"
"19779","2296","2","3","3","19","221","321","428","541","667","C0426891"
"19780","2641","2","5","4","68","96","326","427","548","672","C0426891"
"19781","5144","2","3","4","68","96","326","427","548","672","C0426891"
"19782","9856","2","5","7","60","14","184","341","544","669","C0426891"
"19783","3329","2","3","2","48","170","50","304","167","593","C0426891"
"19784","3953","2","5","7","53","14","20","25","40","186","C0426891"
"19785","7291","2","3","12","19","151","276","91","489","416","C0426891"
"19786","55624","2","3","2","78","123","194","255","215","412","C0426891"
"19787","7153","2","3","12","19","31","261","116","1","86","C0426891"
"19788","5979","2","5","7","53","14","20","25","40","186","C0426891"
"19789","5830","2","3","5","43","161","305","409","208","482","C0426891"
"19790","1280","2","5","7","53","51","342","454","573","492","C0426891"
"19791","83605","2","5","7","76","137","76","136","472","435","C0426891"
"19792","7043","2","5","7","53","51","342","454","573","492","C0426901"
"19793","201626","2","3","12","41","116","268","434","468","593","C0426901"
"19794","2138","2","3","12","19","31","1","426","55","78","C0426901"
"19795","1312","2","3","2","87","79","105","426","129","25","C0426934"
"19796","410","2","3","7","34","52","216","395","549","674","C0426934"
"19797","4070","2","5","6","42","36","71","177","64","219","C0426934"
"19798","3868","2","1","6","11","142","225","142","220","298","C0426934"
"19799","675","2","3","12","19","31","261","116","1","86","C0427063"
"19800","2617","2","3","2","110","85","237","433","252","154","C0427063"
"19801","2296","2","3","3","19","221","321","428","541","667","C0427063"
"19802","2697","2","3","7","76","153","40","38","54","75","C0427063"
"19803","4538","2","3","2","48","170","50","119","444","556","C0427063"
"19804","7428","2","3","12","41","116","268","434","468","213","C0427063"
"19805","3047","2","3","12","19","31","118","155","287","116","C0427063"
"19806","3481","2","5","7","53","51","342","454","573","492","C0427063"
"19807","2099","2","3","12","19","151","276","91","433","118","C0427063"
"19808","3047","2","3","12","19","31","118","155","287","116","C0427063"
"19809","2243","2","5","7","53","51","342","454","573","492","C0427064"
"19810","3690","2","5","7","53","51","342","454","573","492","C0427064"
"19811","23322","2","3","12","76","153","40","38","54","75","C0427064"
"19812","9632","2","3","7","60","153","40","38","54","203","C0427064"
"19813","2022","2","5","7","53","51","342","259","423","389","C0427064"
"19814","493856","2","3","2","48","219","110","141","359","462","C0427064"
"19815","10049","2","3","12","22","219","339","347","271","356","C0427064"
"19816","5828","2","3","5","43","161","305","409","208","482","C0427068"
"19817","5728","2","3","5","80","81","339","156","568","605","C0427068"
"19818","617","2","3","2","48","170","50","304","167","593","C0427068"
"19819","287","2","5","7","76","153","40","38","54","203","C0427068"
"19820","19","2","3","3","19","151","276","91","433","118","C0427068"
"19821","348","2","5","7","53","51","342","454","573","492","C0427068"
"19822","7297","2","5","7","53","184","119","25","40","186","C0427068"
"19823","6609","2","3","5","105","155","250","291","152","420","C0427068"
"19824","2006","2","5","7","53","51","342","454","573","492","C0427068"
"19825","1736","2","3","2","110","85","237","433","547","671","C0427068"
"19826","2720","2","3","7","34","52","216","395","21","599","C0427068"
"19827","5982","2","3","12","19","31","261","116","1","86","C0427068"
"19828","10484","2","3","7","60","153","40","38","54","203","C0427068"
"19829","4041","2","5","3","68","221","197","259","560","422","C0427068"
"19830","5824","2","3","5","47","144","185","238","310","392","C0427068"
"19831","7040","2","5","7","53","51","342","454","573","492","C0427068"
"19832","2645","2","3","2","90","167","266","367","101","664","C0427068"
"19833","3766","2","5","8","63","36","166","106","110","158","C0427068"
"19834","24","2","3","12","41","116","268","423","536","445","C0427068"
"19835","182","2","5","7","53","51","143","428","236","667","C0427068"
"19836","3702","2","5","7","53","14","20","25","40","186","C0427068"
"19837","50964","2","5","3","68","221","197","259","423","422","C0427068"
"19838","3913","2","5","7","53","51","342","454","573","492","C0427068"
"19839","1281","2","5","7","53","51","342","454","573","492","C0427068"
"19840","763","2","3","5","35","41","77","40","526","647","C0427068"
"19841","60675","2","5","4","68","96","326","427","548","672","C0427068"
"19842","8481","2","3","12","76","153","40","38","54","75","C0427068"
"19843","5979","2","5","7","53","14","20","25","40","186","C0427144"
"19844","8195","2","3","12","76","153","76","38","54","75","C0427144"
"19845","5309","2","3","3","19","221","321","428","541","667","C0427144"
"19846","2690","2","5","7","53","14","20","25","40","186","C0427144"
"19847","28","2","3","2","78","19","41","50","72","101","C0427149"
"19848","1301","2","5","7","53","51","342","454","573","492","C0427149"
"19849","26580","2","5","8","27","70","99","162","216","290","C0427149"
"19850","5241","2","3","3","19","151","276","91","433","118","C0427149"
"19851","29078","2","3","2","48","170","50","119","444","556","C0427149"
"19852","8048","2","5","8","63","45","23","103","464","187","C0427149"
"19853","6347","2","5","7","53","51","119","427","489","416","C0427149"
"19854","4722","2","3","2","48","170","50","119","444","556","C0427149"
"19855","8195","2","3","12","76","153","76","38","54","75","C0427149"
"19856","23545","2","3","5","29","88","132","85","222","346","C0427149"
"19857","27031","2","3","6","11","142","225","38","331","506","C0427149"
"19858","29851","2","5","7","53","14","20","25","40","186","C0427149"
"19859","8842","2","5","5","53","82","147","184","179","328","C0427149"
"19860","6231","2","3","2","110","85","237","433","547","671","C0427149"
"19861","2969","2","3","12","19","31","276","91","433","118","C0427149"
"19862","23384","2","3","12","63","45","184","103","572","658","C0427149"
"19863","10585","2","5","2","27","206","324","430","215","290","C0427149"
"19864","53834","2","5","7","53","51","342","454","573","492","C0427149"
"19865","2147","2","5","7","68","51","342","454","573","492","C0427149"
"19866","10564","2","5","7","60","54","24","30","46","72","C0427149"
"19867","25913","2","3","12","19","31","261","116","1","78","C0427149"
"19868","673","2","5","7","53","14","20","34","540","68","C0427149"
"19869","3106","2","5","7","34","52","119","395","549","674","C0427149"
"19870","5314","2","3","12","76","153","40","38","54","75","C0427149"
"19871","2670","2","5","7","27","36","150","341","223","628","C0427190"
"19872","7140","2","5","8","63","45","23","103","464","187","C0427190"
"19873","1663","2","3","12","76","105","178","226","297","380","C0427190"
"19874","3508","2","3","12","19","31","261","116","1","86","C0427190"
"19875","1956","2","5","7","53","14","184","45","544","669","C0427190"
"19876","7421","2","3","3","19","151","276","91","433","118","C0427190"
"19877","11277","2","3","12","19","31","261","116","1","86","C0427190"
"19878","27077","2","3","12","76","153","40","38","54","75","C0427190"
"19879","5538","2","3","2","115","18","340","269","342","444","C0427190"
"19880","26191","2","5","7","53","14","20","25","40","186","C0427190"
"19881","5922","2","5","7","60","54","24","30","46","72","C0427190"
"19882","2255","2","5","7","53","14","20","25","40","186","C0427190"
"19883","2629","2","3","5","80","81","250","291","152","420","C0427190"
"19884","10300","2","3","12","76","153","40","38","54","75","C0427190"
"19885","7428","2","3","12","41","116","268","434","468","213","C0427190"
"19886","22858","2","3","7","53","14","20","34","540","68","C0427190"
"19887","2624","2","3","12","19","31","1","155","287","116","C0427190"
"19888","3265","2","5","7","60","54","24","30","46","72","C0427190"
"19889","7157","2","3","12","19","31","261","402","489","551","C0427190"
"19890","1562","2","3","5","91","214","336","303","388","45","C0427190"
"19891","2717","2","3","7","34","52","216","395","549","674","C0427190"
"19892","3764","2","5","8","63","36","166","106","110","158","C0427480"
"19893","9627","2","3","12","19","31","1","426","55","78","C0427480"
"19894","843","2","3","12","41","219","339","156","568","697","C0427480"
"19895","55651","2","3","2","110","85","237","433","547","671","C0427480"
"19896","2263","2","5","7","53","14","20","25","40","186","C0427480"
"19897","51083","2","5","4","68","96","326","427","548","672","C0427480"
"19898","6813","2","5","7","53","51","342","454","573","702","C0427480"
"19899","51259","2","3","2","76","153","40","38","54","75","C0427515"
"19900","8322","2","5","3","68","221","184","259","544","669","C0427515"
"19901","25836","2","3","12","76","153","40","38","54","75","C0427515"
"19902","5290","2","3","7","53","14","20","25","40","186","C0427515"
"19903","4693","2","5","7","53","51","342","454","573","492","C0427515"
"19904","10617","2","3","12","48","57","110","141","359","462","C0427515"
"19905","7050","2","3","12","19","31","321","428","541","667","C0427515"
"19906","7439","2","5","8","63","45","23","34","464","187","C0427515"
"19907","2316","2","5","7","53","51","342","454","573","702","C0427515"
"19908","2638","2","5","8","63","45","23","103","464","187","C0427515"
"19909","9394","2","3","2","74","58","112","148","193","263","C0427515"
"19910","4846","2","3","5","41","219","75","243","44","64","C0427515"
"19911","2245","2","5","7","60","54","24","30","46","72","C0427515"
"19912","2719","2","5","7","53","51","342","454","573","492","C0427515"
"19913","4038","2","5","7","53","51","342","454","573","492","C0427515"
"19914","3569","2","5","7","53","51","342","454","573","416","C0427515"
"19915","4688","2","5","7","60","14","20","25","40","215","C0427515"
"19916","117579","2","5","4","68","96","326","427","548","672","C0427515"
"19917","3339","2","5","7","53","51","342","454","573","492","C0427515"
"19918","4771","2","5","7","60","36","71","177","64","215","C0427515"
"19919","5663","2","5","7","34","52","216","395","549","667","C0427544"
"19920","1277","2","5","7","53","51","342","454","573","492","C0427544"
"19921","5824","2","3","5","47","144","185","238","310","392","C0427546"
"19922","3954","2","3","2","48","170","67","119","444","593","C0427546"
"19923","4976","2","3","2","48","170","50","119","444","556","C0427546"
"19924","23141","2","3","12","76","105","40","226","489","435","C0427546"
"19925","590","2","3","5","85","143","286","51","488","604","C0427546"
"19926","9533","2","3","2","19","31","1","426","55","78","C0427546"
"19927","9049","2","3","3","41","151","276","378","271","356","C0427546"
"19928","7249","2","3","7","60","57","110","141","359","462","C0427546"
"19929","8260","2","3","12","41","85","266","76","287","78","C0427546"
"19930","51750","2","3","12","19","31","261","116","1","86","C0427546"
"19931","1462","2","5","7","53","51","342","454","573","492","C0428791"
"19932","2146","2","3","12","19","31","1","426","55","78","C0428791"
"19933","7353","2","3","12","41","219","339","156","568","605","C0428791"
"19934","2324","2","5","7","53","14","20","25","40","186","C0428791"
"19935","4137","2","3","7","27","36","150","341","223","628","C0428791"
"19936","50846","2","3","3","68","221","197","259","560","422","C0428851"
"19937","84059","2","5","7","53","51","335","444","560","373","C0428851"
"19938","10683","2","5","7","53","51","143","428","560","667","C0428871"
"19939","6775","2","5","7","53","14","119","25","40","186","C0428871"
"19940","10020","2","3","2","89","124","204","42","452","258","C0428871"
"19941","3853","2","1","6","11","142","225","142","220","298","C0429349"
"19942","1230","2","5","4","68","96","326","427","548","672","C0429349"
"19943","1832","2","5","7","34","52","225","142","220","298","C0431109"
"19944","4853","2","3","12","19","124","143","428","236","667","C0431109"
"19945","2248","2","5","7","53","14","20","25","40","186","C0431362"
"19946","7472","2","5","3","68","221","197","259","560","422","C0431362"
"19947","2334","2","5","7","53","14","20","25","40","186","C0431362"
"19948","3621","2","3","12","19","31","1","426","55","78","C0431362"
"19949","55636","2","3","3","19","221","321","428","423","389","C0431362"
"19950","8898","2","3","5","80","81","296","399","362","468","C0431362"
"19951","6908","2","3","12","19","31","1","116","159","211","C0431362"
"19952","5914","2","3","3","19","151","276","91","433","118","C0431362"
"19953","3763","2","5","8","63","36","166","106","110","158","C0431362"
"19954","2260","2","5","7","53","14","20","25","40","186","C0431362"
"19955","26154","2","3","5","47","144","185","238","310","392","C0431362"
"19956","8838","2","5","7","53","51","342","259","423","389","C0431362"
"19957","10320","2","5","7","19","119","143","214","236","389","C0431362"
"19958","4000","2","3","12","26","105","178","226","297","156","C0431362"
"19959","3363","2","5","4","68","96","326","427","548","672","C0431362"
"19960","2626","2","3","12","19","31","118","155","287","116","C0431362"
"19961","1828","2","5","7","34","52","216","142","220","298","C0431362"
"19962","8292","2","5","5","27","51","342","454","573","492","C0431362"
"19963","2316","2","5","7","53","51","342","454","573","702","C0431362"
"19964","6513","2","5","7","90","216","337","448","565","562","C0431362"
"19965","5626","2","3","3","19","221","321","428","541","667","C0431363"
"19966","5916","2","3","3","19","151","276","91","433","118","C0431363"
"19967","1272","2","5","7","53","51","335","444","236","373","C0431363"
"19968","2263","2","5","7","53","14","20","25","40","186","C0431363"
"19969","5354","2","5","7","27","36","150","341","223","628","C0431363"
"19970","3481","2","5","7","53","51","342","454","573","492","C0431363"
"19971","7469","2","3","12","19","31","261","116","159","211","C0431363"
"19972","5913","2","5","7","27","36","71","341","223","219","C0431363"
"19973","9640","2","3","12","19","31","261","116","159","211","C0431363"
"19974","324","2","3","12","41","219","197","70","255","422","C0431363"
"19975","23765","2","3","12","41","219","238","252","489","416","C0431363"
"19976","3190","2","3","2","22","33","323","66","101","136","C0431363"
"19977","1420","2","3","6","63","45","160","362","177","673","C0431363"
"19978","5789","2","5","7","53","51","335","444","560","373","C0431363"
"19979","658","2","5","7","53","51","342","259","423","389","C0431368"
"19980","5420","2","5","7","34","52","342","454","64","492","C0431368"
"19981","7291","2","3","12","19","151","276","91","489","416","C0431368"
"19982","29920","2","3","2","101","62","189","182","497","617","C0431368"
"19983","3939","2","3","2","62","37","28","52","105","349","C0431368"
"19984","2067","2","3","12","19","31","261","116","1","86","C0431368"
"19985","26137","2","5","7","63","45","184","103","572","658","C0431368"
"19986","4893","2","5","7","34","52","24","30","46","72","C0431368"
"19987","2261","2","5","7","53","14","20","25","40","186","C0431368"
"19988","25953","2","3","2","67","92","293","137","75","664","C0431369"
"19989","29887","2","3","7","60","18","110","141","198","270","C0431369"
"19990","2130","2","3","2","22","33","323","66","491","609","C0431369"
"19991","5351","2","5","7","53","51","342","454","573","492","C0431370"
"19992","8799","2","3","5","43","161","305","409","208","482","C0431370"
"19993","2697","2","3","7","76","153","40","38","54","75","C0431370"
"19994","847","2","3","7","34","52","216","395","549","674","C0431370"
"19995","5144","2","3","4","68","96","326","427","548","672","C0431371"
"19996","10559","2","3","2","89","124","204","272","347","451","C0431371"
"19997","6239","2","3","12","19","119","330","214","454","144","C0431371"
"19998","3984","2","5","7","53","14","20","34","540","68","C0431371"
"19999","3730","2","5","7","53","14","20","25","40","186","C0431371"
"20000","4204","2","3","12","19","31","1","426","55","78","C0431371"
"20001","19","2","3","3","19","151","276","91","433","118","C0431371"
"20002","9640","2","3","12","19","31","261","116","159","211","C0431371"
"20003","374654","2","3","12","76","153","40","38","54","75","C0431371"
"20004","654","2","5","7","53","51","342","259","423","389","C0431371"
"20005","701","2","3","12","76","153","40","38","54","75","C0431371"
"20006","7466","2","5","7","53","51","342","454","573","492","C0431371"
"20007","10269","2","3","2","48","182","50","119","444","556","C0431371"
"20008","7871","2","3","12","76","137","76","136","472","435","C0431375"
"20009","9702","2","3","12","76","153","40","38","54","75","C0431375"
"20010","1717","2","3","2","19","151","276","48","69","204","C0431376"
"20011","8322","2","5","3","68","221","184","259","544","669","C0431376"
"20012","23522","2","3","12","19","31","1","426","55","78","C0431376"
"20013","4043","2","5","7","60","51","342","454","544","669","C0431376"
"20014","9569","2","3","12","19","31","276","91","433","118","C0431376"
"20015","11231","2","3","2","110","105","178","226","297","380","C0431376"
"20016","1559","2","3","5","91","214","226","11","348","172","C0431376"
"20017","4000","2","3","12","26","105","178","226","297","156","C0431376"
"20018","4854","2","5","7","53","51","143","428","236","667","C0431380"
"20019","55687","2","3","2","48","170","152","119","252","154","C0431380"
"20020","5859","2","3","2","110","85","237","433","547","154","C0431380"
"20021","9241","2","5","7","53","51","342","259","423","389","C0431380"
"20022","2313","2","3","12","19","31","276","91","433","118","C0431380"
"20023","5395","2","3","12","19","31","261","116","1","86","C0431380"
"20024","3691","2","5","7","53","51","342","454","573","492","C0431380"
"20025","4000","2","3","12","26","105","178","226","297","156","C0431380"
"20026","857","2","5","7","53","45","23","57","83","422","C0431380"
"20027","2260","2","5","7","53","14","20","25","40","186","C0431380"
"20028","2535","2","5","3","68","221","197","259","560","422","C0431380"
"20029","7274","2","3","5","43","161","99","162","216","290","C0431380"
"20030","811","2","3","2","41","116","342","423","536","342","C0431380"
"20031","185","2","5","4","68","96","326","427","548","672","C0431384"
"20032","776","2","5","8","63","36","166","341","390","158","C0431384"
"20033","3043","2","5","7","34","52","216","395","549","116","C0431384"
"20034","6885","2","3","12","41","219","339","156","568","697","C0431384"
"20035","7476","2","5","3","68","221","197","259","560","422","C0431391"
"20036","4000","2","3","12","26","105","178","226","297","156","C0431391"
"20037","10491","2","5","7","53","51","342","454","573","492","C0431391"
"20038","538","2","3","8","63","45","23","103","464","187","C0431391"
"20039","22948","2","3","12","76","137","76","136","472","435","C0431391"
"20040","4000","2","3","12","26","105","178","226","297","156","C0431399"
"20041","23594","2","3","12","76","153","261","116","1","86","C0431399"
"20042","7461","2","3","7","60","153","40","38","93","75","C0431399"
"20043","93","2","5","7","53","14","20","259","423","389","C0431399"
"20044","5781","2","5","7","53","14","20","25","40","186","C0431399"
"20045","5335","2","3","7","53","14","20","25","40","186","C0431399"
"20046","1410","2","3","12","63","45","23","38","54","187","C0431399"
"20047","3028","2","3","2","67","92","152","32","252","154","C0431399"
"20048","4591","2","3","12","41","116","268","434","468","213","C0431399"
"20049","7291","2","3","12","19","151","276","91","489","416","C0431399"
"20050","3748","2","5","8","63","36","166","106","110","158","C0431399"
"20051","6855","2","5","7","27","36","150","341","223","628","C0431399"
"20052","1146","2","5","8","27","70","99","162","216","290","C0431399"
"20053","6340","2","5","8","63","45","23","34","464","187","C0431399"
"20054","2218","2","5","2","53","123","194","255","560","373","C0431399"
"20055","53834","2","5","7","53","51","342","454","573","492","C0431399"
"20056","2006","2","5","7","53","51","342","454","573","492","C0431399"
"20057","3569","2","5","7","53","51","342","454","573","416","C0431399"
"20058","3851","2","3","12","76","153","40","38","54","75","C0431399"
"20059","10758","2","3","12","41","219","339","156","568","697","C0431401"
"20060","2239","2","3","2","74","51","342","454","573","492","C0431401"
"20061","7140","2","5","8","63","45","23","103","464","187","C0431406"
"20062","4842","2","3","5","63","45","71","177","464","219","C0431448"
"20063","5913","2","5","7","27","36","71","341","223","219","C0431448"
"20064","5566","2","3","12","76","14","20","34","540","75","C0431448"
"20065","26281","2","5","7","53","14","20","25","40","186","C0431448"
"20066","26160","2","3","12","76","153","40","38","54","75","C0431448"
"20067","8867","2","3","5","60","14","184","341","544","669","C0431448"
"20068","2658","2","5","7","53","51","342","259","423","389","C0431448"
"20069","3195","2","3","3","19","221","321","428","541","667","C0431448"
"20070","1134","2","5","8","27","70","99","162","216","290","C0431448"
"20071","790","2","3","12","41","219","339","347","206","627","C0431448"
"20072","641","2","3","12","19","31","261","116","1","86","C0431448"
"20073","9049","2","3","3","41","151","276","378","271","356","C0431448"
"20074","5376","2","5","7","53","51","342","454","573","492","C0431448"
"20075","2911","2","5","4","68","96","326","427","548","672","C0431527"
"20076","3756","2","5","8","63","36","166","106","110","158","C0431527"
"20077","10585","2","5","2","27","206","324","430","215","290","C0431564"
"20078","4308","2","5","8","63","45","193","306","390","158","C0431564"
"20079","9581","2","3","5","27","36","150","76","223","628","C0431564"
"20080","3952","2","5","3","53","151","276","91","433","118","C0431564"
"20081","27445","2","5","7","60","36","71","341","223","624","C0431565"
"20082","4540","2","3","2","48","170","50","119","444","556","C0431565"
"20083","4952","2","3","5","60","54","184","30","544","669","C0431565"
"20084","948","2","5","7","34","52","216","91","433","702","C0431565"
"20085","10013","2","3","12","19","31","143","91","236","311","C0431659"
"20086","7355","2","3","2","78","206","324","430","429","544","C0431659"
"20087","667","2","5","7","53","51","342","454","573","492","C0431659"
"20088","8754","2","5","7","53","51","342","454","573","492","C0431659"
"20089","10804","2","3","12","76","153","40","38","54","75","C0431659"
"20090","974","2","5","7","53","51","119","395","549","674","C0431659"
"20091","7043","2","5","7","53","51","342","454","573","492","C0431659"
"20092","4864","2","3","5","48","152","184","341","544","669","C0431659"
"20093","5443","2","5","4","68","96","326","427","548","672","C0431659"
"20094","4539","2","3","2","53","184","86","107","560","195","C0431659"
"20095","4541","2","3","2","48","170","50","119","444","24","C0431659"
"20096","5993","2","3","12","19","31","1","426","55","78","C0431659"
"20097","1785","2","5","7","60","14","184","341","544","669","C0431659"
"20098","1041","2","1","6","11","142","225","142","220","298","C0431659"
"20099","2625","2","3","12","19","31","339","155","287","116","C0431659"
"20100","595","2","3","12","19","31","1","426","489","416","C0431659"
"20101","113278","2","3","5","38","190","304","408","517","637","C0431659"
"20102","7048","2","5","7","53","51","342","259","423","389","C0431659"
"20103","1497","2","5","2","63","182","50","103","297","628","C0431659"
"20104","5594","2","5","7","34","14","20","34","540","274","C0431659"
"20105","26277","2","3","12","19","31","1","426","1","78","C0431659"
"20106","9213","2","5","7","68","96","184","219","380","666","C0431659"
"20107","9499","2","5","7","53","51","23","103","464","187","C0431659"
"20108","5077","2","3","3","19","221","321","428","541","667","C0431659"
"20109","153","2","5","4","68","96","326","427","548","672","C0431663"
"20110","2934","2","5","7","34","52","216","395","549","674","C0431663"
"20111","4000","2","3","12","26","105","178","226","297","156","C0431663"
"20112","5144","2","3","4","68","96","326","427","548","672","C0431664"
"20113","6281","2","5","7","34","52","216","395","572","327","C0431664"
"20114","23203","2","3","5","80","81","50","304","167","593","C0431693"
"20115","6235","2","3","2","110","85","237","433","547","671","C0431693"
"20116","55704","2","3","12","76","153","40","38","54","75","C0431718"
"20117","7040","2","5","7","53","51","342","454","573","492","C0431718"
"20118","2677","2","5","7","53","51","342","454","573","492","C0431718"
"20119","8200","2","5","7","53","51","342","259","423","389","C0431718"
"20120","5728","2","3","5","80","81","339","156","568","605","C0431718"
"20121","1896","2","5","12","41","219","339","156","568","697","C0431863"
"20122","617","2","3","2","48","170","50","304","167","593","C0431863"
"20123","1729","2","5","7","34","52","216","395","549","674","C0431863"
"20124","10804","2","3","12","76","153","40","38","54","75","C0431863"
"20125","9897","2","3","12","76","18","75","38","1","212","C0431863"
"20126","7508","2","3","12","19","31","261","116","1","664","C0431863"
"20127","7043","2","5","7","53","51","342","454","573","492","C0431863"
"20128","3953","2","5","7","53","14","20","25","40","186","C0431863"
"20129","401","2","3","3","19","221","321","428","541","667","C0431863"
"20130","1356","2","3","7","53","51","342","454","573","492","C0431863"
"20131","2263","2","5","7","53","14","20","25","40","186","C0431863"
"20132","6340","2","5","8","63","45","23","34","464","187","C0431863"
"20133","4318","2","5","7","34","52","216","395","573","492","C0431890"
"20134","7050","2","3","12","19","31","321","428","541","667","C0431890"
"20135","10559","2","3","2","89","124","204","272","347","451","C0431890"
"20136","4318","2","5","7","34","52","216","395","573","492","C0431890"
"20137","26191","2","5","7","53","14","20","25","40","186","C0431890"
"20138","3115","2","5","7","53","184","119","156","287","116","C0431890"
"20139","26503","2","3","2","89","124","204","272","347","442","C0431890"
"20140","51067","2","3","2","110","85","67","76","252","154","C0431890"
"20141","383","2","3","7","34","52","216","395","549","674","C0431890"
"20142","7428","2","3","12","41","116","268","434","468","213","C0431890"
"20143","4089","2","3","12","19","219","339","259","423","605","C0431890"
"20144","2182","2","3","2","67","92","265","284","147","235","C0431890"
"20145","51103","2","3","2","48","170","50","119","444","556","C0431890"
"20146","8643","2","5","3","68","221","197","259","560","422","C0431890"
"20147","6005","2","3","2","16","197","45","155","78","695","C0431890"
"20148","4541","2","3","2","48","170","50","119","444","24","C0431890"
"20149","6337","2","5","8","63","45","23","34","464","187","C0431890"
"20150","23639","2","3","12","41","219","261","136","271","356","C0431890"
"20151","6683","2","3","12","76","153","40","38","54","75","C0431890"
"20152","6323","2","5","8","63","36","166","341","390","158","C0431890"
"20153","5257","2","3","7","34","45","23","103","464","187","C0431890"
"20154","8803","2","3","8","67","92","293","55","75","311","C0431890"
"20155","9897","2","3","12","76","18","75","38","1","212","C0431890"
"20156","8869","2","3","2","89","124","204","272","347","451","C0431890"
"20157","1387","2","3","12","19","31","276","91","433","118","C0431890"
"20158","29954","2","5","2","27","206","324","430","215","290","C0431890"
"20159","55135","2","3","12","76","137","76","136","472","435","C0431943"
"20160","1146","2","5","8","27","70","99","162","216","290","C0431943"
"20161","29078","2","3","2","48","170","50","119","444","556","C0432028"
"20162","2121","2","3","12","41","116","268","434","568","605","C0432028"
"20163","2629","2","3","5","80","81","250","291","152","420","C0432028"
"20164","4693","2","5","7","53","51","342","454","573","492","C0432040"
"20165","6678","2","5","7","53","51","342","454","573","492","C0432040"
"20166","3439","2","3","12","19","184","118","155","287","116","C0432040"
"20167","3796","2","3","12","76","153","40","38","54","75","C0432040"
"20168","132","2","3","2","110","85","237","433","80","394","C0432040"
"20169","760","2","3","5","35","41","77","40","78","178","C0432040"
"20170","8443","2","3","5","43","161","305","409","208","482","C0432040"
"20171","7039","2","3","12","19","31","1","426","55","203","C0432040"
"20172","1586","2","3","5","79","98","256","335","425","540","C0432040"
"20173","29851","2","5","7","53","14","20","25","40","186","C0432040"
"20174","860","2","3","12","19","31","276","91","433","118","C0432040"
"20175","7545","2","5","3","34","52","216","142","220","298","C0432040"
"20176","6496","2","3","3","19","221","321","428","541","667","C0432040"
"20177","22856","2","3","2","78","189","303","251","320","403","C0432040"
"20178","7200","2","5","4","68","96","326","427","548","672","C0432040"
"20179","4726","2","3","2","48","170","50","119","444","556","C0432040"
"20180","6495","2","3","3","19","221","321","428","541","667","C0432040"
"20181","275","2","3","5","106","104","214","70","377","488","C0432040"
"20182","10516","2","5","7","53","51","342","454","573","492","C0432040"
"20183","2645","2","3","2","90","167","266","367","101","664","C0432040"
"20184","6154","2","3","2","110","85","237","433","547","671","C0432040"
"20185","3265","2","5","7","60","54","24","30","46","72","C0432040"
"20186","1836","2","3","2","35","41","94","260","330","375","C0432040"
"20187","8450","2","3","12","41","116","268","434","468","213","C0432055"
"20188","7157","2","3","12","19","31","261","402","489","551","C0432055"
"20189","50","2","3","5","80","81","50","304","167","593","C0432055"
"20190","22948","2","3","12","76","137","76","136","472","435","C0432055"
"20191","5096","2","3","2","48","40","130","166","127","173","C0432055"
"20192","6662","2","3","3","19","221","321","428","541","667","C0432055"
"20193","5744","2","5","4","68","96","326","427","548","672","C0432055"
"20194","4141","2","3","2","110","85","237","433","547","154","C0432055"
"20195","368","2","3","12","41","116","268","423","536","445","C0432055"
"20196","2752","2","3","2","101","62","189","182","509","409","C0432073"
"20197","4038","2","5","7","53","51","342","454","573","492","C0432073"
"20198","5728","2","3","5","80","81","339","156","568","605","C0432073"
"20199","538","2","3","8","63","45","23","103","464","187","C0432073"
"20200","3516","2","3","12","19","31","143","428","236","667","C0432073"
"20201","4361","2","3","12","19","31","261","116","1","86","C0432073"
"20202","2592","2","3","2","68","117","196","257","326","419","C0432073"
"20203","1080","2","3","12","41","219","339","156","544","669","C0432073"
"20204","7507","2","3","12","19","31","261","116","1","86","C0432073"
"20205","3767","2","5","8","63","36","166","106","110","158","C0432073"
"20206","2694","2","5","7","48","51","105","139","186","245","C0432090"
"20207","3845","2","5","7","60","54","24","30","46","72","C0432090"
"20208","7994","2","3","12","19","31","1","426","55","78","C0432098"
"20209","28956","2","5","7","34","52","216","395","359","462","C0432098"
"20210","3852","2","1","6","11","142","225","142","220","298","C0432098"
"20211","3553","2","5","7","53","51","119","25","489","416","C0432103"
"20212","2099","2","3","12","19","151","276","91","433","118","C0432103"
"20213","10483","2","3","7","60","54","24","30","46","72","C0432103"
"20214","2074","2","3","12","19","31","1","426","55","78","C0432103"
"20215","5261","2","5","7","53","14","20","34","540","68","C0432103"
"20216","3636","2","3","5","80","14","20","25","40","186","C0432103"
"20217","4703","2","5","7","60","45","23","103","464","187","C0432103"
"20218","6041","2","3","12","53","184","119","156","287","116","C0432103"
"20219","55145","2","3","2","22","33","225","142","220","140","C0432103"
"20220","26034","2","5","7","60","54","24","30","46","72","C0432103"
"20221","8626","2","3","3","19","221","321","428","541","667","C0432103"
"20222","9968","2","4","3","24","119","330","214","454","144","C0432122"
"20223","1311","2","5","7","53","51","342","454","573","492","C0432122"
"20224","2066","2","5","7","53","14","20","25","40","186","C0432123"
"20225","4286","2","3","12","19","31","261","116","1","664","C0432123"
"20226","10535","2","3","12","76","153","40","38","54","75","C0432123"
"20227","2876","2","3","5","80","81","110","378","173","229","C0432123"
"20228","1290","2","5","7","53","51","342","454","573","492","C0432123"
"20229","617","2","3","2","48","170","50","304","167","593","C0432123"
"20230","4893","2","5","7","34","52","24","30","46","72","C0432163"
"20231","3561","2","5","7","53","14","20","25","40","186","C0432163"
"20232","3030","2","3","2","48","57","339","44","65","31","C0432163"
"20233","3043","2","5","7","34","52","216","395","549","116","C0432163"
"20234","27031","2","3","6","11","142","225","38","331","506","C0432163"
"20235","4901","2","5","3","19","151","276","91","433","673","C0432163"
"20236","7048","2","5","7","53","51","342","259","423","389","C0432163"
"20237","4982","2","5","12","41","219","339","156","568","697","C0432163"
"20238","9928","2","3","12","76","153","40","38","54","75","C0432163"
"20239","6310","2","3","12","22","142","225","366","362","468","C0432163"
"20240","1186","2","5","8","63","45","23","34","464","187","C0432163"
"20241","9829","2","5","7","60","14","184","341","544","669","C0432163"
"20242","55624","2","3","2","78","123","194","255","215","412","C0432163"
"20243","7518","2","3","12","19","31","261","116","1","86","C0432163"
"20244","5994","2","3","12","19","31","276","91","491","118","C0432163"
"20245","545","2","3","12","19","31","261","116","1","86","C0432163"
"20246","7471","2","5","3","68","221","197","259","560","422","C0432163"
"20247","2629","2","3","5","80","81","250","291","152","420","C0432185"
"20248","4519","2","3","2","48","170","50","119","508","312","C0432185"
"20249","1584","2","3","5","79","159","256","276","353","456","C0432185"
"20250","5995","2","5","4","68","96","326","427","548","672","C0432194"
"20251","3082","2","5","7","53","51","342","25","40","186","C0432194"
"20252","3977","2","5","7","53","51","119","25","40","416","C0432197"
"20253","726","2","5","7","53","51","342","454","573","492","C0432197"
"20254","1278","2","5","7","53","51","342","454","573","492","C0432197"
"20255","3845","2","5","7","60","54","24","30","46","72","C0432197"
"20256","6392","2","3","2","48","170","50","119","444","556","C0432197"
"20257","51715","2","5","7","60","54","24","30","46","72","C0432211"
"20258","2896","2","5","7","34","52","216","395","549","674","C0432211"
"20259","9247","2","5","7","53","221","197","259","423","389","C0432211"
"20260","10060","2","3","8","41","45","23","423","464","445","C0432211"
"20261","71","2","5","7","60","14","184","103","544","669","C0432211"
"20262","1482","2","3","3","19","221","321","428","541","667","C0432211"
"20263","2147","2","5","7","68","51","342","454","573","492","C0432211"
"20264","50846","2","3","3","68","221","197","259","560","422","C0432211"
"20265","2317","2","5","7","63","45","23","103","287","664","C0432211"
"20266","545","2","3","12","19","31","261","116","1","86","C0432226"
"20267","200728","2","5","7","45","94","199","240","415","666","C0432226"
"20268","673","2","5","7","53","14","20","34","540","68","C0432235"
"20269","6622","2","3","7","27","36","150","341","223","628","C0432235"
"20270","2556","2","5","8","27","70","99","162","216","290","C0432235"
"20271","7157","2","3","12","19","31","261","402","489","551","C0432235"
"20272","6154","2","3","2","110","85","237","433","547","671","C0432235"
"20273","4920","2","5","7","53","14","20","259","560","373","C0432242"
"20274","1291","2","5","7","53","51","342","454","573","492","C0432242"
"20275","5914","2","3","3","19","151","276","91","433","118","C0432253"
"20276","51082","2","3","2","19","31","1","426","55","78","C0432253"
"20277","10002","2","3","3","19","151","276","91","433","118","C0432255"
"20278","3284","2","3","2","69","98","169","299","183","243","C0432255"
"20279","2177","2","3","2","110","90","261","431","545","443","C0432261"
"20280","8260","2","3","12","41","85","266","76","287","78","C0432261"
"20281","8450","2","3","12","41","116","268","434","468","213","C0432272"
"20282","5034","2","5","7","53","51","342","454","573","492","C0432272"
"20283","2737","2","3","12","19","116","321","428","54","667","C0432284"
"20284","5075","2","3","3","19","221","321","428","541","667","C0432284"
"20285","6010","2","5","4","68","96","326","427","548","672","C0432291"
"20286","847","2","3","7","34","52","216","395","549","674","C0432291"
"20287","8200","2","5","7","53","51","342","259","423","389","C0432316"
"20288","629","2","5","7","53","51","119","395","549","674","C0432316"
"20289","1184","2","5","8","63","45","23","34","464","187","C0432321"
"20290","2697","2","3","7","76","153","40","38","54","75","C0432321"
"20291","7042","2","5","7","53","51","342","454","573","492","C0432321"
"20292","1285","2","5","7","53","51","342","454","573","492","C0432333"
"20293","6657","2","3","12","19","221","321","428","541","667","C0432333"
"20294","3756","2","5","8","63","36","166","106","110","158","C0432333"
"20295","6399","2","5","7","60","54","24","30","46","72","C0432333"
"20296","5320","2","3","5","116","183","295","398","243","561","C0432333"
"20297","7015","2","3","12","19","31","1","426","55","78","C0432333"
"20298","7025","2","3","3","19","151","276","91","433","118","C0432333"
"20299","9533","2","3","2","19","31","1","426","55","78","C0432333"
"20300","1301","2","5","7","53","51","342","454","573","492","C0432333"
"20301","3000","2","5","4","68","96","326","427","548","672","C0432333"
"20302","5476","2","3","7","34","52","216","395","152","310","C0432333"
"20303","10020","2","3","2","89","124","204","42","452","258","C0432333"
"20304","7001","2","3","5","80","81","110","141","359","229","C0432333"
"20305","3767","2","5","8","63","36","166","106","110","158","C0432333"
"20306","3339","2","5","7","53","51","342","454","573","492","C0432333"
"20307","3586","2","5","7","53","51","119","25","489","416","C0432333"
"20308","355","2","3","7","41","219","339","156","568","697","C0432333"
"20309","89891","2","3","12","76","153","40","38","54","75","C0432333"
"20310","7040","2","5","7","53","51","342","454","573","492","C0432333"
"20311","8878","2","3","12","41","219","339","156","568","697","C0432333"
"20312","4750","2","5","12","76","14","20","34","540","68","C0432333"
"20313","1146","2","5","8","27","70","99","162","216","290","C0432333"
"20314","4436","2","3","12","19","31","261","116","1","86","C0432333"
"20315","2138","2","3","12","19","31","1","426","55","78","C0432333"
"20316","3655","2","5","7","53","51","342","454","573","492","C0432336"
"20317","7080","2","3","3","19","221","321","428","541","667","C0432336"
"20318","2202","2","5","7","53","51","342","454","573","492","C0432347"
"20319","1298","2","5","7","53","51","342","454","573","492","C0432347"
"20320","9533","2","3","2","19","31","1","426","55","78","C0432355"
"20321","8642","2","5","7","53","51","335","444","560","373","C0432355"
"20322","6323","2","5","8","63","36","166","341","390","158","C0432355"
"20323","3480","2","5","7","53","14","20","25","40","186","C0432355"
"20324","5261","2","5","7","53","14","20","34","540","68","C0432355"
"20325","1301","2","5","7","53","51","342","454","573","492","C0432355"
"20326","5950","2","5","7","53","51","101","126","170","224","C0432355"
"20327","5080","2","3","3","19","221","321","428","541","667","C0432355"
"20328","9891","2","3","12","53","14","20","34","540","68","C0432355"
"20329","84152","2","3","12","76","45","23","402","518","621","C0432355"
"20330","5781","2","5","7","53","14","20","25","40","186","C0432355"
"20331","79465","2","5","7","53","51","119","395","549","674","C0432355"
"20332","26277","2","3","12","19","31","1","426","1","78","C0432355"
"20333","7466","2","5","7","53","51","342","454","573","492","C0432355"
"20334","2165","2","5","7","53","51","342","454","573","492","C0432355"
"20335","22995","2","3","12","76","153","40","38","54","75","C0432355"
"20336","3636","2","3","5","80","14","20","25","40","186","C0432363"
"20337","10815","2","5","7","60","36","71","341","223","666","C0432363"
"20338","721","2","5","7","53","51","342","454","573","492","C0432363"
"20339","9927","2","3","12","19","31","118","155","287","116","C0432475"
"20340","2770","2","5","4","68","96","326","427","548","672","C0432475"
"20341","4988","2","5","4","68","96","326","427","548","672","C0432475"
"20342","4715","2","3","2","48","170","50","119","444","556","C0442880"
"20343","10892","2","5","7","53","219","119","156","568","697","C0442880"
"20344","8626","2","3","3","19","221","321","428","541","667","C0445347"
"20345","3930","2","3","2","22","33","323","66","3","464","C0445347"
"20346","6334","2","5","8","63","36","166","341","223","158","C0445347"
"20347","6909","2","5","7","53","51","335","444","560","373","C0445347"
"20348","4990","2","3","3","19","221","321","428","541","667","C0445347"
"20349","7080","2","3","3","19","221","321","428","541","667","C0445347"
"20350","1280","2","5","7","53","51","342","454","573","492","C0445347"
"20351","6334","2","5","8","63","36","166","341","223","158","C0447996"
"20352","8517","2","3","12","41","219","339","156","568","697","C0447996"
"20353","4148","2","5","7","53","51","342","454","573","492","C0451641"
"20354","8878","2","3","12","41","219","339","156","568","697","C0451641"
"20355","113189","2","3","2","103","112","197","249","318","97","C0451695"
"20356","2332","2","3","2","22","33","71","373","466","609","C0451695"
"20357","23545","2","3","5","29","88","132","85","222","346","C0451695"
"20358","203286","2","5","7","50","30","193","306","148","624","C0451695"
"20359","5770","2","5","7","53","14","20","25","40","186","C0451696"
"20360","6916","2","3","5","91","175","119","167","224","301","C0451696"
"20361","23742","2","5","5","68","96","326","427","447","586","C0451696"
"20362","64109","2","3","12","53","14","20","25","40","186","C0451696"
"20363","4548","2","3","2","15","85","105","139","186","245","C0452138"
"20364","1235","2","5","4","68","96","326","427","548","672","C0452138"
"20365","240","2","3","7","34","52","216","395","489","416","C0452138"
"20366","5950","2","5","7","53","51","101","126","170","224","C0452138"
"20367","7490","2","3","3","19","221","321","428","541","667","C0452138"
"20368","5605","2","5","7","53","14","20","34","540","68","C0452138"
"20369","4609","2","3","12","19","31","1","160","107","416","C0452138"
"20370","6584","2","3","8","45","94","199","240","415","666","C0452138"
"20371","1029","2","3","12","19","31","1","116","1","664","C0452138"
"20372","4668","2","3","5","21","111","188","242","313","396","C0452138"
"20373","5979","2","5","7","53","14","20","25","40","186","C0452138"
"20374","7148","2","5","7","53","51","342","454","573","492","C0452138"
"20375","9451","2","3","2","110","51","335","226","297","380","C0452138"
"20376","5339","2","5","7","53","51","342","454","573","492","C0452138"
"20377","3426","2","5","7","53","51","119","395","549","674","C0452138"
"20378","9241","2","5","7","53","51","342","259","423","389","C0452138"
"20379","6901","2","3","2","48","170","50","304","167","593","C0452138"
"20380","6663","2","3","3","19","221","321","428","541","667","C0452138"
"20381","2057","2","5","7","53","14","20","25","40","186","C0452147"
"20382","1406","2","3","3","19","221","321","428","541","667","C0452147"
"20383","72","2","5","8","63","45","23","103","464","187","C0452148"
"20384","1286","2","5","7","53","51","342","454","573","492","C0452148"
"20385","5264","2","3","5","43","161","305","409","208","482","C0452148"
"20386","2707","2","3","12","76","153","40","38","54","75","C0452148"
"20387","7480","2","5","3","68","221","197","259","560","422","C0452148"
"20388","207","2","3","7","53","14","20","34","489","416","C0452168"
"20389","5173","2","5","4","68","96","326","427","548","672","C0452168"
"20390","9657","2","3","12","76","153","40","38","54","75","C0454455"
"20391","56729","2","5","7","34","52","216","395","549","674","C0454455"
"20392","10371","2","5","7","53","51","342","79","560","373","C0454455"
"20393","5354","2","5","7","27","36","150","341","223","628","C0454455"
"20394","5339","2","5","7","53","51","342","454","573","492","C0454455"
"20395","2271","2","3","5","80","81","166","170","226","305","C0454455"
"20396","7879","2","5","7","34","54","24","30","46","72","C0454455"
"20397","50940","2","3","4","68","96","326","427","548","672","C0454455"
"20398","3558","2","5","7","53","14","20","25","40","186","C0454596"
"20399","2517","2","3","7","34","52","216","395","549","674","C0454596"
"20400","1822","2","3","12","19","31","1","426","55","462","C0454641"
"20401","5130","2","3","2","85","143","286","51","488","102","C0454641"
"20402","2261","2","5","7","53","14","20","25","40","186","C0455503"
"20403","1280","2","5","7","53","51","342","454","573","492","C0455503"
"20404","1487","2","3","12","19","31","1","426","55","340","C0455988"
"20405","64170","2","3","12","41","219","339","156","568","697","C0455988"
"20406","51651","2","3","12","41","219","339","156","568","605","C0455988"
"20407","4089","2","3","12","19","219","339","259","423","605","C0455988"
"20408","2132","2","3","2","74","58","112","148","193","263","C0455988"
"20409","6338","2","5","8","63","45","23","34","464","187","C0455988"
"20410","4627","2","5","7","63","45","184","103","572","658","C0455988"
"20411","5077","2","3","3","19","221","321","428","541","667","C0455988"
"20412","51114","2","5","5","68","96","326","162","216","290","C0455988"
"20413","1131","2","5","4","68","96","326","427","548","672","C0457013"
"20414","10801","2","3","12","76","108","293","141","305","387","C0457013"
"20415","182","2","5","7","53","51","143","428","236","667","C0457133"
"20416","1991","2","5","7","34","52","216","395","549","674","C0457133"
"20417","10516","2","5","7","53","51","342","454","573","492","C0457133"
"20418","2130","2","3","2","22","33","323","66","491","609","C0457133"
"20419","987","2","3","6","48","94","279","347","330","304","C0457133"
"20420","3039","2","3","5","35","41","118","155","287","116","C0457133"
"20421","1026","2","3","12","19","31","1","116","489","416","C0457133"
"20422","1130","2","5","7","60","54","326","141","359","462","C0457133"
"20423","6628","2","3","2","22","33","323","66","101","136","C0457756"
"20424","6885","2","3","12","41","219","339","156","568","697","C0457756"
"20425","7031","2","3","12","19","31","1","426","55","78","C0457756"
"20426","6873","2","3","12","19","31","261","116","159","211","C0457756"
"20427","7124","2","3","12","41","219","339","156","568","697","C0457756"
"20428","1001","2","5","7","53","51","335","444","560","373","C0457756"
"20429","2255","2","5","7","53","14","20","25","40","186","C0472813"
"20430","29110","2","3","12","41","219","339","156","568","697","C0472813"
"20431","3172","2","3","3","19","151","276","91","433","118","C0473133"
"20432","5192","2","3","5","43","161","305","409","208","482","C0473133"
"20433","410","2","3","7","34","52","216","395","549","674","C0473133"
"20434","9321","2","3","12","76","153","40","38","54","203","C0473133"
"20435","4920","2","5","7","53","14","20","259","560","373","C0473133"
"20436","7516","2","3","12","19","31","261","116","1","86","C0473133"
"20437","6469","2","5","3","53","221","197","259","560","422","C0473219"
"20438","84665","2","5","7","53","51","119","103","464","674","C0473219"
"20439","3078","2","5","7","53","51","119","395","549","674","C0473311"
"20440","207","2","3","7","53","14","20","34","489","416","C0473311"
"20441","7124","2","3","12","41","219","339","156","568","697","C0473527"
"20442","51119","2","3","2","110","85","237","433","547","671","C0473527"
"20443","175","2","3","7","34","52","216","395","549","674","C0473527"
"20444","1788","2","3","12","19","31","1","426","55","78","C0473527"
"20445","3000","2","5","4","68","96","326","427","548","672","C0473527"
"20446","25974","2","3","7","48","51","105","139","186","245","C0473527"
"20447","54187","2","3","5","80","81","296","272","452","148","C0473527"
"20448","7044","2","5","7","53","51","342","454","573","702","C0473527"
"20449","4054","2","5","7","53","51","342","454","573","492","C0473527"
"20450","9056","2","3","8","45","94","199","240","415","666","C0473527"
"20451","8148","2","3","12","19","31","261","116","159","211","C0473586"
"20452","5961","2","5","7","27","51","326","126","414","702","C0473586"
"20453","11277","2","3","12","19","31","261","116","1","86","C0474420"
"20454","7132","2","3","12","41","219","339","156","568","697","C0474420"
"20455","9101","2","3","12","41","219","339","156","568","605","C0474585"
"20456","6497","2","5","3","19","221","342","259","423","389","C0474585"
"20457","4867","2","5","7","76","153","40","38","54","75","C0474819"
"20458","7097","2","5","7","34","52","216","395","549","674","C0474819"
"20459","6571","2","3","8","60","36","71","341","223","624","C0475732"
"20460","4001","2","3","12","76","31","40","38","54","75","C0475732"
"20461","5176","2","5","7","53","51","342","454","573","492","C0475732"
"20462","6310","2","3","12","22","142","225","366","362","468","C0475813"
"20463","9126","2","3","12","76","153","40","38","54","75","C0475813"
"20464","445","2","3","2","84","97","167","210","278","360","C0476089"
"20465","2253","2","5","7","53","14","20","25","40","186","C0476089"
"20466","10312","2","3","7","34","52","216","395","549","674","C0476089"
"20467","4703","2","5","7","60","45","23","103","464","187","C0476089"
"20468","4763","2","5","7","60","54","24","30","46","214","C0476089"
"20469","5251","2","3","5","80","81","296","474","593","722","C0476089"
"20470","1828","2","5","7","34","52","216","142","220","298","C0476254"
"20471","1487","2","3","12","19","31","1","426","55","340","C0476254"
"20472","6049","2","3","12","41","116","268","434","468","213","C0476254"
"20473","1583","2","3","5","79","152","273","375","100","589","C0476254"
"20474","2542","2","3","5","80","81","296","399","500","577","C0476254"
"20475","5000","2","3","12","76","31","261","116","1","86","C0476254"
"20476","7020","2","3","12","19","31","276","91","433","664","C0476254"
"20477","3984","2","5","7","53","14","20","34","540","68","C0476254"
"20478","11107","2","3","12","19","31","1","426","55","78","C0476254"
"20479","23400","2","5","8","63","45","23","103","464","187","C0476254"
"20480","1836","2","3","2","35","41","94","260","330","375","C0476369"
"20481","1050","2","3","12","19","151","276","91","433","118","C0476369"
"20482","1145","2","5","8","27","70","99","162","216","290","C0476408"
"20483","2673","2","3","2","110","94","178","226","297","380","C0476408"
"20484","410","2","3","7","34","52","216","395","549","674","C0476489"
"20485","7468","2","3","12","19","31","1","426","55","78","C0476489"
"20486","6591","2","3","12","19","31","1","426","55","78","C0477341"
"20487","2302","2","3","12","76","153","40","38","54","75","C0477341"
"20488","5605","2","5","7","53","14","20","34","540","68","C0477341"
"20489","5428","2","3","2","48","170","50","119","167","593","C0477341"
"20490","4256","2","5","7","53","51","342","454","573","492","C0477341"
"20491","2617","2","3","2","110","85","237","433","252","154","C0494261"
"20492","2034","2","3","12","41","116","268","434","468","213","C0494261"
"20493","27235","2","3","2","48","170","50","304","167","593","C0494261"
"20494","1026","2","3","12","19","31","1","116","489","416","C0494261"
"20495","5830","2","3","5","43","161","305","409","208","482","C0494261"
"20496","23363","2","3","12","41","116","268","434","468","213","C0496897"
"20497","8629","2","3","12","19","221","1","428","541","667","C0496897"
"20498","5728","2","3","5","80","81","339","156","568","605","C0496897"
"20499","2175","2","3","12","19","31","261","116","1","86","C0497202"
"20500","10166","2","3","2","84","97","167","210","278","360","C0497202"
"20501","1749","2","3","3","19","221","321","428","541","667","C0497202"
"20502","4359","2","5","7","53","51","342","454","573","492","C0497202"
"20503","9420","2","3","5","79","159","256","215","282","366","C0497202"
"20504","9573","2","5","7","53","51","342","259","423","389","C0497202"
"20505","25828","2","3","2","80","81","110","378","173","229","C0497202"
"20506","26119","2","5","7","60","14","184","341","544","669","C0497202"
"20507","60","2","3","12","60","45","184","155","287","78","C0497202"
"20508","8600","2","5","7","41","219","339","156","568","697","C0497202"
"20509","2773","2","5","4","68","96","326","427","548","672","C0497202"
"20510","26873","2","3","5","83","171","97","237","77","391","C0497202"
"20511","5479","2","3","2","53","51","342","454","573","492","C0497202"
"20512","2189","2","3","12","19","31","261","116","1","86","C0497202"
"20513","3458","2","5","7","53","184","119","156","287","116","C0497202"
"20514","7048","2","5","7","53","51","342","259","423","389","C0497202"
"20515","4593","2","5","7","53","14","20","454","573","492","C0497202"
"20516","7291","2","3","12","19","151","276","91","489","416","C0497202"
"20517","2153","2","5","7","53","51","342","454","573","492","C0497202"
"20518","9321","2","3","12","76","153","40","38","54","203","C0497538"
"20519","29089","2","3","12","41","116","268","434","468","213","C0497538"
"20520","6674","2","3","12","48","57","50","38","54","462","C0497552"
"20521","7421","2","3","3","19","151","276","91","433","118","C0497552"
"20522","7809","2","5","8","63","45","23","34","464","187","C0497552"
"20523","2990","2","3","7","34","52","216","395","549","674","C0497552"
"20524","30008","2","5","7","53","51","342","454","573","492","C0497552"
"20525","3295","2","3","5","43","161","305","409","208","482","C0497552"
"20526","4175","2","3","12","76","31","261","116","1","86","C0497552"
"20527","5573","2","3","12","19","184","118","155","287","116","C0497552"
"20528","5932","2","3","12","19","31","261","116","1","86","C0497552"
"20529","2624","2","3","12","19","31","1","155","287","116","C0497552"
"20530","2688","2","5","7","53","51","119","25","40","186","C0497552"
"20531","3908","2","5","7","53","51","342","454","573","492","C0497552"
"20532","5077","2","3","3","19","221","321","428","541","667","C0497552"
"20533","5015","2","3","3","19","221","321","428","541","667","C0497552"
"20534","1311","2","5","7","53","51","342","454","573","492","C0497552"
"20535","8803","2","3","8","67","92","293","55","75","311","C0497552"
"20536","55624","2","3","2","78","123","194","255","215","412","C0497552"
"20537","4854","2","5","7","53","51","143","428","236","667","C0497552"
"20538","7248","2","3","2","48","57","110","141","359","462","C0497552"
"20539","3691","2","5","7","53","51","342","454","573","492","C0497552"
"20540","2121","2","3","12","41","116","268","434","568","605","C0518988"
"20541","3636","2","3","5","80","14","20","25","40","186","C0518988"
"20542","54757","2","5","7","53","51","342","454","573","492","C0520459"
"20543","9719","2","5","7","53","51","342","454","573","492","C0520459"
"20544","7337","2","3","12","41","116","268","434","468","213","C0520459"
"20545","1497","2","5","2","63","182","50","103","297","628","C0520459"
"20546","2562","2","5","8","27","70","99","162","216","290","C0520459"
"20547","51547","2","3","2","110","85","237","433","547","671","C0520459"
"20548","27229","2","3","12","76","153","40","38","54","75","C0520459"
"20549","5465","2","3","3","19","151","276","91","433","118","C0520459"
"20550","2077","2","3","12","76","153","40","38","54","75","C0520459"
"20551","54880","2","3","12","19","31","1","426","55","78","C0520459"
"20552","324","2","3","12","41","219","197","70","255","422","C0520459"
"20553","271","2","3","5","33","6","241","233","304","386","C0520459"
"20554","1415","2","3","6","63","45","160","362","177","673","C0520459"
"20555","4843","2","3","5","43","161","305","409","489","416","C0520459"
"20556","10082","2","3","2","74","51","342","454","573","492","C0520459"
"20557","6736","2","3","12","19","31","276","91","433","667","C0520459"
"20558","25978","2","3","2","48","57","110","141","359","462","C0520459"
"20559","9935","2","3","12","19","31","1","426","55","78","C0520463"
"20560","7466","2","5","7","53","51","342","454","573","492","C0520463"
"20561","54567","2","5","7","53","51","143","428","236","667","C0520463"
"20562","1890","2","3","5","80","81","296","62","94","150","C0520474"
"20563","55135","2","3","12","76","137","76","136","472","435","C0520474"
"20564","1431","2","3","2","48","92","50","304","167","593","C0520474"
"20565","5589","2","5","7","53","51","342","454","573","492","C0520474"
"20566","3670","2","3","2","110","85","237","433","547","671","C0520474"
"20567","2178","2","3","12","19","31","261","116","1","86","C0520474"
"20568","84627","2","3","2","48","170","50","347","167","593","C0520474"
"20569","51684","2","3","12","41","116","268","38","54","75","C0520474"
"20570","5771","2","5","7","53","14","296","25","40","186","C0520557"
"20571","1440","2","5","7","53","51","119","25","489","416","C0520557"
"20572","4210","2","3","12","41","219","339","156","568","697","C0520679"
"20573","26580","2","5","8","27","70","99","162","216","290","C0520679"
"20574","8022","2","3","3","110","85","321","428","541","667","C0520679"
"20575","4683","2","3","12","19","31","261","116","1","86","C0520679"
"20576","3586","2","5","7","53","51","119","25","489","416","C0520679"
"20577","5982","2","3","12","19","31","261","116","1","86","C0520679"
"20578","10312","2","3","7","34","52","216","395","549","674","C0520679"
"20579","64220","2","3","2","69","83","101","126","170","224","C0520679"
"20580","4204","2","3","12","19","31","1","426","55","78","C0520679"
"20581","10060","2","3","8","41","45","23","423","464","445","C0520679"
"20582","1387","2","3","12","19","31","276","91","433","118","C0520680"
"20583","3479","2","5","7","53","51","342","454","573","492","C0520680"
"20584","7421","2","3","3","19","151","276","91","433","118","C0520680"
"20585","6165","2","3","2","110","85","237","433","547","671","C0520680"
"20586","5495","2","3","12","41","219","339","347","287","664","C0520680"
"20587","8600","2","5","7","41","219","339","156","568","697","C0520680"
"20588","23020","2","3","2","22","33","323","66","101","136","C0520680"
"20589","3032","2","3","2","48","57","38","347","12","145","C0520680"
"20590","27019","2","3","12","76","153","40","38","54","75","C0520736"
"20591","57822","2","3","12","19","31","1","426","55","78","C0520736"
"20592","10555","2","3","7","34","52","216","395","549","622","C0520736"
"20593","2778","2","5","4","68","96","326","427","548","672","C0520736"
"20594","5530","2","3","4","63","45","23","402","518","621","C0520743"
"20595","3845","2","5","7","60","54","24","30","46","72","C0520743"
"20596","9394","2","3","2","74","58","112","148","193","263","C0520743"
"20597","3586","2","5","7","53","51","119","25","489","416","C0520743"
"20598","3593","2","5","7","53","51","119","25","489","416","C0520743"
"20599","7274","2","3","5","43","161","99","162","216","290","C0520743"
"20600","51715","2","5","7","60","54","24","30","46","72","C0520743"
"20601","8242","2","3","12","19","31","1","426","55","78","C0520743"
"20602","5373","2","3","2","90","167","123","158","207","278","C0520743"
"20603","2627","2","3","12","19","31","118","155","287","116","C0520743"
"20604","5443","2","5","4","68","96","326","427","548","672","C0520757"
"20605","3481","2","5","7","53","51","342","454","573","492","C0520757"
"20606","8822","2","5","7","53","14","20","25","40","186","C0520823"
"20607","54880","2","3","12","19","31","1","426","55","78","C0520823"
"20608","4041","2","5","3","68","221","197","259","560","422","C0520823"
"20609","26191","2","5","7","53","14","20","25","40","186","C0520831"
"20610","410","2","3","7","34","52","216","395","549","674","C0520831"
"20611","2263","2","5","7","53","14","20","25","40","186","C0520878"
"20612","5604","2","5","7","53","14","20","34","540","68","C0520878"
"20613","3569","2","5","7","53","51","342","454","573","416","C0520878"
"20614","5244","2","3","3","41","151","276","91","433","118","C0520886"
"20615","2798","2","5","4","68","96","326","427","548","672","C0520886"
"20616","324","2","3","12","41","219","197","70","255","422","C0520886"
"20617","7353","2","3","12","41","219","339","156","568","605","C0520927"
"20618","2990","2","3","7","34","52","216","395","549","674","C0520927"
"20619","4539","2","3","2","53","184","86","107","560","195","C0520927"
"20620","2077","2","3","12","76","153","40","38","54","75","C0520927"
"20621","8890","2","3","2","110","85","237","433","547","671","C0520927"
"20622","10735","2","3","12","76","153","40","38","54","75","C0520927"
"20623","3559","2","5","7","53","14","20","25","40","186","C0520927"
"20624","51660","2","3","2","62","37","154","196","257","344","C0520927"
"20625","2629","2","3","5","80","81","250","291","152","420","C0520927"
"20626","54806","2","5","7","76","153","40","38","54","75","C0520927"
"20627","8425","2","5","7","53","51","342","454","573","492","C0520927"
"20628","183","2","5","4","68","96","326","427","548","672","C0520927"
"20629","673","2","5","7","53","14","20","34","540","68","C0520927"
"20630","1588","2","3","5","79","159","256","350","27","44","C0520927"
"20631","547","2","3","7","76","153","40","38","54","75","C0520927"
"20632","5805","2","3","2","43","91","75","204","267","352","C0520927"
"20633","2064","2","5","7","53","14","20","25","40","186","C0520927"
"20634","5599","2","3","12","19","31","1","34","540","68","C0520927"
"20635","5663","2","5","7","34","52","216","395","549","667","C0520927"
"20636","27125","2","3","12","19","31","261","116","159","211","C0520927"
"20637","1201","2","3","2","48","170","50","304","167","593","C0520927"
"20638","3567","2","5","7","53","14","20","25","40","186","C0520927"
"20639","6926","2","5","7","53","51","335","259","560","373","C0520927"
"20640","2316","2","5","7","53","51","342","454","573","702","C0520927"
"20641","7290","2","3","12","19","31","1","426","55","78","C0520927"
"20642","3516","2","3","12","19","31","143","428","236","667","C0520927"
"20643","6391","2","3","2","48","170","50","119","444","556","C0520927"
"20644","3977","2","5","7","53","51","119","25","40","416","C0520927"
"20645","10128","2","3","2","48","170","50","119","444","556","C0520927"
"20646","5116","2","3","12","76","153","40","38","54","75","C0520927"
"20647","229","2","3","2","90","167","266","367","500","577","C0520927"
"20648","81887","2","3","2","110","85","237","433","547","671","C0520927"
"20649","100","2","3","5","33","21","47","56","80","199","C0520927"
"20650","27249","2","3","2","48","182","50","119","186","245","C0520966"
"20651","2146","2","3","12","19","31","1","426","55","78","C0520966"
"20652","2720","2","3","7","34","52","216","395","21","599","C0520966"
"20653","28956","2","5","7","34","52","216","395","359","462","C0520966"
"20654","6495","2","3","3","19","221","321","428","541","667","C0520966"
"20655","10908","2","3","2","97","173","275","377","473","592","C0520966"
"20656","242","2","3","5","11","142","223","142","220","298","C0520966"
"20657","3714","2","5","7","53","51","143","454","236","373","C0520966"
"20658","2719","2","5","7","53","51","342","454","573","492","C0520966"
"20659","2737","2","3","12","19","116","321","428","54","667","C0520966"
"20660","1144","2","5","8","27","70","99","162","216","290","C0520966"
"20661","6786","2","5","8","63","45","23","103","464","187","C0520966"
"20662","11253","2","3","2","41","116","268","423","536","445","C0520966"
"20663","2261","2","5","7","53","14","20","25","40","186","C0520966"
"20664","6121","2","3","2","69","83","101","126","170","224","C0521007"
"20665","5652","2","1","6","11","142","225","142","220","298","C0521007"
"20666","2200","2","5","7","53","51","342","454","573","492","C0521007"
"20667","5660","2","5","7","34","52","326","427","548","702","C0521007"
"20668","3930","2","3","2","22","33","323","66","3","464","C0521007"
"20669","9663","2","3","5","80","81","296","51","488","102","C0521007"
"20670","3990","2","3","5","26","35","178","9","414","220","C0521007"
"20671","5896","2","3","12","41","116","268","434","568","605","C0521173"
"20672","50640","2","3","5","116","183","295","398","243","327","C0521173"
"20673","1308","2","5","7","53","51","119","454","573","492","C0521173"
"20674","54209","2","5","7","53","51","119","395","549","674","C0521173"
"20675","1806","2","3","2","49","23","186","149","195","61","C0521173"
"20676","7547","2","3","3","19","221","321","428","541","667","C0521173"
"20677","5979","2","5","7","53","14","20","25","40","186","C0521173"
"20678","4340","2","5","7","53","51","119","341","223","628","C0521533"
"20679","51119","2","3","2","110","85","237","433","547","671","C0521533"
"20680","4534","2","3","5","80","81","296","399","362","468","C0521573"
"20681","547","2","3","7","76","153","40","38","54","75","C0521573"
"20682","3119","2","5","7","53","153","119","156","287","116","C0521573"
"20683","435","2","3","8","84","97","167","210","278","360","C0521573"
"20684","3123","2","5","7","53","51","119","156","287","116","C0521573"
"20685","7298","2","3","12","76","153","40","38","54","75","C0521573"
"20686","3040","2","5","5","53","51","342","40","78","178","C0521573"
"20687","3480","2","5","7","53","14","20","25","40","186","C0521573"
"20688","242","2","3","5","11","142","223","142","220","298","C0521573"
"20689","9963","2","3","8","45","142","71","142","220","219","C0521573"
"20690","5339","2","5","7","53","51","342","454","573","492","C0521573"
"20691","5745","2","5","4","68","96","326","427","548","672","C0521573"
"20692","6938","2","3","12","19","31","1","426","55","78","C0521573"
"20693","1280","2","5","7","53","51","342","454","573","492","C0521573"
"20694","6390","2","3","2","48","170","50","119","444","556","C0521573"
"20695","113235","2","3","2","15","44","165","101","274","651","C0521618"
"20696","3977","2","5","7","53","51","119","25","40","416","C0521618"
"20697","695","2","5","7","53","14","20","25","40","186","C0521619"
"20698","135138","2","3","12","76","153","40","38","54","75","C0521619"
"20699","10804","2","3","12","76","153","40","38","54","75","C0521619"
"20700","6557","2","5","8","45","94","199","240","415","666","C0521619"
"20701","4763","2","5","7","60","54","24","30","46","214","C0521619"
"20702","8822","2","5","7","53","14","20","25","40","186","C0521619"
"20703","8985","2","5","7","53","51","342","454","573","492","C0521619"
"20704","26137","2","5","7","63","45","184","103","572","658","C0521619"
"20705","79001","2","5","2","48","52","342","240","569","666","C0521620"
"20706","10804","2","3","12","76","153","40","38","54","75","C0521620"
"20707","54982","2","3","2","48","170","50","399","167","593","C0521620"
"20708","10491","2","5","7","53","51","342","454","573","492","C0521620"
"20709","10166","2","3","2","84","97","167","210","278","360","C0521620"
"20710","23317","2","5","7","34","52","216","395","549","674","C0521620"
"20711","79621","2","3","2","22","137","76","149","195","435","C0521620"
"20712","6329","2","5","8","63","36","166","341","390","158","C0521620"
"20713","538","2","3","8","63","45","23","103","464","187","C0521620"
"20714","6399","2","5","7","60","54","24","30","46","72","C0521620"
"20715","5781","2","5","7","53","14","20","25","40","186","C0521620"
"20716","26503","2","3","2","89","124","204","272","347","442","C0521620"
"20717","1536","2","5","7","34","52","216","395","549","674","C0521620"
"20718","2774","2","2","1","9","15","21","28","42","62","C0521620"
"20719","7249","2","3","7","60","57","110","141","359","462","C0521620"
"20720","7299","2","3","5","23","18","138","250","332","407","C0521683"
"20721","4621","2","5","8","63","45","23","103","464","187","C0521683"
"20722","5428","2","3","2","48","170","50","119","167","593","C0521683"
"20723","54808","2","3","12","76","153","40","38","54","75","C0521694"
"20724","9378","2","5","7","27","36","71","341","223","219","C0521694"
"20725","10935","2","3","5","80","81","110","378","173","229","C0521694"
"20726","8289","2","3","12","19","31","1","426","55","78","C0521694"
"20727","590","2","3","5","85","143","286","51","488","604","C0521694"
"20728","3356","2","5","4","68","96","326","427","548","672","C0521694"
"20729","1763","2","3","12","19","31","261","116","1","86","C0521694"
"20730","3081","2","3","2","91","51","3","267","308","429","C0522153"
"20731","2260","2","5","7","53","14","20","25","40","186","C0522153"
"20732","7353","2","3","12","41","219","339","156","568","605","C0522153"
"20733","6445","2","5","8","63","45","23","103","464","187","C0522153"
"20734","658","2","5","7","53","51","342","259","423","389","C0522153"
"20735","23746","2","3","12","41","83","101","126","271","356","C0522153"
"20736","5311","2","5","8","63","45","166","306","390","158","C0522198"
"20737","55120","2","3","12","19","31","261","116","1","86","C0522198"
"20738","9217","2","3","2","50","47","39","100","321","255","C0522198"
"20739","2253","2","5","7","53","14","20","25","40","186","C0522198"
"20740","7227","2","3","12","19","31","276","91","433","118","C0522198"
"20741","10716","2","5","7","53","51","335","444","560","373","C0522198"
"20742","3908","2","5","7","53","51","342","454","573","492","C0522198"
"20743","5468","2","3","3","19","151","276","91","433","118","C0522198"
"20744","1289","2","5","7","53","51","342","454","573","492","C0522198"
"20745","10516","2","5","7","53","51","342","454","573","492","C0522214"
"20746","5460","2","3","3","19","221","321","428","541","667","C0522214"
"20747","729920","2","3","2","48","170","110","329","251","533","C0522214"
"20748","2697","2","3","7","76","153","40","38","54","75","C0522214"
"20749","10084","2","3","2","22","33","323","66","101","136","C0522214"
"20750","8085","2","3","12","19","31","1","426","55","78","C0522214"
"20751","7026","2","3","3","19","151","276","91","433","118","C0522214"
"20752","23600","2","3","5","80","81","305","409","208","482","C0522214"
"20753","190","2","3","3","19","151","276","91","433","118","C0522214"
"20754","1909","2","5","4","68","96","326","427","548","672","C0522214"
"20755","175","2","3","7","34","52","216","395","549","674","C0522214"
"20756","4000","2","3","12","26","105","178","226","297","156","C0522214"
"20757","26580","2","5","8","27","70","99","162","216","290","C0522214"
"20758","7412","2","5","7","53","51","119","454","287","116","C0522214"
"20759","860","2","3","12","19","31","276","91","433","118","C0522214"
"20760","846","2","5","4","68","96","326","427","548","672","C0522214"
"20761","29899","2","5","4","68","96","326","427","548","672","C0522214"
"20762","4990","2","3","3","19","221","321","428","541","667","C0522214"
"20763","5830","2","3","5","43","161","305","409","208","482","C0522214"
"20764","3909","2","5","7","53","51","342","454","573","492","C0522214"
"20765","9401","2","3","12","76","31","261","116","1","86","C0522214"
"20766","11284","2","3","12","19","31","261","116","1","86","C0522214"
"20767","5599","2","3","12","19","31","1","34","540","68","C0522214"
"20768","7432","2","5","4","68","96","326","427","548","672","C0522214"
"20769","8842","2","5","5","53","82","147","184","179","328","C0522214"
"20770","23400","2","5","8","63","45","23","103","464","187","C0522214"
"20771","63982","2","5","8","63","45","23","34","464","187","C0522216"
"20772","4054","2","5","7","53","51","342","454","573","492","C0522216"
"20773","3329","2","3","2","48","170","50","304","167","593","C0522216"
"20774","1786","2","3","12","19","31","1","426","55","78","C0522216"
"20775","4644","2","5","7","60","54","184","141","359","411","C0522216"
"20776","5970","2","3","12","19","31","276","91","433","118","C0522216"
"20777","55240","2","3","5","29","88","132","402","489","551","C0522216"
"20778","931","2","5","7","53","14","119","156","287","116","C0524620"
"20779","3931","2","3","5","116","183","295","454","243","327","C0524620"
"20780","207","2","3","7","53","14","20","34","489","416","C0524620"
"20781","6197","2","3","12","19","14","20","34","540","68","C0524620"
"20782","3852","2","1","6","11","142","225","142","220","298","C0524620"
"20783","220136","2","3","12","11","142","225","38","220","298","C0524620"
"20784","249","2","3","5","27","51","335","444","560","373","C0524620"
"20785","2673","2","3","2","110","94","178","226","297","380","C0524620"
"20786","7248","2","3","2","48","57","110","141","359","462","C0524620"
"20787","54880","2","3","12","19","31","1","426","55","78","C0524620"
"20788","930","2","5","7","53","14","119","25","40","186","C0524620"
"20789","6608","2","3","3","68","221","321","428","560","667","C0524620"
"20790","7157","2","3","12","19","31","261","402","489","551","C0524620"
"20791","2969","2","3","12","19","31","276","91","433","118","C0524620"
"20792","2109","2","3","2","48","170","50","119","444","556","C0524620"
"20793","29108","2","5","7","34","52","216","395","549","674","C0524620"
"20794","2271","2","3","5","80","81","166","170","226","305","C0524620"
"20795","27113","2","3","12","41","219","339","402","489","551","C0524620"
"20796","7390","2","3","5","80","81","166","132","175","473","C0524620"
"20797","1848","2","3","5","42","81","296","399","201","274","C0524620"
"20798","1499","2","3","12","19","221","197","259","560","422","C0524801"
"20799","9096","2","5","7","53","51","335","259","560","373","C0524801"
"20800","51062","2","5","7","27","36","150","402","489","373","C0524801"
"20801","796","2","5","4","68","96","326","427","548","672","C0524909"
"20802","8867","2","3","5","60","14","184","341","544","669","C0524909"
"20803","23322","2","3","12","76","153","40","38","54","75","C0524909"
"20804","6915","2","5","4","68","96","326","427","548","672","C0524909"
"20805","1807","2","3","5","80","23","186","79","560","273","C0524909"
"20806","3981","2","3","12","19","31","261","116","1","86","C0524909"
"20807","1289","2","5","7","53","51","342","454","573","492","C0524909"
"20808","948","2","5","7","34","52","216","91","433","702","C0524910"
"20809","8517","2","3","12","41","219","339","156","568","697","C0524910"
"20810","473","2","3","12","19","31","1","426","55","78","C0524910"
"20811","3735","2","3","2","110","85","237","433","252","154","C0525041"
"20812","161742","2","5","7","41","116","24","30","568","214","C0525041"
"20813","715","2","5","7","53","51","119","395","549","674","C0525041"
"20814","1280","2","5","7","53","51","342","454","573","492","C0525041"
"20815","23322","2","3","12","76","153","40","38","54","75","C0525041"
"20816","1029","2","3","12","19","31","1","116","1","664","C0525041"
"20817","23426","2","5","7","42","36","71","177","223","219","C0525041"
"20818","1019","2","3","12","19","31","1","116","1","86","C0541912"
"20819","6326","2","5","8","63","36","166","341","390","158","C0541912"
"20820","2316","2","5","7","53","51","342","454","573","702","C0541985"
"20821","3953","2","5","7","53","14","20","25","40","186","C0541985"
"20822","2581","2","3","5","80","81","250","291","152","420","C0541985"
"20823","6696","2","5","7","53","51","342","454","573","492","C0541985"
"20824","1161","2","3","12","41","116","268","434","468","213","C0541985"
"20825","81704","2","3","12","19","31","118","155","287","116","C0541985"
"20826","1736","2","3","2","110","85","237","433","547","671","C0541985"
"20827","6567","2","5","8","35","41","77","40","57","80","C0541985"
"20828","1893","2","5","7","53","51","342","454","573","702","C0541985"
"20829","3977","2","5","7","53","51","119","25","40","416","C0542035"
"20830","5167","2","3","5","32","93","163","207","303","126","C0542035"
"20831","8600","2","5","7","41","219","339","156","568","697","C0542035"
"20832","6495","2","3","3","19","221","321","428","541","667","C0542037"
"20833","5745","2","5","4","68","96","326","427","548","672","C0542037"
"20834","213","2","5","7","53","51","342","454","573","492","C0542037"
"20835","10555","2","3","7","34","52","216","395","549","622","C0542223"
"20836","686","2","3","5","80","81","166","166","127","173","C0542223"
"20837","9126","2","3","12","76","153","40","38","54","75","C0542223"
"20838","5972","2","5","5","34","52","216","397","418","568","C0542223"
"20839","10060","2","3","8","41","45","23","423","464","445","C0542223"
"20840","178","2","3","7","34","52","216","395","549","674","C0542223"
"20841","286","2","5","7","60","153","40","38","54","203","C0542223"
"20842","238","2","5","7","53","14","20","25","40","186","C0542223"
"20843","9056","2","3","8","45","94","199","240","415","666","C0542223"
"20844","63910","2","5","7","60","36","184","177","64","215","C0542223"
"20845","5095","2","3","2","48","40","130","166","127","173","C0542223"
"20846","3845","2","5","7","60","54","24","30","46","72","C0542223"
"20847","10300","2","3","12","76","153","40","38","54","75","C0542223"
"20848","51750","2","3","12","19","31","261","116","1","86","C0542223"
"20849","2314","2","3","12","63","45","184","103","572","658","C0542223"
"20850","2775","2","5","4","68","36","150","341","223","628","C0542223"
"20851","4233","2","5","7","53","14","20","25","40","186","C0542346"
"20852","6311","2","3","2","22","33","323","66","362","468","C0542346"
"20853","7167","2","3","2","90","167","266","367","500","577","C0542346"
"20854","83959","2","5","2","27","36","150","136","106","628","C0542346"
"20855","3265","2","5","7","60","54","24","30","46","72","C0542346"
"20856","2255","2","5","7","53","14","20","25","40","186","C0542346"
"20857","6309","2","3","5","19","151","76","48","69","204","C0542346"
"20858","4509","2","3","2","48","170","50","119","444","556","C0542346"
"20859","183","2","5","4","68","96","326","427","548","672","C0542346"
"20860","5479","2","3","2","53","51","342","454","573","492","C0542346"
"20861","23169","2","3","2","78","205","112","430","429","544","C0542514"
"20862","7248","2","3","2","48","57","110","141","359","462","C0542514"
"20863","7508","2","3","12","19","31","261","116","1","664","C0542514"
"20864","5982","2","3","12","19","31","261","116","1","86","C0542514"
"20865","7169","2","5","8","63","45","23","103","464","187","C0542514"
"20866","7137","2","5","8","63","45","23","103","464","187","C0542514"
"20867","55120","2","3","12","19","31","261","116","1","86","C0542514"
"20868","3758","2","5","8","63","36","166","106","110","158","C0542514"
"20869","9049","2","3","3","41","151","276","378","271","356","C0542514"
"20870","5894","2","5","7","60","54","23","34","464","187","C0542514"
"20871","26227","2","3","2","41","137","44","208","81","108","C0542514"
"20872","5195","2","3","5","43","161","305","409","208","482","C0542514"
"20873","6716","2","3","2","69","98","169","299","50","494","C0542514"
"20874","2099","2","3","12","19","151","276","91","433","118","C0542514"
"20875","23479","2","3","2","48","170","50","119","100","556","C0542514"
"20876","9820","2","3","12","41","116","268","434","468","213","C0542514"
"20877","5327","2","5","7","53","51","342","454","573","492","C0542514"
"20878","10518","2","3","2","22","170","50","119","444","556","C0542514"
"20879","356","2","5","7","53","219","339","25","489","697","C0542514"
"20880","4000","2","3","12","26","105","178","226","297","156","C0542514"
"20881","2138","2","3","12","19","31","1","426","55","78","C0542514"
"20882","4000","2","3","12","26","105","178","226","297","156","C0542514"
"20883","5159","2","5","7","53","14","20","25","40","186","C0542514"
"20884","9321","2","3","12","76","153","40","38","54","203","C0542514"
"20885","354","2","5","7","53","51","342","454","573","492","C0542514"
"20886","3875","2","1","6","11","142","225","142","220","298","C0542514"
"20887","3569","2","5","7","53","51","342","454","573","416","C0542514"
"20888","50940","2","3","4","68","96","326","427","548","672","C0542514"
"20889","3458","2","5","7","53","184","119","156","287","116","C0542514"
"20890","23347","2","3","12","41","116","268","434","468","213","C0542514"
"20891","1021","2","3","12","19","31","1","426","55","78","C0542514"
"20892","368","2","3","12","41","116","268","423","536","445","C0542514"
"20893","54809","2","5","7","50","30","193","306","148","624","C0542518"
"20894","2316","2","5","7","53","51","342","454","573","702","C0542518"
"20895","2815","2","5","7","53","51","342","454","573","492","C0542518"
"20896","9031","2","3","12","19","31","1","426","55","78","C0542518"
"20897","8820","2","3","3","19","221","321","428","541","667","C0542518"
"20898","834","2","5","12","41","219","339","156","568","697","C0542518"
"20899","3115","2","5","7","53","184","119","156","287","116","C0542518"
"20900","3181","2","3","2","22","33","323","66","101","136","C0542518"
"20901","4514","2","3","2","48","57","110","141","359","5","C0542518"
"20902","27315","2","5","6","34","52","225","142","220","298","C0542518"
"20903","9531","2","3","12","41","219","339","347","271","356","C0542518"
"20904","7043","2","5","7","53","51","342","454","573","492","C0542518"
"20905","558","2","5","7","53","14","20","25","40","186","C0542518"
"20906","23746","2","3","12","41","83","101","126","271","356","C0542518"
"20907","3984","2","5","7","53","14","20","34","540","68","C0542519"
"20908","355","2","3","7","41","219","339","156","568","697","C0542519"
"20909","4723","2","3","2","48","170","50","119","444","556","C0542519"
"20910","5406","2","3","5","80","81","166","454","76","106","C0542519"
"20911","4952","2","3","5","60","54","184","30","544","669","C0542519"
"20912","1537","2","3","2","48","170","50","304","167","593","C0542519"
"20913","4948","2","5","8","63","45","23","250","464","187","C0542519"
"20914","4214","2","3","12","41","219","339","34","540","117","C0542519"
"20915","54840","2","3","12","19","31","261","116","1","86","C0542519"
"20916","51151","2","3","5","23","18","138","250","332","407","C0542519"
"20917","657","2","5","7","53","221","342","259","423","389","C0542519"
"20918","5444","2","3","5","80","147","236","328","411","229","C0542519"
"20919","2245","2","5","7","60","54","24","30","46","72","C0542519"
"20920","6772","2","3","12","53","184","119","156","287","116","C0542519"
"20921","22954","2","3","12","41","116","268","434","468","213","C0542519"
"20922","22858","2","3","7","53","14","20","34","540","68","C0542519"
"20923","26229","2","3","2","74","205","191","396","408","257","C0542519"
"20924","1630","2","5","7","53","51","335","444","560","373","C0542519"
"20925","7547","2","3","3","19","221","321","428","541","667","C0542519"
"20926","50640","2","3","5","116","183","295","398","243","327","C0542519"
"20927","8200","2","5","7","53","51","342","259","423","389","C0542519"
"20928","3643","2","5","7","53","14","20","25","40","186","C0542519"
"20929","9860","2","5","7","53","219","184","156","568","697","C0542519"
"20930","10269","2","3","2","48","182","50","119","444","556","C0542519"
"20931","71","2","5","7","60","14","184","103","544","669","C0542519"
"20932","6608","2","3","3","68","221","321","428","560","667","C0542519"
"20933","1583","2","3","5","79","152","273","375","100","589","C0542519"
"20934","658","2","5","7","53","51","342","259","423","389","C0542519"
"20935","7099","2","5","7","41","219","339","156","568","697","C0542519"
"20936","650","2","5","7","53","51","342","259","423","389","C0542519"
"20937","778","2","5","8","63","36","166","341","223","158","C0542519"
"20938","5318","2","1","6","11","142","225","142","220","298","C0543541"
"20939","7040","2","5","7","53","51","342","454","573","492","C0543541"
"20940","8924","2","3","12","41","116","268","434","468","213","C0543541"
"20941","2147","2","5","7","68","51","342","454","573","492","C0543541"
"20942","6899","2","5","7","53","184","335","259","560","373","C0543541"
"20943","10743","2","3","3","19","151","276","91","433","118","C0543541"
"20944","27316","2","3","2","22","33","323","66","101","136","C0543541"
"20945","3543","2","5","7","53","51","119","395","549","674","C0543541"
"20946","2178","2","3","12","19","31","261","116","1","86","C0543541"
"20947","5925","2","3","12","19","31","1","426","55","78","C0543541"
"20948","477","2","3","8","63","45","23","103","464","187","C0543541"
"20949","801","2","5","8","63","45","23","103","464","187","C0543541"
"20950","8481","2","3","12","76","153","40","38","54","75","C0543859"
"20951","7399","2","5","7","53","51","342","454","573","492","C0543859"
"20952","7466","2","5","7","53","51","342","454","573","492","C0543888"
"20953","1717","2","3","2","19","151","276","48","69","204","C0543888"
"20954","2706","2","3","12","76","153","40","38","54","75","C0543888"
"20955","2006","2","5","7","53","51","342","454","573","492","C0543888"
"20956","6736","2","3","12","19","31","276","91","433","667","C0543888"
"20957","4720","2","3","2","48","170","50","119","444","556","C0543888"
"20958","2263","2","5","7","53","14","20","25","40","186","C0543888"
"20959","4593","2","5","7","53","14","20","454","573","492","C0543888"
"20960","1261","2","5","8","63","36","166","106","110","158","C0543888"
"20961","5189","2","3","5","43","161","305","409","208","482","C0543888"
"20962","5071","2","3","12","41","116","268","434","468","213","C0543888"
"20963","7153","2","3","12","19","31","261","116","1","86","C0543888"
"20964","2998","2","3","2","28","22","48","232","82","114","C0543888"
"20965","338382","2","5","7","60","54","24","30","46","72","C0543888"
"20966","2643","2","3","5","87","91","75","204","267","352","C0543888"
"20967","54938","2","3","2","110","85","67","76","252","154","C0543888"
"20968","4552","2","3","7","48","81","105","139","186","245","C0543888"
"20969","1605","2","5","7","53","51","342","454","573","492","C0543888"
"20970","6513","2","5","7","90","216","337","448","565","562","C0543888"
"20971","4591","2","3","12","41","116","268","434","468","213","C0543888"
"20972","5144","2","3","4","68","96","326","427","548","672","C0543888"
"20973","3077","2","5","7","53","51","119","395","549","674","C0543888"
"20974","1465","2","5","8","63","45","23","103","464","187","C0543888"
"20975","4915","2","5","7","53","14","20","25","40","186","C0543888"
"20976","10585","2","5","2","27","206","324","430","215","290","C0543888"
"20977","5538","2","3","2","115","18","340","269","342","444","C0543888"
"20978","25974","2","3","7","48","51","105","139","186","245","C0544755"
"20979","51816","2","5","7","34","52","216","395","549","674","C0544755"
"20980","6628","2","3","2","22","33","323","66","101","136","C0544755"
"20981","6578","2","3","5","35","41","77","40","57","80","C0544755"
"20982","7299","2","3","5","23","18","138","250","332","407","C0544755"
"20983","4155","2","5","7","27","36","150","341","223","628","C0544755"
"20984","11277","2","3","12","19","31","261","116","1","86","C0544755"
"20985","6657","2","3","12","19","221","321","428","541","667","C0544755"
"20986","10280","2","3","2","110","85","52","57","86","119","C0544755"
"20987","3553","2","5","7","53","51","119","25","489","416","C0544755"
"20988","3040","2","5","5","53","51","342","40","78","178","C0544755"
"20989","6776","2","5","7","53","14","20","25","40","186","C0544755"
"20990","53","2","3","5","80","81","166","62","66","225","C0544755"
"20991","2720","2","3","7","34","52","216","395","21","599","C0544755"
"20992","5376","2","5","7","53","51","342","454","573","492","C0544755"
"20993","5184","2","3","5","80","81","166","52","105","349","C0544755"
"20994","2314","2","3","12","63","45","184","103","572","658","C0544755"
"20995","2517","2","3","7","34","52","216","395","549","674","C0544755"
"20996","1277","2","5","7","53","51","342","454","573","492","C0544755"
"20997","10269","2","3","2","48","182","50","119","444","556","C0544755"
"20998","7681","2","3","12","41","116","268","434","468","213","C0544755"
"20999","8600","2","5","7","41","219","339","156","568","697","C0544755"
"21000","10309","2","3","12","19","31","261","116","1","86","C0544755"
"21001","3035","2","3","2","110","85","237","433","547","154","C0544755"
"21002","8022","2","3","3","110","85","321","428","541","667","C0544755"
"21003","1959","2","3","3","19","151","276","91","433","118","C0544755"
"21004","2737","2","3","12","19","116","321","428","54","667","C0544755"
"21005","3728","2","5","7","34","52","225","142","220","298","C0544755"
"21006","1482","2","3","3","19","221","321","428","541","667","C0544755"
"21007","3949","2","5","7","60","14","184","341","544","669","C0544820"
"21008","23495","2","3","12","41","219","339","156","568","697","C0544820"
"21009","3559","2","5","7","53","14","20","25","40","186","C0544820"
"21010","2944","2","3","5","91","175","271","372","471","586","C0544820"
"21011","1716","2","3","2","27","36","150","221","138","188","C0544820"
"21012","5447","2","3","5","91","214","271","372","471","586","C0544820"
"21013","1670","2","5","9","70","100","238","332","420","536","C0544820"
"21014","6373","2","5","4","68","96","326","427","548","672","C0544820"
"21015","10683","2","5","7","53","51","143","428","560","667","C0544820"
"21016","859","2","5","8","63","45","23","103","464","187","C0544820"
"21017","604","2","3","12","19","151","276","91","489","416","C0544820"
"21018","7124","2","3","12","41","219","339","156","568","697","C0544820"
"21019","6658","2","3","12","19","221","321","428","541","667","C0544820"
"21020","9096","2","5","7","53","51","335","259","560","373","C0544820"
"21021","3439","2","3","12","19","184","118","155","287","116","C0544820"
"21022","7290","2","3","12","19","31","1","426","55","78","C0544820"
"21023","79048","2","3","2","110","85","237","433","547","671","C0544820"
"21024","2475","2","3","2","48","57","110","141","359","462","C0544966"
"21025","2796","2","5","4","68","96","326","427","548","672","C0544966"
"21026","4998","2","3","12","76","31","261","116","1","86","C0544966"
"21027","5961","2","5","7","27","51","326","126","414","702","C0546125"
"21028","5888","2","3","12","19","31","261","116","1","86","C0546125"
"21029","1593","2","3","5","79","152","273","157","333","277","C0546125"
"21030","6892","2","3","12","41","116","119","156","568","116","C0546125"
"21031","7297","2","5","7","53","184","119","25","40","186","C0546125"
"21032","8722","2","3","7","76","153","40","38","54","75","C0546125"
"21033","2629","2","3","5","80","81","250","291","152","420","C0546264"
"21034","538","2","3","8","63","45","23","103","464","187","C0546264"
"21035","8241","2","3","2","22","33","323","66","101","136","C0546264"
"21036","6165","2","3","2","110","85","237","433","547","671","C0546264"
"21037","51119","2","3","2","110","85","237","433","547","671","C0546264"
"21038","5189","2","3","5","43","161","305","409","208","482","C0546264"
"21039","29072","2","3","12","19","31","1","426","55","78","C0546264"
"21040","1184","2","5","8","63","45","23","34","464","187","C0546297"
"21041","3553","2","5","7","53","51","119","25","489","416","C0546297"
"21042","6223","2","3","2","110","85","237","433","547","671","C0546297"
"21043","6655","2","5","7","60","54","24","30","46","72","C0546389"
"21044","30008","2","5","7","53","51","342","454","573","492","C0546389"
"21045","6399","2","5","7","60","54","24","30","46","72","C0546389"
"21046","1278","2","5","7","53","51","342","454","573","492","C0546817"
"21047","2187","2","3","12","19","31","261","116","1","86","C0546817"
"21048","3920","2","5","7","34","52","216","395","549","674","C0546884"
"21049","4221","2","3","12","19","31","342","454","573","492","C0546884"
"21050","4286","2","3","12","19","31","261","116","1","664","C0546884"
"21051","5915","2","3","3","19","151","276","91","433","118","C0546884"
"21052","10661","2","3","12","19","31","1","426","55","78","C0546884"
"21053","9896","2","3","5","80","81","296","399","201","274","C0546884"
"21054","5443","2","5","4","68","96","326","427","548","672","C0546884"
"21055","22931","2","5","7","34","54","24","30","46","72","C0546884"
"21056","4669","2","3","5","80","81","166","454","453","492","C0546964"
"21057","7421","2","3","3","19","151","276","91","433","118","C0546964"
"21058","100","2","3","5","33","21","47","56","80","199","C0546964"
"21059","7099","2","5","7","41","219","339","156","568","697","C0546964"
"21060","56606","2","5","7","90","216","337","448","565","562","C0546964"
"21061","2332","2","3","2","22","33","71","373","466","609","C0546964"
"21062","3257","2","5","7","60","54","24","30","46","72","C0546964"
"21063","2896","2","5","7","34","52","216","395","549","674","C0546964"
"21064","29089","2","3","12","41","116","268","434","468","213","C0546964"
"21065","6239","2","3","12","19","119","330","214","454","144","C0546964"
"21066","5071","2","3","12","41","116","268","434","468","213","C0546964"
"21067","9401","2","3","12","76","31","261","116","1","86","C0546964"
"21068","3028","2","3","2","67","92","152","32","252","154","C0546966"
"21069","5737","2","5","4","68","96","326","427","548","672","C0546966"
"21070","1301","2","5","7","53","51","342","454","573","492","C0546966"
"21071","3459","2","5","7","53","184","119","156","287","116","C0546966"
"21072","5745","2","5","4","68","96","326","427","548","672","C0546967"
"21073","4508","2","3","2","48","170","50","119","444","556","C0546967"
"21074","875","2","3","5","80","137","44","21","451","316","C0546967"
"21075","3300","2","3","12","41","116","268","347","271","356","C0546967"
"21076","50485","2","3","12","19","31","261","116","1","86","C0546967"
"21077","26119","2","5","7","60","14","184","341","544","669","C0546967"
"21078","8200","2","5","7","53","51","342","259","423","389","C0546967"
"21079","5159","2","5","7","53","14","20","25","40","186","C0546967"
"21080","7473","2","5","3","68","221","197","259","560","422","C0546967"
"21081","1512","2","5","7","34","52","216","395","549","674","C0546967"
"21082","2299","2","3","3","19","221","321","428","541","667","C0546967"
"21083","9742","2","3","12","76","153","40","38","54","75","C0546967"
"21084","4163","2","3","2","110","167","266","367","500","577","C0546967"
"21085","6335","2","5","8","63","36","166","341","390","158","C0546967"
"21086","5573","2","3","12","19","184","118","155","287","116","C0546967"
"21087","1312","2","3","2","87","79","105","426","129","25","C0546967"
"21088","4703","2","5","7","60","45","23","103","464","187","C0546967"
"21089","3075","2","5","7","53","51","119","395","549","674","C0546967"
"21090","1280","2","5","7","53","51","342","454","573","492","C0546967"
"21091","3784","2","5","8","63","36","166","106","110","158","C0546967"
"21092","5378","2","3","12","19","31","261","116","1","86","C0546967"
"21093","3251","2","3","4","68","96","326","427","341","150","C0546967"
"21094","5982","2","3","12","19","31","261","116","1","86","C0546967"
"21095","7337","2","3","12","41","116","268","434","468","213","C0546967"
"21096","3691","2","5","7","53","51","342","454","573","492","C0546967"
"21097","1832","2","5","7","34","52","225","142","220","298","C0546967"
"21098","860","2","3","12","19","31","276","91","433","118","C0546967"
"21099","6885","2","3","12","41","219","339","156","568","697","C0546967"
"21100","7401","2","5","7","60","83","101","126","170","224","C0546968"
"21101","2539","2","3","2","48","57","110","141","359","383","C0546968"
"21102","2556","2","5","8","27","70","99","162","216","290","C0546969"
"21103","4842","2","3","5","63","45","71","177","464","219","C0546969"
"21104","4292","2","3","12","19","31","261","116","1","86","C0546969"
"21105","1512","2","5","7","34","52","216","395","549","674","C0546969"
"21106","5105","2","3","3","67","151","276","91","433","118","C0546969"
"21107","5167","2","3","5","32","93","163","207","303","126","C0546969"
"21108","54332","2","3","2","60","170","40","98","66","203","C0546969"
"21109","9652","2","3","2","110","85","237","433","547","671","C0546969"
"21110","207","2","3","7","53","14","20","34","489","416","C0546969"
"21111","9049","2","3","3","41","151","276","378","271","356","C0546969"
"21112","7547","2","3","3","19","221","321","428","541","667","C0546969"
"21113","6578","2","3","5","35","41","77","40","57","80","C0546969"
"21114","7169","2","5","8","63","45","23","103","464","187","C0546969"
"21115","811","2","3","2","41","116","342","423","536","342","C0546969"
"21116","51025","2","3","2","48","170","50","304","167","593","C0546969"
"21117","1139","2","5","8","27","70","99","162","216","290","C0546969"
"21118","51057","2","3","12","76","153","40","38","54","75","C0546969"
"21119","55670","2","3","5","43","161","305","409","208","482","C0546969"
"21120","3113","2","5","7","53","184","119","156","287","116","C0546969"
"21121","3559","2","5","7","53","14","20","25","40","186","C0546969"
"21122","3553","2","5","7","53","51","119","25","489","416","C0546969"
"21123","4222","2","3","3","19","221","321","428","541","667","C0546969"
"21124","5982","2","3","12","19","31","261","116","1","86","C0546969"
"21125","3930","2","3","2","22","33","323","66","3","464","C0546969"
"21126","2263","2","5","7","53","14","20","25","40","186","C0546969"
"21127","2022","2","5","7","53","51","342","259","423","389","C0546969"
"21128","6532","2","5","8","45","94","199","240","415","666","C0546969"
"21129","6853","2","5","7","27","36","150","341","223","628","C0548883"
"21130","10653","2","5","7","68","51","114","162","321","475","C0548883"
"21131","1717","2","3","2","19","151","276","48","69","204","C0549306"
"21132","1441","2","5","7","53","51","119","25","40","186","C0549306"
"21133","2767","2","5","4","68","96","326","427","548","672","C0549306"
"21134","5621","2","5","8","27","36","342","454","573","628","C0549306"
"21135","1555","2","3","5","91","214","271","372","480","598","C0549306"
"21136","54503","2","3","12","41","219","339","156","568","697","C0549306"
"21137","2263","2","5","7","53","14","20","25","40","186","C0549306"
"21138","217","2","3","5","75","120","200","75","230","309","C0549306"
"21139","790","2","3","12","41","219","339","347","206","627","C0549397"
"21140","2619","2","5","3","53","221","197","259","560","422","C0549397"
"21141","1421","2","3","6","63","45","160","362","177","673","C0549399"
"21142","51259","2","3","2","76","153","40","38","54","75","C0549399"
"21143","1387","2","3","12","19","31","276","91","433","118","C0549399"
"21144","4692","2","5","7","53","51","119","402","489","416","C0549399"
"21145","7486","2","3","12","19","31","261","116","1","86","C0549399"
"21146","706","2","3","5","48","170","273","119","100","589","C0549399"
"21147","6817","2","3","2","37","105","92","113","154","201","C0549399"
"21148","3861","2","1","6","11","142","225","142","220","298","C0549399"
"21149","1186","2","5","8","63","45","23","34","464","187","C0549448"
"21150","1277","2","5","7","53","51","342","454","573","492","C0549448"
"21151","3567","2","5","7","53","14","20","25","40","186","C0549448"
"21152","8820","2","3","3","19","221","321","428","541","667","C0549448"
"21153","3155","2","3","5","43","161","305","409","208","482","C0549448"
"21154","89781","2","5","7","60","54","24","30","46","72","C0549448"
"21155","3988","2","3","5","98","174","277","379","476","42","C0549463"
"21156","6569","2","3","8","45","94","199","240","415","666","C0549463"
"21157","3166","2","3","3","19","221","321","428","541","667","C0549473"
"21158","4001","2","3","12","76","31","40","38","54","75","C0549473"
"21159","3861","2","1","6","11","142","225","142","220","298","C0549473"
"21160","23426","2","5","7","42","36","71","177","223","219","C0549473"
"21161","249","2","3","5","27","51","335","444","560","373","C0549473"
"21162","3718","2","5","7","53","14","20","25","40","186","C0549567"
"21163","579","2","3","3","19","221","321","428","541","667","C0549567"
"21164","29123","2","3","12","19","151","276","91","433","118","C0549567"
"21165","5573","2","3","12","19","184","118","155","287","116","C0549567"
"21166","5994","2","3","12","19","31","276","91","491","118","C0549567"
"21167","26160","2","3","12","76","153","40","38","54","75","C0549613"
"21168","79932","2","5","7","53","51","335","444","549","373","C0549613"
"21169","7157","2","3","12","19","31","261","402","489","551","C0549613"
"21170","5000","2","3","12","76","31","261","116","1","86","C0549613"
"21171","60","2","3","12","60","45","184","155","287","78","C0549613"
"21172","3815","2","5","7","53","14","20","25","40","186","C0549613"
"21173","5075","2","3","3","19","221","321","428","541","667","C0549613"
"21174","2072","2","3","12","19","31","261","116","1","86","C0549613"
"21175","3918","2","5","7","53","51","342","454","573","492","C0549613"
"21176","2626","2","3","12","19","31","118","155","287","116","C0549613"
"21177","2176","2","3","12","19","31","261","116","1","86","C0549613"
"21178","8893","2","3","2","110","85","237","433","547","671","C0549613"
"21179","778","2","5","8","63","36","166","341","223","158","C0549613"
"21180","7422","2","5","7","53","51","342","454","573","702","C0549613"
"21181","1278","2","5","7","53","51","342","454","573","492","C0549613"
"21182","8799","2","3","5","43","161","305","409","208","482","C0549613"
"21183","6696","2","5","7","53","51","342","454","573","492","C0553580"
"21184","5192","2","3","5","43","161","305","409","208","482","C0553580"
"21185","11200","2","3","12","19","31","261","116","1","86","C0553580"
"21186","1535","2","5","7","34","52","216","395","549","674","C0553580"
"21187","7140","2","5","8","63","45","23","103","464","187","C0553580"
"21188","7314","2","3","12","41","219","261","409","208","482","C0553580"
"21189","5627","2","5","7","53","51","342","454","573","702","C0553580"
"21190","1106","2","3","12","19","31","1","426","55","78","C0553580"
"21191","8050","2","3","2","67","92","293","55","75","311","C0553586"
"21192","6928","2","3","3","19","221","321","428","541","667","C0553586"
"21193","4693","2","5","7","53","51","342","454","573","492","C0553604"
"21194","23400","2","5","8","63","45","23","103","464","187","C0553604"
"21195","51259","2","3","2","76","153","40","38","54","75","C0553681"
"21196","27241","2","3","12","76","153","76","38","54","75","C0553681"
"21197","5745","2","5","4","68","96","326","427","548","672","C0553681"
"21198","2259","2","5","8","63","36","166","341","223","158","C0553681"
"21199","51259","2","3","2","76","153","40","38","54","75","C0553692"
"21200","2261","2","5","7","53","14","20","25","40","186","C0553692"
"21201","1991","2","5","7","34","52","216","395","549","674","C0553692"
"21202","3767","2","5","8","63","36","166","106","110","158","C0553692"
"21203","4771","2","5","7","60","36","71","177","64","215","C0553692"
"21204","57054","2","3","2","22","33","323","66","101","136","C0553692"
"21205","2067","2","3","12","19","31","261","116","1","86","C0553692"
"21206","4990","2","3","3","19","221","321","428","541","667","C0553692"
"21207","2155","2","5","7","53","51","119","454","549","674","C0553692"
"21208","2055","2","3","2","27","36","150","402","223","628","C0553692"
"21209","58","2","5","8","63","45","23","103","464","187","C0553692"
"21210","6648","2","3","2","95","151","160","378","173","229","C0553692"
"21211","8289","2","3","12","19","31","1","426","55","78","C0553692"
"21212","50838","2","5","4","68","96","326","427","548","672","C0553692"
"21213","1736","2","3","2","110","85","237","433","547","671","C0553706"
"21214","2720","2","3","7","34","52","216","395","21","599","C0553706"
"21215","7015","2","3","12","19","31","1","426","55","78","C0553706"
"21216","4709","2","3","2","48","170","50","119","444","556","C0553706"
"21217","3123","2","5","7","53","51","119","156","287","116","C0553706"
"21218","4683","2","3","12","19","31","261","116","1","86","C0553706"
"21219","8216","2","3","12","41","119","330","214","454","144","C0553706"
"21220","4221","2","3","12","19","31","342","454","573","492","C0553706"
"21221","9640","2","3","12","19","31","261","116","159","211","C0553706"
"21222","4990","2","3","3","19","221","321","428","541","667","C0553706"
"21223","6329","2","5","8","63","36","166","341","390","158","C0553706"
"21224","4214","2","3","12","41","219","339","34","540","117","C0553706"
"21225","5023","2","5","7","34","52","216","395","549","674","C0553706"
"21226","6948","2","5","7","48","51","105","139","186","245","C0553706"
"21227","54463","2","3","2","48","57","110","141","359","462","C0553720"
"21228","26277","2","3","12","19","31","1","426","1","78","C0553720"
"21229","3106","2","5","7","34","52","119","395","549","674","C0553720"
"21230","2673","2","3","2","110","94","178","226","297","380","C0553720"
"21231","4313","2","5","7","53","51","342","454","573","492","C0553720"
"21232","1786","2","3","12","19","31","1","426","55","78","C0553723"
"21233","1717","2","3","2","19","151","276","48","69","204","C0553723"
"21234","54880","2","3","12","19","31","1","426","55","78","C0553723"
"21235","4308","2","5","8","63","45","193","306","390","158","C0553723"
"21236","2778","2","5","4","68","96","326","427","548","672","C0553723"
"21237","843","2","3","12","41","219","339","156","568","697","C0553723"
"21238","182","2","5","7","53","51","143","428","236","667","C0553723"
"21239","8200","2","5","7","53","51","342","259","423","389","C0553723"
"21240","54453","2","5","7","60","54","24","30","46","72","C0553723"
"21241","7461","2","3","7","60","153","40","38","93","75","C0553723"
"21242","2673","2","3","2","110","94","178","226","297","380","C0553723"
"21243","4352","2","5","7","53","14","20","25","40","186","C0553730"
"21244","1302","2","5","7","53","51","342","454","573","492","C0553730"
"21245","23169","2","3","2","78","205","112","430","429","544","C0553730"
"21246","5144","2","3","4","68","96","326","427","548","672","C0553730"
"21247","3248","2","3","2","69","83","133","167","224","301","C0553730"
"21248","641","2","3","12","19","31","261","116","1","86","C0553730"
"21249","170302","2","3","3","19","221","321","428","541","667","C0553730"
"21250","6354","2","5","4","68","96","326","427","548","672","C0553730"
"21251","4625","2","3","8","63","45","23","103","464","187","C0553730"
"21252","5961","2","5","7","27","51","326","126","414","702","C0553730"
"21253","1836","2","3","2","35","41","94","260","330","375","C0553730"
"21254","23592","2","3","12","26","105","342","259","423","389","C0553730"
"21255","778","2","5","8","63","36","166","341","223","158","C0553730"
"21256","6775","2","5","7","53","14","119","25","40","186","C0553980"
"21257","658","2","5","7","53","51","342","259","423","389","C0553980"
"21258","7415","2","3","7","34","52","216","395","536","445","C0553980"
"21259","3423","2","3","5","74","3","342","374","294","590","C0553980"
"21260","3476","2","3","12","76","137","76","136","472","435","C0553980"
"21261","9150","2","3","12","19","31","261","116","159","211","C0553980"
"21262","1491","2","3","2","14","156","168","117","7","111","C0553980"
"21263","6648","2","3","2","95","151","160","378","173","229","C0553980"
"21264","23503","2","3","6","11","142","225","142","220","298","C0553980"
"21265","2071","2","3","12","19","31","261","116","159","211","C0553980"
"21266","6103","2","3","12","76","153","40","38","54","75","C0553982"
"21267","189","2","3","5","43","161","305","409","208","482","C0553982"
"21268","7474","2","5","3","68","221","184","259","544","669","C0553982"
"21269","2683","2","3","7","34","52","216","395","549","617","C0553982"
"21270","3486","2","5","7","53","51","342","454","573","492","C0553982"
"21271","26276","2","3","7","60","81","184","341","66","203","C0553982"
"21272","4436","2","3","12","19","31","261","116","1","86","C0553982"
"21273","64094","2","5","7","68","51","119","395","549","674","C0553982"
"21274","673","2","5","7","53","14","20","34","540","68","C0553982"
"21275","10058","2","3","5","44","50","209","68","11","141","C0553982"
"21276","3897","2","5","7","53","51","335","444","560","373","C0553982"
"21277","6662","2","3","3","19","221","321","428","541","667","C0553982"
"21278","3718","2","5","7","53","14","20","25","40","186","C0553982"
"21279","51524","2","5","7","45","94","199","240","415","666","C0553982"
"21280","4256","2","5","7","53","51","342","454","573","492","C0553982"
"21281","8626","2","3","3","19","221","321","428","541","667","C0553982"
"21282","3549","2","5","3","53","51","197","259","560","422","C0554101"
"21283","9531","2","3","12","41","219","339","347","271","356","C0554101"
"21284","1499","2","3","12","19","221","197","259","560","422","C0554101"
"21285","26128","2","3","12","76","153","40","38","54","154","C0554101"
"21286","8260","2","3","12","41","85","266","76","287","78","C0554101"
"21287","1584","2","3","5","79","159","256","276","353","456","C0554101"
"21288","51651","2","3","12","41","219","339","156","568","605","C0554101"
"21289","1513","2","5","7","53","51","342","454","573","492","C0554101"
"21290","1277","2","5","7","53","51","342","454","573","492","C0554101"
"21291","412","2","3","5","105","155","250","291","152","420","C0554101"
"21292","8431","2","3","3","19","151","276","91","433","118","C0554101"
"21293","9215","2","5","2","27","36","150","430","215","628","C0554101"
"21294","7020","2","3","12","19","31","276","91","433","664","C0554101"
"21295","5573","2","3","12","19","184","118","155","287","116","C0554101"
"21296","860","2","3","12","19","31","276","91","433","118","C0554101"
"21297","8813","2","3","2","48","116","142","136","280","363","C0554101"
"21298","4780","2","3","12","19","31","276","91","433","118","C0554103"
"21299","9132","2","5","8","63","36","166","106","110","158","C0554103"
"21300","4548","2","3","2","15","85","105","139","186","245","C0554103"
"21301","6891","2","3","12","41","116","119","156","568","116","C0554103"
"21302","6324","2","5","7","63","36","166","341","223","158","C0554103"
"21303","51702","2","3","12","19","31","1","426","55","78","C0556385"
"21304","60681","2","3","12","48","124","75","136","271","212","C0556385"
"21305","4771","2","5","7","60","36","71","177","64","215","C0556385"
"21306","2304","2","3","12","19","221","321","428","541","667","C0558165"
"21307","5932","2","3","12","19","31","261","116","1","86","C0558165"
"21308","4000","2","3","12","26","105","178","226","297","156","C0558165"
"21309","6197","2","3","12","19","14","20","34","540","68","C0558165"
"21310","2255","2","5","7","53","14","20","25","40","186","C0558165"
"21311","4720","2","3","2","48","170","50","119","444","556","C0558165"
"21312","6794","2","3","12","53","14","20","34","540","68","C0558165"
"21313","8910","2","5","8","63","45","23","103","464","187","C0558165"
"21314","4920","2","5","7","53","14","20","259","560","373","C0558165"
"21315","9241","2","5","7","53","51","342","259","423","389","C0558165"
"21316","5125","2","5","6","11","51","225","142","220","298","C0558165"
"21317","4221","2","3","12","19","31","342","454","573","492","C0558165"
"21318","29922","2","3","2","72","109","182","235","307","506","C0558165"
"21319","538","2","3","8","63","45","23","103","464","187","C0558165"
"21320","5277","2","3","2","61","77","142","176","235","317","C0558242"
"21321","4643","2","5","7","60","14","20","25","40","215","C0558242"
"21322","1312","2","3","2","87","79","105","426","129","25","C0558242"
"21323","10019","2","5","7","53","14","20","25","40","116","C0558242"
"21324","9573","2","5","7","53","51","342","259","423","389","C0558242"
"21325","8842","2","5","5","53","82","147","184","179","328","C0558242"
"21326","1161","2","3","12","41","116","268","434","468","213","C0558242"
"21327","3664","2","5","7","53","184","119","156","287","116","C0558242"
"21328","5745","2","5","4","68","96","326","427","548","672","C0558242"
"21329","26191","2","5","7","53","14","20","25","40","186","C0558242"
"21330","1302","2","5","7","53","51","342","454","573","492","C0558845"
"21331","10804","2","3","12","76","153","40","38","54","75","C0558845"
"21332","29954","2","5","2","27","206","324","430","215","290","C0558845"
"21333","5925","2","3","12","19","31","1","426","55","78","C0558845"
"21334","9531","2","3","12","41","219","339","347","271","356","C0558845"
"21335","5155","2","5","7","53","51","342","454","573","186","C0558845"
"21336","4899","2","3","3","19","151","276","91","433","118","C0558845"
"21337","29072","2","3","12","19","31","1","426","55","78","C0558845"
"21338","6495","2","3","3","19","221","321","428","541","667","C0560346"
"21339","3075","2","5","7","53","51","119","395","549","674","C0560346"
"21340","9289","2","5","4","68","96","326","427","548","672","C0560346"
"21341","6690","2","5","7","68","51","119","395","549","674","C0560346"
"21342","10","2","3","12","91","214","261","116","1","86","C0560346"
"21343","50939","2","3","12","76","153","40","38","472","435","C0560346"
"21344","28956","2","5","7","34","52","216","395","359","462","C0560346"
"21345","4952","2","3","5","60","54","184","30","544","669","C0563243"
"21346","6495","2","3","3","19","221","321","428","541","667","C0563243"
"21347","5979","2","5","7","53","14","20","25","40","186","C0563243"
"21348","6833","2","5","8","45","36","166","240","415","666","C0563243"
"21349","23451","2","3","2","22","33","323","66","101","136","C0563243"
"21350","1548","2","3","5","91","214","226","326","447","586","C0563243"
"21351","4256","2","5","7","53","51","342","454","573","492","C0563243"
"21352","6885","2","3","12","41","219","339","156","568","697","C0563243"
"21353","2495","2","3","7","34","52","216","395","274","358","C0563243"
"21354","2260","2","5","7","53","14","20","25","40","186","C0563243"
"21355","1728","2","3","2","41","116","268","434","568","605","C0563243"
"21356","9364","2","5","7","60","54","24","30","46","72","C0563449"
"21357","2099","2","3","12","19","151","276","91","433","118","C0563449"
"21358","7421","2","3","3","19","151","276","91","433","118","C0563449"
"21359","3592","2","5","7","53","51","119","25","489","416","C0563449"
"21360","54808","2","3","12","76","153","40","38","54","75","C0564408"
"21361","5888","2","3","12","19","31","261","116","1","86","C0564408"
"21362","8653","2","3","12","110","85","237","136","472","127","C0564408"
"21363","3691","2","5","7","53","51","342","454","573","492","C0564408"
"21364","1308","2","5","7","53","51","119","454","573","492","C0564408"
"21365","1947","2","5","7","53","51","20","25","560","373","C0564408"
"21366","658","2","5","7","53","51","342","259","423","389","C0566602"
"21367","9244","2","5","7","53","51","119","25","40","416","C0566602"
"21368","1311","2","5","7","53","51","342","454","573","492","C0566602"
"21369","1145","2","5","8","27","70","99","162","216","290","C0566693"
"21370","6442","2","5","8","63","45","23","103","464","187","C0566693"
"21371","22802","2","5","8","63","45","23","34","464","187","C0566694"
"21372","3508","2","3","12","19","31","261","116","1","86","C0566694"
"21373","1301","2","5","7","53","51","342","454","573","492","C0566694"
"21374","5894","2","5","7","60","54","23","34","464","187","C0566694"
"21375","3043","2","5","7","34","52","216","395","549","116","C0566888"
"21376","6628","2","3","2","22","33","323","66","101","136","C0566888"
"21377","4886","2","5","4","68","96","326","427","548","672","C0566888"
"21378","5468","2","3","3","19","151","276","91","433","118","C0566888"
"21379","79797","2","3","2","11","142","225","214","220","144","C0566888"
"21380","2705","2","3","12","76","153","40","38","54","75","C0566888"
"21381","657","2","5","7","53","221","342","259","423","389","C0566899"
"21382","5745","2","5","4","68","96","326","427","548","672","C0566899"
"21383","7249","2","3","7","60","57","110","141","359","462","C0566899"
"21384","26227","2","3","2","41","137","44","208","81","108","C0566899"
"21385","1277","2","5","7","53","51","342","454","573","492","C0566899"
"21386","4540","2","3","2","48","170","50","119","444","556","C0566899"
"21387","5832","2","3","2","101","62","189","182","509","252","C0566899"
"21388","3785","2","5","8","63","36","166","106","110","158","C0566899"
"21389","5745","2","5","4","68","96","326","427","548","672","C0566899"
"21390","7415","2","3","7","34","52","216","395","536","445","C0566899"
"21391","54768","2","3","12","41","92","197","57","198","517","C0566899"
"21392","1499","2","3","12","19","221","197","259","560","422","C0566899"
"21393","3976","2","5","7","53","51","119","25","489","416","C0566899"
"21394","5832","2","3","2","101","62","189","182","509","252","C0566899"
"21395","3977","2","5","7","53","51","119","25","40","416","C0566899"
"21396","5290","2","3","7","53","14","20","25","40","186","C0566899"
"21397","2074","2","3","12","19","31","1","426","55","78","C0574769"
"21398","4094","2","3","12","19","31","276","91","433","118","C0574769"
"21399","3108","2","5","7","53","51","119","395","549","674","C0574769"
"21400","6598","2","3","12","19","31","1","426","55","78","C0574769"
"21401","2006","2","5","7","53","51","342","454","573","492","C0574769"
"21402","8878","2","3","12","41","219","339","156","568","697","C0575059"
"21403","538","2","3","8","63","45","23","103","464","187","C0575059"
"21404","6628","2","3","2","22","33","323","66","101","136","C0575059"
"21405","54209","2","5","7","53","51","119","395","549","674","C0575059"
"21406","3814","2","5","4","68","96","326","427","548","672","C0575059"
"21407","9723","2","5","7","53","51","342","79","560","373","C0575059"
"21408","4015","2","5","7","53","51","342","454","573","492","C0575059"
"21409","6197","2","3","12","19","14","20","34","540","68","C0575059"
"21410","25814","2","3","2","48","170","110","119","444","462","C0575059"
"21411","35","2","3","2","67","148","70","456","575","704","C0575059"
"21412","8074","2","5","7","53","14","20","25","40","186","C0575059"
"21413","5832","2","3","2","101","62","189","182","509","252","C0575059"
"21414","6885","2","3","12","41","219","339","156","568","697","C0575071"
"21415","25978","2","3","2","48","57","110","141","359","462","C0575071"
"21416","9241","2","5","7","53","51","342","259","423","389","C0575071"
"21417","54768","2","3","12","41","92","197","57","198","517","C0575071"
"21418","1290","2","5","7","53","51","342","454","573","492","C0575071"
"21419","2492","2","5","4","68","96","326","427","548","672","C0575071"
"21420","2022","2","5","7","53","51","342","259","423","389","C0575071"
"21421","3758","2","5","8","63","36","166","106","110","158","C0575071"
"21422","2254","2","5","7","53","14","20","25","40","186","C0575071"
"21423","1137","2","5","8","27","70","99","162","216","290","C0575071"
"21424","55572","2","3","2","48","170","50","119","444","556","C0575071"
"21425","7355","2","3","2","78","206","324","430","429","544","C0575071"
"21426","8985","2","5","7","53","51","342","454","573","492","C0575071"
"21427","54888","2","3","2","110","85","152","129","252","154","C0575071"
"21428","9210","2","5","7","53","51","342","454","573","492","C0575071"
"21429","27086","2","3","12","19","221","321","428","541","667","C0575071"
"21430","3481","2","5","7","53","51","342","454","573","492","C0575071"
"21431","4036","2","5","7","60","14","184","341","544","669","C0575071"
"21432","2736","2","3","12","41","116","321","428","54","667","C0575071"
"21433","8048","2","5","8","63","45","23","103","464","187","C0575071"
"21434","2263","2","5","7","53","14","20","25","40","186","C0575071"
"21435","5146","2","3","5","86","72","258","318","403","518","C0575071"
"21436","5144","2","3","4","68","96","326","427","548","672","C0575071"
"21437","1583","2","3","5","79","152","273","375","100","589","C0575071"
"21438","3476","2","3","12","76","137","76","136","472","435","C0575167"
"21439","9786","2","3","12","76","153","40","38","54","75","C0575167"
"21440","55704","2","3","12","76","153","40","38","54","75","C0575167"
"21441","259232","2","5","8","63","45","23","34","464","187","C0575167"
"21442","6314","2","3","12","19","31","1","426","568","78","C0575167"
"21443","4621","2","5","8","63","45","23","103","464","187","C0575167"
"21444","3630","2","5","7","53","14","20","25","40","186","C0575167"
"21445","2006","2","5","7","53","51","342","454","573","492","C0575167"
"21446","4000","2","3","12","26","105","178","226","297","156","C0575167"
"21447","2157","2","5","7","53","51","342","454","573","702","C0575167"
"21448","5573","2","3","12","19","184","118","155","287","116","C0575167"
"21449","2720","2","3","7","34","52","216","395","21","599","C0575167"
"21450","1959","2","3","3","19","151","276","91","433","118","C0575167"
"21451","10019","2","5","7","53","14","20","25","40","116","C0575167"
"21452","51422","2","3","2","48","57","110","141","359","462","C0575167"
"21453","3265","2","5","7","60","54","24","30","46","72","C0575167"
"21454","3636","2","3","5","80","14","20","25","40","186","C0575167"
"21455","860","2","3","12","19","31","276","91","433","118","C0575167"
"21456","958","2","5","7","53","51","119","156","568","697","C0575167"
"21457","6905","2","3","12","76","153","40","38","54","75","C0575170"
"21458","5788","2","5","7","34","52","216","395","549","674","C0575170"
"21459","79583","2","5","8","27","70","99","38","54","75","C0575497"
"21460","55193","2","3","12","19","31","1","426","55","78","C0575497"
"21461","2184","2","3","5","76","153","138","236","332","407","C0575497"
"21462","50846","2","3","3","68","221","197","259","560","422","C0575497"
"21463","4513","2","3","2","48","170","110","141","359","532","C0575497"
"21464","4851","2","3","12","19","221","143","428","236","667","C0575535"
"21465","1301","2","5","7","53","51","342","454","573","492","C0575535"
"21466","191","2","3","5","80","81","105","426","129","690","C0575535"
"21467","3981","2","3","12","19","31","261","116","1","86","C0575535"
"21468","5194","2","3","5","43","161","305","409","208","482","C0575803"
"21469","3162","2","3","5","53","51","119","402","489","416","C0575803"
"21470","2215","2","5","7","34","52","216","395","549","674","C0575897"
"21471","25861","2","5","7","42","36","71","177","223","219","C0575897"
"21472","1617","2","3","2","22","33","323","66","101","468","C0575897"
"21473","4952","2","3","5","60","54","184","30","544","669","C0576225"
"21474","51684","2","3","12","41","116","268","38","54","75","C0576225"
"21475","2316","2","5","7","53","51","342","454","573","702","C0576225"
"21476","8777","2","5","7","42","36","71","177","223","219","C0576225"
"21477","8626","2","3","3","19","221","321","428","541","667","C0576225"
"21478","4864","2","3","5","48","152","184","341","544","669","C0576225"
"21479","10749","2","3","7","76","153","40","38","54","75","C0576225"
"21480","2260","2","5","7","53","14","20","25","40","186","C0576225"
"21481","2261","2","5","7","53","14","20","25","40","186","C0576227"
"21482","8890","2","3","2","110","85","237","433","547","671","C0576227"
"21483","5346","2","3","3","19","151","276","91","433","118","C0576227"
"21484","641","2","3","12","19","31","261","116","1","86","C0576860"
"21485","1778","2","3","7","76","153","40","38","54","75","C0576860"
"21486","9839","2","3","3","19","221","321","428","541","667","C0576860"
"21487","3295","2","3","5","43","161","305","409","208","482","C0576860"
"21488","4893","2","5","7","34","52","24","30","46","72","C0576860"
"21489","613","2","5","7","60","54","24","30","46","72","C0576860"
"21490","2260","2","5","7","53","14","20","25","40","186","C0576860"
"21491","6529","2","5","8","45","94","199","240","415","666","C0576860"
"21492","7084","2","3","2","72","109","115","62","268","353","C0576860"
"21493","54806","2","5","7","76","153","40","38","54","75","C0576860"
"21494","2","2","5","7","53","51","342","454","573","72","C0576860"
"21495","6792","2","5","7","53","14","20","34","540","68","C0576860"
"21496","8892","2","3","2","110","85","237","433","547","671","C0576860"
"21497","3852","2","1","6","11","142","225","142","220","298","C0578531"
"21498","2245","2","5","7","60","54","24","30","46","72","C0578531"
"21499","652","2","5","7","53","51","342","454","573","492","C0578626"
"21500","8200","2","5","7","53","51","342","259","423","389","C0578626"
"21501","2990","2","3","7","34","52","216","395","549","674","C0578626"
"21502","9533","2","3","2","19","31","1","426","55","78","C0578626"
"21503","3718","2","5","7","53","14","20","25","40","186","C0578626"
"21504","5621","2","5","8","27","36","342","454","573","628","C0578626"
"21505","10847","2","3","12","19","31","1","426","55","78","C0578626"
"21506","1392","2","5","4","68","96","326","427","548","672","C0578626"
"21507","1203","2","3","2","41","170","342","423","536","342","C0578626"
"21508","2053","2","3","5","80","81","305","409","208","482","C0578626"
"21509","23522","2","3","12","19","31","1","426","55","78","C0578626"
"21510","1605","2","5","7","53","51","342","454","573","492","C0578626"
"21511","84879","2","3","5","85","143","286","51","488","102","C0578626"
"21512","5648","2","5","7","53","51","119","395","549","674","C0578626"
"21513","5538","2","3","2","115","18","340","269","342","444","C0578626"
"21514","1297","2","5","7","53","51","342","454","573","492","C0578626"
"21515","2303","2","5","3","19","221","321","428","541","667","C0578626"
"21516","5518","2","3","12","76","153","40","38","54","435","C0578682"
"21517","1301","2","5","7","53","51","342","454","573","492","C0578682"
"21518","10806","2","3","12","76","153","40","38","54","75","C0578682"
"21519","412","2","3","5","105","155","250","291","152","420","C0578682"
"21520","7737","2","3","12","22","33","268","434","468","213","C0578682"
"21521","25974","2","3","7","48","51","105","139","186","245","C0578682"
"21522","2516","2","3","3","19","151","276","91","433","118","C0578682"
"21523","538","2","3","8","63","45","23","103","464","187","C0578682"
"21524","4541","2","3","2","48","170","50","119","444","24","C0578682"
"21525","8214","2","3","6","11","142","225","142","220","298","C0578682"
"21526","1749","2","3","3","19","221","321","428","541","667","C0578682"
"21527","10020","2","3","2","89","124","204","42","452","258","C0578682"
"21528","4000","2","3","12","26","105","178","226","297","156","C0578682"
"21529","4534","2","3","5","80","81","296","399","362","468","C0578878"
"21530","1828","2","5","7","34","52","216","142","220","298","C0578878"
"21531","6299","2","3","12","19","221","321","428","541","667","C0578878"
"21532","54499","2","3","2","48","170","50","119","444","593","C0581342"
"21533","4921","2","5","7","53","14","20","25","573","186","C0581342"
"21534","8869","2","3","2","89","124","204","272","347","451","C0581342"
"21535","25978","2","3","2","48","57","110","141","359","462","C0581342"
"21536","2263","2","5","7","53","14","20","25","40","186","C0581342"
"21537","9632","2","3","7","60","153","40","38","54","203","C0581342"
"21538","2033","2","3","12","19","31","1","91","433","118","C0581342"
"21539","50940","2","3","4","68","96","326","427","548","672","C0581342"
"21540","2263","2","5","7","53","14","20","25","40","186","C0581342"
"21541","7415","2","3","7","34","52","216","395","536","445","C0581342"
"21542","9652","2","3","2","110","85","237","433","547","671","C0581342"
"21543","6913","2","3","3","19","221","321","428","541","667","C0581342"
"21544","7201","2","5","4","68","96","326","427","548","672","C0581342"
"21545","4846","2","3","5","41","219","75","243","44","64","C0581342"
"21546","3845","2","5","7","60","54","24","30","46","72","C0581342"
"21547","4057","2","5","7","34","52","216","395","549","674","C0581342"
"21548","2033","2","3","12","19","31","1","91","433","118","C0581342"
"21549","6340","2","5","8","63","45","23","34","464","187","C0581342"
"21550","4000","2","3","12","26","105","178","226","297","156","C0581342"
"21551","10058","2","3","5","44","50","209","68","11","141","C0581342"
"21552","3592","2","5","7","53","51","119","25","489","416","C0581342"
"21553","4313","2","5","7","53","51","342","454","573","492","C0581342"
"21554","182","2","5","7","53","51","143","428","236","667","C0581342"
"21555","493753","2","1","6","11","142","225","188","145","193","C0581342"
"21556","3315","2","3","12","41","181","160","362","402","215","C0581342"
"21557","10516","2","5","7","53","51","342","454","573","492","C0581342"
"21558","7704","2","3","12","41","116","268","434","468","213","C0581342"
"21559","8139","2","3","12","41","116","268","434","468","213","C0581342"
"21560","6928","2","3","3","19","221","321","428","541","667","C0581354"
"21561","1141","2","5","8","27","70","99","162","216","290","C0581354"
"21562","54","2","3","5","80","81","178","195","256","342","C0581354"
"21563","6556","2","3","7","34","52","216","395","549","674","C0581354"
"21564","2592","2","3","2","68","117","196","257","326","419","C0581354"
"21565","2175","2","3","12","19","31","261","116","1","86","C0581354"
"21566","2767","2","5","4","68","96","326","427","548","672","C0581354"
"21567","30813","2","3","3","19","221","321","428","541","667","C0581354"
"21568","10049","2","3","12","22","219","339","347","271","356","C0581354"
"21569","9569","2","3","12","19","31","276","91","433","118","C0581354"
"21570","8092","2","3","3","19","221","321","428","541","667","C0581354"
"21571","1352","2","3","2","48","170","50","119","444","556","C0581354"
"21572","7050","2","3","12","19","31","321","428","541","667","C0581354"
"21573","668","2","3","12","19","221","321","428","541","664","C0581354"
"21574","8139","2","3","12","41","116","268","434","468","213","C0581354"
"21575","2006","2","5","7","53","51","342","454","573","492","C0581354"
"21576","1291","2","5","7","53","51","342","454","573","492","C0581354"
"21577","4041","2","5","3","68","221","197","259","560","422","C0581354"
"21578","8557","2","5","8","63","45","23","103","464","187","C0581354"
"21579","5443","2","5","4","68","96","326","427","548","672","C0581354"
"21580","2316","2","5","7","53","51","342","454","573","702","C0581354"
"21581","4524","2","3","2","15","166","104","369","117","583","C0581354"
"21582","10265","2","3","3","19","221","321","428","541","667","C0581381"
"21583","6469","2","5","3","53","221","197","259","560","422","C0581381"
"21584","6899","2","5","7","53","184","335","259","560","373","C0581381"
"21585","9211","2","5","7","27","36","150","341","223","628","C0581381"
"21586","3251","2","3","4","68","96","326","427","341","150","C0581381"
"21587","1290","2","5","7","53","51","342","454","573","492","C0581381"
"21588","29940","2","5","7","53","51","342","454","573","492","C0581381"
"21589","3048","2","3","12","19","31","118","155","287","116","C0581381"
"21590","189","2","3","5","43","161","305","409","208","482","C0581381"
"21591","57105","2","5","4","68","96","326","427","548","672","C0581381"
"21592","51750","2","3","12","19","31","261","116","1","86","C0581381"
"21593","860","2","3","12","19","31","276","91","433","118","C0581381"
"21594","3043","2","5","7","34","52","216","395","549","116","C0581381"
"21595","3284","2","3","2","69","98","169","299","183","243","C0581381"
"21596","26012","2","3","12","19","31","261","116","159","211","C0581381"
"21597","6690","2","5","7","68","51","119","395","549","674","C0581381"
"21598","4204","2","3","12","19","31","1","426","55","78","C0581381"
"21599","207","2","3","7","53","14","20","34","489","416","C0581381"
"21600","6439","2","5","5","68","96","185","238","310","272","C0581381"
"21601","2773","2","5","4","68","96","326","427","548","672","C0581381"
"21602","5979","2","5","7","53","14","20","25","40","186","C0581381"
"21603","6862","2","5","3","53","51","335","259","560","373","C0581391"
"21604","2778","2","5","4","68","96","326","427","548","672","C0581391"
"21605","10804","2","3","12","76","153","40","38","54","75","C0584837"
"21606","1373","2","3","8","84","97","167","210","271","536","C0584837"
"21607","29089","2","3","12","41","116","268","434","468","213","C0584837"
"21608","3835","2","3","12","76","153","40","38","54","75","C0584837"
"21609","3654","2","3","12","41","219","339","156","568","697","C0584837"
"21610","6901","2","3","2","48","170","50","304","167","593","C0584837"
"21611","8540","2","3","5","43","161","305","409","208","482","C0584837"
"21612","715","2","5","7","53","51","119","395","549","674","C0584837"
"21613","4846","2","3","5","41","219","75","243","44","64","C0584837"
"21614","6948","2","5","7","48","51","105","139","186","245","C0584837"
"21615","4784","2","3","2","22","33","261","116","159","211","C0584837"
"21616","6774","2","3","12","53","14","276","25","489","416","C0586323"
"21617","5184","2","3","5","80","81","166","52","105","349","C0586323"
"21618","50846","2","3","3","68","221","197","259","560","422","C0586553"
"21619","10585","2","5","2","27","206","324","430","215","290","C0586553"
"21620","1807","2","3","5","80","23","186","79","560","273","C0586553"
"21621","3708","2","5","8","63","45","23","306","390","158","C0586553"
"21622","7373","2","5","7","53","51","342","454","573","492","C0586553"
"21623","2200","2","5","7","53","51","342","454","573","492","C0586553"
"21624","221496","2","3","5","27","105","99","226","216","156","C0586553"
"21625","2317","2","5","7","63","45","23","103","287","664","C0586553"
"21626","9031","2","3","12","19","31","1","426","55","78","C0587246"
"21627","5422","2","3","12","19","31","261","116","1","86","C0587246"
"21628","7468","2","3","12","19","31","1","426","55","78","C0587246"
"21629","3481","2","5","7","53","51","342","454","573","492","C0587246"
"21630","4882","2","3","4","68","96","326","427","548","672","C0587246"
"21631","2572","2","3","2","67","57","190","152","197","93","C0587246"
"21632","785","2","5","8","63","36","166","106","110","158","C0587246"
"21633","23639","2","3","12","41","219","261","136","271","356","C0587246"
"21634","5184","2","3","5","80","81","166","52","105","349","C0587246"
"21635","23236","2","3","4","68","96","326","427","548","672","C0587246"
"21636","324","2","3","12","41","219","197","70","255","422","C0587246"
"21637","4261","2","3","12","53","184","119","156","287","116","C0587246"
"21638","3569","2","5","7","53","51","342","454","573","416","C0587246"
"21639","27429","2","3","12","41","219","339","156","568","697","C0587246"
"21640","5032","2","5","4","68","96","326","427","548","672","C0587246"
"21641","4729","2","3","2","48","170","50","119","444","556","C0587246"
"21642","6391","2","3","2","48","170","50","119","444","556","C0587246"
"21643","3930","2","3","2","22","33","323","66","3","464","C0587246"
"21644","355","2","3","7","41","219","339","156","568","697","C0587246"
"21645","7161","2","3","12","19","31","1","402","148","624","C0587246"
"21646","860","2","3","12","19","31","276","91","433","118","C0587246"
"21647","6519","2","3","5","45","94","199","240","415","666","C0587248"
"21648","1029","2","3","12","19","31","1","116","1","664","C0587248"
"21649","3040","2","5","5","53","51","342","40","78","178","C0587248"
"21650","11141","2","5","7","53","36","335","444","223","373","C0587248"
"21651","2316","2","5","7","53","51","342","454","573","702","C0587248"
"21652","6134","2","3","2","110","85","237","433","547","671","C0587248"
"21653","919","2","5","7","53","14","119","25","40","186","C0588008"
"21654","26012","2","3","12","19","31","261","116","159","211","C0588008"
"21655","4683","2","3","12","19","31","261","116","1","86","C0588008"
"21656","716","2","5","7","53","51","119","395","549","674","C0588008"
"21657","1528","2","3","5","91","214","271","372","471","586","C0588008"
"21658","2944","2","3","5","91","175","271","372","471","586","C0588008"
"21659","2263","2","5","7","53","14","20","25","40","186","C0595901"
"21660","2316","2","5","7","53","51","342","454","573","702","C0595901"
"21661","1896","2","5","12","41","219","339","156","568","697","C0595901"
"21662","5970","2","3","12","19","31","276","91","433","118","C0595901"
"21663","2260","2","5","7","53","14","20","25","40","186","C0595901"
"21664","3073","2","3","5","105","155","250","291","152","420","C0595901"
"21665","93589","2","5","8","63","36","166","341","223","158","C0595929"
"21666","1147","2","3","12","41","219","339","156","568","697","C0595929"
"21667","10149","2","5","5","63","36","166","332","220","158","C0595929"
"21668","8242","2","3","12","19","31","1","426","55","78","C0595929"
"21669","9451","2","3","2","110","51","335","226","297","380","C0595929"
"21670","6497","2","5","3","19","221","342","259","423","389","C0595929"
"21671","2155","2","5","7","53","51","119","454","549","674","C0595929"
"21672","1594","2","3","5","92","163","96","363","460","487","C0595929"
"21673","367","2","3","12","19","31","276","91","433","118","C0595929"
"21674","2969","2","3","12","19","31","276","91","433","118","C0595929"
"21675","55145","2","3","2","22","33","225","142","220","140","C0595929"
"21676","4683","2","3","12","19","31","261","116","1","86","C0595929"
"21677","5354","2","5","7","27","36","150","341","223","628","C0595929"
"21678","55630","2","3","5","27","81","99","162","216","290","C0595929"
"21679","554","2","5","4","68","96","326","427","548","672","C0595929"
"21680","10318","2","3","12","41","219","339","156","568","697","C0595929"
"21681","8647","2","3","5","46","158","252","352","449","563","C0595929"
"21682","1387","2","3","12","19","31","276","91","433","118","C0595929"
"21683","4041","2","5","3","68","221","197","259","560","422","C0595929"
"21684","5189","2","3","5","43","161","305","409","208","482","C0595929"
"21685","3691","2","5","7","53","51","342","454","573","492","C0595929"
"21686","2261","2","5","7","53","14","20","25","40","186","C0595929"
"21687","5335","2","3","7","53","14","20","25","40","186","C0595939"
"21688","2261","2","5","7","53","14","20","25","40","186","C0595939"
"21689","3547","2","5","7","53","51","119","395","549","674","C0595939"
"21690","1280","2","5","7","53","51","342","454","573","492","C0595939"
"21691","2741","2","5","8","27","70","99","162","216","290","C0595939"
"21692","6440","2","5","5","68","96","185","238","310","272","C0595939"
"21693","58","2","5","8","63","45","23","103","464","187","C0595939"
"21694","9573","2","5","7","53","51","342","259","423","389","C0595939"
"21695","3784","2","5","8","63","36","166","106","110","158","C0595939"
"21696","4261","2","3","12","53","184","119","156","287","116","C0595939"
"21697","4000","2","3","12","26","105","178","226","297","156","C0595939"
"21698","55752","2","3","2","76","108","293","141","305","387","C0595939"
"21699","2969","2","3","12","19","31","276","91","433","118","C0595939"
"21700","1282","2","5","7","53","51","342","454","573","492","C0595939"
"21701","10683","2","5","7","53","51","143","428","560","667","C0595939"
"21702","2316","2","5","7","53","51","342","454","573","702","C0595939"
"21703","8643","2","5","3","68","221","197","259","560","422","C0595939"
"21704","2316","2","5","7","53","51","342","454","573","702","C0595948"
"21705","10087","2","3","7","50","47","39","100","321","255","C0595948"
"21706","4214","2","3","12","41","219","339","34","540","117","C0595948"
"21707","9992","2","5","8","63","36","166","341","110","158","C0595948"
"21708","701","2","3","12","76","153","40","38","54","75","C0595948"
"21709","2719","2","5","7","53","51","342","454","573","492","C0595989"
"21710","5728","2","3","5","80","81","339","156","568","605","C0595989"
"21711","673","2","5","7","53","14","20","34","540","68","C0596263"
"21712","444","2","5","8","63","45","23","34","464","187","C0596263"
"21713","6821","2","3","5","114","211","332","175","556","256","C0596263"
"21714","2138","2","3","12","19","31","1","426","55","78","C0596263"
"21715","55505","2","3","2","110","85","237","433","547","671","C0596263"
"21716","5961","2","5","7","27","51","326","126","414","702","C0596263"
"21717","5660","2","5","7","34","52","326","427","548","702","C0596263"
"21718","7422","2","5","7","53","51","342","454","573","702","C0597167"
"21719","836","2","3","12","41","219","339","402","489","697","C0597167"
"21720","7020","2","3","12","19","31","276","91","433","664","C0597167"
"21721","51752","2","3","2","41","153","119","156","536","116","C0597167"
"21722","10661","2","3","12","19","31","1","426","55","78","C0597167"
"21723","2316","2","5","7","53","51","342","454","573","702","C0597167"
"21724","2512","2","3","7","34","52","216","395","544","358","C0597167"
"21725","1736","2","3","2","110","85","237","433","547","671","C0597167"
"21726","3030","2","3","2","48","57","339","44","65","31","C0597167"
"21727","2316","2","5","7","53","51","342","454","573","702","C0597167"
"21728","3786","2","5","8","63","36","166","106","110","158","C0597167"
"21729","8195","2","3","12","76","153","76","38","54","75","C0598275"
"21730","5913","2","5","7","27","36","71","341","223","219","C0598275"
"21731","585","2","3","12","76","153","40","38","54","75","C0598275"
"21732","51684","2","3","12","41","116","268","38","54","75","C0598275"
"21733","4790","2","3","7","34","52","216","166","129","697","C0598275"
"21734","5896","2","3","12","41","116","268","434","568","605","C0598275"
"21735","23495","2","3","12","41","219","339","156","568","697","C0598275"
"21736","2890","2","5","8","63","36","166","106","110","158","C0598275"
"21737","3172","2","3","3","19","151","276","91","433","118","C0598608"
"21738","4629","2","5","8","63","45","23","103","464","187","C0598608"
"21739","5443","2","5","4","68","96","326","427","548","672","C0598608"
"21740","5195","2","3","5","43","161","305","409","208","482","C0598608"
"21741","7054","2","3","5","80","81","166","34","258","345","C0598608"
"21742","23600","2","3","5","80","81","305","409","208","482","C0598608"
"21743","8643","2","5","3","68","221","197","259","560","422","C0598608"
"21744","585","2","3","12","76","153","40","38","54","75","C0598608"
"21745","6557","2","5","8","45","94","199","240","415","666","C0598608"
"21746","2200","2","5","7","53","51","342","454","573","492","C0598608"
"21747","760","2","3","5","35","41","77","40","78","178","C0598608"
"21748","2733","2","3","2","22","33","323","66","101","664","C0599035"
"21749","6134","2","3","2","110","85","237","433","547","671","C0599035"
"21750","54101","2","3","2","48","170","50","347","167","593","C0600031"
"21751","2639","2","3","2","71","148","34","160","115","164","C0600031"
"21752","5979","2","5","7","53","14","20","25","40","186","C0600031"
"21753","2132","2","3","2","74","58","112","148","193","263","C0600031"
"21754","338","2","5","7","53","51","342","454","573","492","C0600031"
"21755","4281","2","5","7","53","184","119","156","287","116","C0600031"
"21756","5573","2","3","12","19","184","118","155","287","116","C0600031"
"21757","7428","2","3","12","41","116","268","434","468","213","C0600031"
"21758","1535","2","5","7","34","52","216","395","549","674","C0600031"
"21759","4914","2","3","2","22","18","266","202","252","252","C0600031"
"21760","5077","2","3","3","19","221","321","428","541","667","C0600104"
"21761","7042","2","5","7","53","51","342","454","573","492","C0600104"
"21762","4998","2","3","12","76","31","261","116","1","86","C0600104"
"21763","8050","2","3","2","67","92","293","55","75","311","C0600104"
"21764","6867","2","3","12","76","153","40","38","54","75","C0600104"
"21765","25814","2","3","2","48","170","110","119","444","462","C0600104"
"21766","5077","2","3","3","19","221","321","428","541","667","C0600104"
"21767","11322","2","5","7","34","52","216","395","549","674","C0600104"
"21768","5034","2","5","7","53","51","342","454","573","492","C0600104"
"21769","6622","2","3","7","27","36","150","341","223","628","C0600104"
"21770","2719","2","5","7","53","51","342","454","573","492","C0600104"
"21771","4221","2","3","12","19","31","342","454","573","492","C0600104"
"21772","4952","2","3","5","60","54","184","30","544","669","C0600104"
"21773","2261","2","5","7","53","14","20","25","40","186","C0600104"
"21774","2224","2","3","3","19","151","276","91","433","118","C0600104"
"21775","9361","2","3","2","48","170","50","119","444","556","C0600104"
"21776","4780","2","3","12","19","31","276","91","433","118","C0600104"
"21777","8878","2","3","12","41","219","339","156","568","697","C0600104"
"21778","4615","2","3","12","41","219","339","156","568","697","C0600104"
"21779","4153","2","5","7","53","51","119","395","549","674","C0600104"
"21780","6913","2","3","3","19","221","321","428","541","667","C0600104"
"21781","84676","2","3","12","41","116","268","434","468","213","C0600104"
"21782","5573","2","3","12","19","184","118","155","287","116","C0600104"
"21783","5831","2","3","2","101","62","189","182","566","409","C0600104"
"21784","9150","2","3","12","19","31","261","116","159","211","C0600104"
"21785","23474","2","3","12","19","31","1","91","433","118","C0600228"
"21786","1062","2","3","12","76","153","40","38","54","75","C0600228"
"21787","6496","2","3","3","19","221","321","428","541","667","C0600228"
"21788","2645","2","3","2","90","167","266","367","101","664","C0600260"
"21789","9731","2","3","12","76","153","40","38","54","75","C0600260"
"21790","3458","2","5","7","53","184","119","156","287","116","C0600260"
"21791","6016","2","5","7","60","54","24","30","46","72","C0600260"
"21792","8905","2","5","7","60","153","184","341","544","669","C0600433"
"21793","340061","2","5","7","34","52","216","395","549","674","C0600433"
"21794","55636","2","3","3","19","221","321","428","423","389","C0600433"
"21795","3569","2","5","7","53","51","342","454","573","416","C0600467"
"21796","8644","2","3","2","46","175","227","167","224","301","C0600467"
"21797","5657","2","5","7","34","52","216","395","549","674","C0600467"
"21798","3887","2","1","6","11","142","225","142","220","298","C0600467"
"21799","1512","2","5","7","34","52","216","395","549","674","C0600467"
"21800","5832","2","3","2","101","62","189","182","509","252","C0600467"
"21801","3077","2","5","7","53","51","119","395","549","674","C0600467"
"21802","3730","2","5","7","53","14","20","25","40","186","C0600467"
"21803","5354","2","5","7","27","36","150","341","223","628","C0600467"
"21804","1487","2","3","12","19","31","1","426","55","340","C0600467"
"21805","1277","2","5","7","53","51","342","454","573","492","C0600467"
"21806","6532","2","5","8","45","94","199","240","415","666","C0600467"
"21807","3766","2","5","8","63","36","166","106","110","158","C0600519"
"21808","54556","2","3","12","19","31","1","426","55","78","C0600519"
"21809","7252","2","5","4","68","96","326","427","548","672","C0600519"
"21810","23312","2","5","7","60","36","71","341","223","624","C0600519"
"21811","2796","2","5","4","68","96","326","427","548","672","C0600519"
"21812","54795","2","5","8","63","45","193","306","390","158","C0677050"
"21813","5465","2","3","3","19","151","276","91","433","118","C0677050"
"21814","6885","2","3","12","41","219","339","156","568","697","C0677050"
"21815","54463","2","3","2","48","57","110","141","359","462","C0677050"
"21816","1440","2","5","7","53","51","119","25","489","416","C0677050"
"21817","7466","2","5","7","53","51","342","454","573","492","C0677050"
"21818","55131","2","3","2","110","85","237","433","547","671","C0677050"
"21819","7389","2","3","2","17","24","51","132","210","123","C0677050"
"21820","51371","2","3","12","41","116","268","434","568","605","C0677050"
"21821","53834","2","5","7","53","51","342","454","573","492","C0677050"
"21822","1559","2","3","5","91","214","226","11","348","172","C0677050"
"21823","2072","2","3","12","19","31","261","116","1","86","C0677598"
"21824","779","2","5","8","63","36","166","341","390","158","C0677598"
"21825","5015","2","3","3","19","221","321","428","541","667","C0677598"
"21826","1785","2","5","7","60","14","184","341","544","669","C0677598"
"21827","2624","2","3","12","19","31","1","155","287","116","C0677598"
"21828","2074","2","3","12","19","31","1","426","55","78","C0677598"
"21829","5621","2","5","8","27","36","342","454","573","628","C0677600"
"21830","6550","2","3","2","45","94","199","240","415","163","C0677600"
"21831","2072","2","3","12","19","31","261","116","1","86","C0677607"
"21832","6121","2","3","2","69","83","101","126","170","224","C0677607"
"21833","25886","2","3","12","76","153","76","136","472","435","C0677607"
"21834","5159","2","5","7","53","14","20","25","40","186","C0677607"
"21835","58","2","5","8","63","45","23","103","464","187","C0677776"
"21836","7048","2","5","7","53","51","342","259","423","389","C0677776"
"21837","4541","2","3","2","48","170","50","119","444","24","C0677776"
"21838","4893","2","5","7","34","52","24","30","46","72","C0677776"
"21839","6390","2","3","2","48","170","50","119","444","556","C0677776"
"21840","4647","2","5","7","60","83","101","126","170","224","C0677776"
"21841","5373","2","3","2","90","167","123","158","207","278","C0677776"
"21842","594","2","3","2","67","92","293","55","75","311","C0677776"
"21843","2778","2","5","4","68","96","326","427","548","672","C0677776"
"21844","1308","2","5","7","53","51","119","454","573","492","C0677776"
"21845","1280","2","5","7","53","51","342","454","573","492","C0677776"
"21846","2271","2","3","5","80","81","166","170","226","305","C0677776"
"21847","1594","2","3","5","92","163","96","363","460","487","C0677776"
"21848","5468","2","3","3","19","151","276","91","433","118","C0677776"
"21849","1311","2","5","7","53","51","342","454","573","492","C0677866"
"21850","3949","2","5","7","60","14","184","341","544","669","C0677866"
"21851","9401","2","3","12","76","31","261","116","1","86","C0677866"
"21852","4000","2","3","12","26","105","178","226","297","156","C0677866"
"21853","4790","2","3","7","34","52","216","166","129","697","C0677886"
"21854","3766","2","5","8","63","36","166","106","110","158","C0677886"
"21855","2313","2","3","12","19","31","276","91","433","118","C0677886"
"21856","57510","2","3","12","76","33","323","38","54","664","C0677886"
"21857","54880","2","3","12","19","31","1","426","55","78","C0677886"
"21858","51750","2","3","12","19","31","261","116","1","86","C0677886"
"21859","2067","2","3","12","19","31","261","116","1","86","C0677886"
"21860","7067","2","3","3","19","151","276","91","433","118","C0677886"
"21861","2132","2","3","2","74","58","112","148","193","263","C0677886"
"21862","411","2","3","7","34","52","216","395","549","674","C0678199"
"21863","2952","2","3","5","91","175","271","372","471","586","C0678199"
"21864","1029","2","3","12","19","31","1","116","1","664","C0678199"
"21865","4921","2","5","7","53","14","20","25","573","186","C0678213"
"21866","53335","2","3","12","19","31","1","426","55","78","C0678222"
"21867","641","2","3","12","19","31","261","116","1","86","C0678222"
"21868","5604","2","5","7","53","14","20","34","540","68","C0678222"
"21869","5116","2","3","12","76","153","40","38","54","75","C0678222"
"21870","9241","2","5","7","53","51","342","259","423","389","C0678222"
"21871","3909","2","5","7","53","51","342","454","573","492","C0678222"
"21872","930","2","5","7","53","14","119","25","40","186","C0678222"
"21873","2697","2","3","7","76","153","40","38","54","75","C0678222"
"21874","2798","2","5","4","68","96","326","427","548","672","C0678222"
"21875","4000","2","3","12","26","105","178","226","297","156","C0678222"
"21876","7148","2","5","7","53","51","342","454","573","492","C0678222"
"21877","476","2","3","8","63","45","23","103","464","187","C0678222"
"21878","25913","2","3","12","19","31","261","116","1","78","C0678222"
"21879","3930","2","3","2","22","33","323","66","3","464","C0678222"
"21880","1280","2","5","7","53","51","342","454","573","492","C0678222"
"21881","7849","2","3","3","19","221","321","428","541","667","C0678222"
"21882","6833","2","5","8","45","36","166","240","415","666","C0678222"
"21883","5328","2","5","7","34","52","216","395","549","674","C0678222"
"21884","3123","2","5","7","53","51","119","156","287","116","C0678222"
"21885","4942","2","3","2","67","94","199","182","509","666","C0678222"
"21886","5308","2","3","3","19","221","321","428","541","667","C0678222"
"21887","4524","2","3","2","15","166","104","369","117","583","C0678222"
"21888","4983","2","5","7","60","54","24","30","46","72","C0678222"
"21889","6905","2","3","12","76","153","40","38","54","75","C0678222"
"21890","4902","2","5","7","53","14","20","25","40","186","C0678222"
"21891","4054","2","5","7","53","51","342","454","573","492","C0678222"
"21892","23522","2","3","12","19","31","1","426","55","78","C0678306"
"21893","2582","2","3","2","78","206","324","430","429","544","C0678306"
"21894","6899","2","5","7","53","184","335","259","560","373","C0678306"
"21895","8626","2","3","3","19","221","321","428","541","667","C0678807"
"21896","147183","2","1","6","11","142","225","142","220","298","C0678807"
"21897","5921","2","5","7","60","14","24","25","40","215","C0678807"
"21898","6753","2","5","4","68","96","326","427","548","672","C0678807"
"21899","6403","2","5","7","53","51","342","454","573","702","C0678807"
"21900","10084","2","3","2","22","33","323","66","101","136","C0679145"
"21901","23426","2","5","7","42","36","71","177","223","219","C0679145"
"21902","5192","2","3","5","43","161","305","409","208","482","C0684219"
"21903","9215","2","5","2","27","36","150","430","215","628","C0684219"
"21904","23322","2","3","12","76","153","40","38","54","75","C0684219"
"21905","3952","2","5","3","53","151","276","91","433","118","C0684219"
"21906","3784","2","5","8","63","36","166","106","110","158","C0684219"
"21907","4286","2","3","12","19","31","261","116","1","664","C0684219"
"21908","4784","2","3","2","22","33","261","116","159","211","C0684249"
"21909","4719","2","3","2","48","170","50","119","444","556","C0684249"
"21910","7015","2","3","12","19","31","1","426","55","78","C0684249"
"21911","2157","2","5","7","53","51","342","454","573","702","C0684276"
"21912","54","2","3","5","80","81","178","195","256","342","C0684276"
"21913","8573","2","5","7","53","36","71","341","223","219","C0684276"
"21914","1910","2","5","4","68","96","326","427","548","672","C0684276"
"21915","1352","2","3","2","48","170","50","119","444","556","C0684276"
"21916","1747","2","3","3","19","221","321","428","541","667","C0684276"
"21917","9968","2","4","3","24","119","330","214","454","144","C0684276"
"21918","2719","2","5","7","53","51","342","454","573","492","C0684276"
"21919","6309","2","3","5","19","151","76","48","69","204","C0684276"
"21920","8481","2","3","12","76","153","40","38","54","75","C0684276"
"21921","2737","2","3","12","19","116","321","428","54","667","C0684276"
"21922","249","2","3","5","27","51","335","444","560","373","C0684276"
"21923","1337","2","3","2","48","170","110","141","359","462","C0684276"
"21924","867","2","5","7","53","14","184","25","40","669","C0684276"
"21925","59","2","5","8","63","45","23","103","464","187","C0684276"
"21926","355","2","3","7","41","219","339","156","568","697","C0684276"
"21927","3889","2","1","6","11","142","225","142","220","298","C0684276"
"21928","3440","2","3","12","19","184","118","155","287","116","C0684276"
"21929","5664","2","5","7","53","219","143","428","236","667","C0684276"
"21930","10907","2","3","2","22","33","323","66","101","136","C0684276"
"21931","9723","2","5","7","53","51","342","79","560","373","C0684276"
"21932","5743","2","3","5","53","175","119","167","489","416","C0684276"
"21933","1535","2","5","7","34","52","216","395","549","674","C0684276"
"21934","7048","2","5","7","53","51","342","259","423","389","C0684276"
"21935","4613","2","3","12","19","31","1","426","55","78","C0684276"
"21936","7274","2","3","5","43","161","99","162","216","290","C0684337"
"21937","1146","2","5","8","27","70","99","162","216","290","C0684337"
"21938","4000","2","3","12","26","105","178","226","297","156","C0684337"
"21939","7157","2","3","12","19","31","261","402","489","551","C0685381"
"21940","355","2","3","7","41","219","339","156","568","697","C0685381"
"21941","2245","2","5","7","60","54","24","30","46","72","C0685381"
"21942","5080","2","3","3","19","221","321","428","541","667","C0685381"
"21943","131","2","3","2","75","120","200","263","251","107","C0685381"
"21944","9531","2","3","12","41","219","339","347","271","356","C0685381"
"21945","27229","2","3","12","76","153","40","38","54","75","C0685381"
"21946","26504","2","3","5","42","81","296","399","201","274","C0685381"
"21947","51604","2","3","2","61","77","142","176","235","317","C0685381"
"21948","3767","2","5","8","63","36","166","106","110","158","C0685381"
"21949","4099","2","5","7","27","51","150","444","223","628","C0685381"
"21950","1301","2","5","7","53","51","342","454","573","492","C0685381"
"21951","4976","2","3","2","48","170","50","119","444","556","C0685381"
"21952","1718","2","3","2","54","90","84","48","69","204","C0685381"
"21953","1303","2","5","7","53","51","342","454","573","492","C0685381"
"21954","55703","2","3","2","22","33","261","116","159","211","C0685381"
"21955","3767","2","5","8","63","36","166","106","110","158","C0685381"
"21956","8239","2","3","12","41","219","339","156","568","605","C0685381"
"21957","51741","2","3","2","22","33","323","66","101","127","C0685381"
"21958","4724","2","3","2","48","170","50","119","444","556","C0685381"
"21959","132","2","3","2","110","85","237","433","80","394","C0685381"
"21960","1312","2","3","2","87","79","105","426","129","25","C0685381"
"21961","538","2","3","8","63","45","23","103","464","187","C0685381"
"21962","1813","2","5","4","68","96","326","427","548","672","C0685682"
"21963","6445","2","5","8","63","45","23","103","464","187","C0685682"
"21964","3954","2","3","2","48","170","67","119","444","593","C0685684"
"21965","5770","2","5","7","53","14","20","25","40","186","C0685684"
"21966","1134","2","5","8","27","70","99","162","216","290","C0685684"
"21967","5290","2","3","7","53","14","20","25","40","186","C0685684"
"21968","4436","2","3","12","19","31","261","116","1","86","C0685684"
"21969","3339","2","5","7","53","51","342","454","573","492","C0685695"
"21970","10342","2","3","7","60","219","40","202","66","203","C0685695"
"21971","4297","2","3","12","19","31","1","426","55","78","C0685695"
"21972","4548","2","3","2","15","85","105","139","186","245","C0685695"
"21973","672","2","3","12","19","31","261","116","1","86","C0685695"
"21974","1586","2","3","5","79","98","256","335","425","540","C0685695"
"21975","9897","2","3","12","76","18","75","38","1","212","C0685695"
"21976","26229","2","3","2","74","205","191","396","408","257","C0685695"
"21977","1947","2","5","7","53","51","20","25","560","373","C0685695"
"21978","551","2","5","4","68","96","326","427","548","672","C0685695"
"21979","8675","2","5","7","60","54","24","98","66","203","C0685775"
"21980","2261","2","5","7","53","14","20","25","40","186","C0685775"
"21981","1373","2","3","8","84","97","167","210","271","536","C0685775"
"21982","11284","2","3","12","19","31","261","116","1","86","C0685776"
"21983","1848","2","3","5","42","81","296","399","201","274","C0685776"
"21984","3329","2","3","2","48","170","50","304","167","593","C0685776"
"21985","16","2","3","2","110","85","237","433","547","154","C0685787"
"21986","9791","2","3","8","45","94","199","240","415","666","C0685787"
"21987","5826","2","3","7","48","161","105","139","186","245","C0685787"
"21988","55315","2","3","5","80","81","296","62","94","150","C0685787"
"21989","34","2","3","2","19","151","276","91","433","118","C0685787"
"21990","5972","2","5","5","34","52","216","397","418","568","C0685787"
"21991","2879","2","3","5","80","81","166","378","173","229","C0685837"
"21992","54361","2","5","3","68","221","197","259","560","422","C0685837"
"21993","4591","2","3","12","41","116","268","434","468","213","C0685837"
"21994","26276","2","3","7","60","81","184","341","66","203","C0685837"
"21995","54808","2","3","12","76","153","40","38","54","75","C0685837"
"21996","80144","2","5","7","53","51","335","444","560","373","C0685838"
"21997","1277","2","5","7","53","51","342","454","573","492","C0685838"
"21998","132","2","3","2","110","85","237","433","80","394","C0685838"
"21999","1278","2","5","7","53","51","342","454","573","492","C0685838"
"22000","3439","2","3","12","19","184","118","155","287","116","C0685838"
"22001","2767","2","5","4","68","96","326","427","548","672","C0685840"
"22002","81848","2","5","7","53","14","20","25","40","186","C0685840"
"22003","2953","2","3","5","91","175","271","372","471","586","C0685840"
"22004","3549","2","5","3","53","51","197","259","560","422","C0685840"
"22005","9094","2","5","7","27","36","150","341","331","624","C0685840"
"22006","5468","2","3","3","19","151","276","91","433","118","C0685840"
"22007","7681","2","3","12","41","116","268","434","468","213","C0685840"
"22008","9871","2","3","7","60","153","40","38","54","203","C0685840"
"22009","7227","2","3","12","19","31","276","91","433","118","C0685840"
"22010","6513","2","5","7","90","216","337","448","565","562","C0685840"
"22011","5073","2","3","2","110","85","323","433","146","194","C0685840"
"22012","12","2","5","7","34","52","216","395","549","674","C0685840"
"22013","10840","2","3","5","15","166","104","369","213","287","C0685840"
"22014","11285","2","3","2","74","205","191","396","408","620","C0685840"
"22015","5830","2","3","5","43","161","305","409","208","482","C0685840"
"22016","3991","2","3","5","80","81","166","57","83","658","C0685840"
"22017","55572","2","3","2","48","170","50","119","444","556","C0685840"
"22018","2260","2","5","7","53","14","20","25","40","186","C0685840"
"22019","348","2","5","7","53","51","342","454","573","492","C0685840"
"22020","207","2","3","7","53","14","20","34","489","416","C0685840"
"22021","7840","2","3","12","76","153","40","38","54","75","C0685840"
"22022","25978","2","3","2","48","57","110","141","359","462","C0685840"
"22023","2706","2","3","12","76","153","40","38","54","75","C0685840"
"22024","50944","2","5","7","60","36","71","341","223","219","C0685840"
"22025","6833","2","5","8","45","36","166","240","415","666","C0685840"
"22026","9101","2","3","12","41","219","339","156","568","605","C0685840"
"22027","9896","2","3","5","80","81","296","399","201","274","C0685840"
"22028","51816","2","5","7","34","52","216","395","549","674","C0685840"
"22029","1356","2","3","7","53","51","342","454","573","492","C0685840"
"22030","5190","2","3","5","43","161","305","409","208","482","C0685840"
"22031","4233","2","5","7","53","14","20","25","40","186","C0685889"
"22032","8878","2","3","12","41","219","339","156","568","697","C0685889"
"22033","4436","2","3","12","19","31","261","116","1","86","C0685891"
"22034","3981","2","3","12","19","31","261","116","1","86","C0685891"
"22035","4214","2","3","12","41","219","339","34","540","117","C0685891"
"22036","23314","2","3","3","19","221","321","428","541","667","C0685891"
"22037","2243","2","5","7","53","51","342","454","573","492","C0685891"
"22038","2811","2","5","7","53","51","1","454","573","78","C0685891"
"22039","2244","2","5","7","53","51","342","454","573","492","C0685891"
"22040","9342","2","5","7","34","52","216","395","549","674","C0685891"
"22041","2033","2","3","12","19","31","1","91","433","118","C0685891"
"22042","368","2","3","12","41","116","268","423","536","445","C0685891"
"22043","1075","2","5","7","34","52","216","395","549","674","C0685891"
"22044","1962","2","3","5","43","161","305","409","208","482","C0685891"
"22045","540","2","5","8","63","45","23","103","464","187","C0685891"
"22046","3329","2","3","2","48","170","50","304","167","593","C0685891"
"22047","6392","2","3","2","48","170","50","119","444","556","C0685891"
"22048","658","2","5","7","53","51","342","259","423","389","C0686353"
"22049","5728","2","3","5","80","81","339","156","568","605","C0686353"
"22050","7040","2","5","7","53","51","342","454","573","492","C0686353"
"22051","4255","2","3","12","19","31","261","116","1","86","C0686353"
"22052","4988","2","5","4","68","96","326","427","548","672","C0686353"
"22053","6299","2","3","12","19","221","321","428","541","667","C0686353"
"22054","3852","2","1","6","11","142","225","142","220","298","C0686353"
"22055","55109","2","5","7","42","81","184","118","543","214","C0687120"
"22056","26277","2","3","12","19","31","1","426","1","78","C0687120"
"22057","5396","2","3","3","19","221","321","428","541","667","C0687120"
"22058","3725","2","3","12","19","31","261","116","336","152","C0687120"
"22059","6154","2","3","2","110","85","237","433","547","671","C0687120"
"22060","1956","2","5","7","53","14","184","45","544","669","C0687120"
"22061","54820","2","3","12","76","153","40","38","54","75","C0687120"
"22062","7043","2","5","7","53","51","342","454","573","492","C0687120"
"22063","8260","2","3","12","41","85","266","76","287","78","C0687120"
"22064","3481","2","5","7","53","51","342","454","573","492","C0687120"
"22065","4695","2","3","2","48","170","50","119","444","556","C0687120"
"22066","2073","2","3","12","19","31","261","116","1","86","C0687120"
"22067","4125","2","3","7","34","52","216","395","549","674","C0687120"
"22068","29108","2","5","7","34","52","216","395","549","674","C0687120"
"22069","9939","2","3","2","22","33","323","66","101","136","C0687120"
"22070","4627","2","5","7","63","45","184","103","572","658","C0687120"
"22071","3394","2","5","7","53","184","119","156","287","116","C0687120"
"22072","5825","2","3","5","47","144","185","238","310","392","C0687120"
"22073","8260","2","3","12","41","85","266","76","287","78","C0687132"
"22074","9180","2","5","7","53","51","119","25","549","416","C0687132"
"22075","1910","2","5","4","68","96","326","427","548","672","C0687132"
"22076","11322","2","5","7","34","52","216","395","549","674","C0687132"
"22077","3383","2","5","7","53","51","119","454","287","116","C0687132"
"22078","6392","2","3","2","48","170","50","119","444","556","C0687149"
"22079","1589","2","3","5","79","186","215","297","379","491","C0687149"
"22080","116","2","5","4","68","96","326","427","548","672","C0687149"
"22081","7021","2","3","12","19","31","261","91","433","664","C0687149"
"22082","4853","2","3","12","19","124","143","428","236","667","C0687149"
"22083","8398","2","3","5","116","183","40","38","352","455","C0687149"
"22084","54487","2","3","2","22","33","323","66","101","136","C0687149"
"22085","5961","2","5","7","27","51","326","126","414","702","C0687149"
"22086","81","2","5","7","53","51","342","454","573","702","C0687149"
"22087","9871","2","3","7","60","153","40","38","54","203","C0687149"
"22088","9126","2","3","12","76","153","40","38","54","75","C0687149"
"22089","9321","2","3","12","76","153","40","38","54","203","C0687149"
"22090","1029","2","3","12","19","31","1","116","1","664","C0687149"
"22091","29929","2","3","2","48","69","99","162","216","290","C0687149"
"22092","1280","2","5","7","53","51","342","454","573","492","C0687149"
"22093","8626","2","3","3","19","221","321","428","541","667","C0687149"
"22094","348","2","5","7","53","51","342","454","573","492","C0687149"
"22095","6804","2","5","7","60","36","71","341","223","219","C0687149"
"22096","3679","2","5","7","53","51","342","454","573","492","C0687149"
"22097","2187","2","3","12","19","31","261","116","1","86","C0687720"
"22098","324","2","3","12","41","219","197","70","255","422","C0687720"
"22099","2736","2","3","12","41","116","321","428","54","667","C0687720"
"22100","5296","2","5","7","53","14","20","25","40","186","C0687720"
"22101","5318","2","1","6","11","142","225","142","220","298","C0687720"
"22102","6347","2","5","7","53","51","119","427","489","416","C0687751"
"22103","7259","2","3","12","19","31","1","426","55","78","C0687751"
"22104","51259","2","3","2","76","153","40","38","54","75","C0687751"
"22105","2736","2","3","12","41","116","321","428","54","667","C0687751"
"22106","6792","2","5","7","53","14","20","34","540","68","C0687751"
"22107","1420","2","3","6","63","45","160","362","177","673","C0687751"
"22108","25836","2","3","12","76","153","40","38","54","75","C0687751"
"22109","5167","2","3","5","32","93","163","207","303","126","C0694550"
"22110","6683","2","3","12","76","153","40","38","54","75","C0694550"
"22111","4921","2","5","7","53","14","20","25","573","186","C0694550"
"22112","23495","2","3","12","41","219","339","156","568","697","C0694550"
"22113","673","2","5","7","53","14","20","34","540","68","C0694550"
"22114","5743","2","3","5","53","175","119","167","489","416","C0694550"
"22115","3239","2","3","3","19","221","321","428","541","667","C0694550"
"22116","10000","2","5","7","53","14","20","34","540","68","C0694550"
"22117","25978","2","3","2","48","57","110","141","359","462","C0694550"
"22118","5828","2","3","5","43","161","305","409","208","482","C0694550"
"22119","9742","2","3","12","76","153","40","38","54","75","C0694550"
"22120","3040","2","5","5","53","51","342","40","78","178","C0694550"
"22121","440822","2","3","2","22","33","323","141","359","194","C0694550"
"22122","5824","2","3","5","47","144","185","238","310","392","C0694550"
"22123","546","2","3","12","19","31","261","426","1","86","C0694550"
"22124","4843","2","3","5","43","161","305","409","489","416","C0694550"
"22125","50846","2","3","3","68","221","197","259","560","422","C0694550"
"22126","3764","2","5","8","63","36","166","106","110","158","C0694550"
"22127","10342","2","3","7","60","219","40","202","66","203","C0694550"
"22128","3909","2","5","7","53","51","342","454","573","492","C0694550"
"22129","2719","2","5","7","53","51","342","454","573","492","C0694550"
"22130","3593","2","5","7","53","51","119","25","489","416","C0694550"
"22131","1836","2","3","2","35","41","94","260","330","375","C0694550"
"22132","26278","2","3","12","41","116","268","347","271","356","C0694550"
"22133","3759","2","5","8","63","36","166","106","110","158","C0694550"
"22134","4540","2","3","2","48","170","50","119","444","556","C0694550"
"22135","3119","2","5","7","53","153","119","156","287","116","C0694550"
"22136","10484","2","3","7","60","153","40","38","54","203","C0694550"
"22137","3759","2","5","8","63","36","166","106","110","158","C0694550"
"22138","3479","2","5","7","53","51","342","454","573","492","C0694563"
"22139","1302","2","5","7","53","51","342","454","573","492","C0694563"
"22140","2161","2","5","7","68","51","119","395","549","674","C0694563"
"22141","3265","2","5","7","60","54","24","30","46","72","C0694563"
"22142","760","2","3","5","35","41","77","40","78","178","C0694563"
"22143","6103","2","3","12","76","153","40","38","54","75","C0694563"
"22144","7040","2","5","7","53","51","342","454","573","492","C0694563"
"22145","23092","2","5","7","60","54","24","30","46","72","C0694563"
"22146","5745","2","5","4","68","96","326","427","548","672","C0694563"
"22147","4647","2","5","7","60","83","101","126","170","224","C0694563"
"22148","3514","2","5","7","53","51","119","395","549","674","C0694563"
"22149","118429","2","5","8","53","51","197","454","540","422","C0694563"
"22150","2706","2","3","12","76","153","40","38","54","75","C0694563"
"22151","8878","2","3","12","41","219","339","156","568","697","C0694563"
"22152","10134","2","3","2","41","219","339","156","536","342","C0699743"
"22153","8626","2","3","3","19","221","321","428","541","667","C0699743"
"22154","10084","2","3","2","22","33","323","66","101","136","C0699743"
"22155","783","2","5","8","63","36","166","106","110","158","C0699743"
"22156","4222","2","3","3","19","221","321","428","541","667","C0699743"
"22157","207","2","3","7","53","14","20","34","489","416","C0699743"
"22158","3674","2","5","7","53","51","342","454","573","492","C0699743"
"22159","9051","2","5","7","60","14","20","25","40","215","C0699743"
"22160","3815","2","5","7","53","14","20","25","40","186","C0699743"
"22161","5728","2","3","5","80","81","339","156","568","605","C0699743"
"22162","2588","2","3","7","34","52","216","395","549","674","C0699743"
"22163","8518","2","3","12","19","31","1","426","55","78","C0699743"
"22164","9927","2","3","12","19","31","118","155","287","116","C0699743"
"22165","6197","2","3","12","19","14","20","34","540","68","C0699743"
"22166","5956","2","5","4","68","96","326","427","548","672","C0699791"
"22167","10555","2","3","7","34","52","216","395","549","622","C0699791"
"22168","7084","2","3","2","72","109","115","62","268","353","C0699791"
"22169","2316","2","5","7","53","51","342","454","573","702","C0699791"
"22170","5191","2","3","5","43","161","305","409","208","482","C0699791"
"22171","22995","2","3","12","76","153","40","38","54","75","C0699791"
"22172","3630","2","5","7","53","14","20","25","40","186","C0699791"
"22173","9640","2","3","12","19","31","261","116","159","211","C0699791"
"22174","4792","2","3","12","41","219","339","156","568","605","C0699791"
"22175","4512","2","3","2","48","170","110","141","359","8","C0699791"
"22176","7415","2","3","7","34","52","216","395","536","445","C0699791"
"22177","6888","2","3","2","90","167","266","367","500","577","C0699885"
"22178","4337","2","3","2","80","91","75","204","267","352","C0699885"
"22179","5728","2","3","5","80","81","339","156","568","605","C0700198"
"22180","7436","2","5","7","53","51","342","341","544","669","C0700198"
"22181","1758","2","5","7","53","51","342","454","573","492","C0700198"
"22182","51259","2","3","2","76","153","40","38","54","75","C0700198"
"22183","7124","2","3","12","41","219","339","156","568","697","C0700198"
"22184","9817","2","3","12","41","116","268","434","468","213","C0700198"
"22185","10269","2","3","2","48","182","50","119","444","556","C0700198"
"22186","3784","2","5","8","63","36","166","106","110","158","C0700198"
"22187","1528","2","3","5","91","214","271","372","471","586","C0700225"
"22188","11232","2","3","3","19","151","276","91","433","118","C0700225"
"22189","6514","2","5","7","90","216","337","448","565","562","C0700225"
"22190","3035","2","3","2","110","85","237","433","547","154","C0700225"
"22191","23395","2","3","2","110","85","67","76","252","154","C0700225"
"22192","6736","2","3","12","19","31","276","91","433","667","C0700225"
"22193","2263","2","5","7","53","14","20","25","40","186","C0700225"
"22194","3651","2","3","3","19","221","321","428","541","667","C0700292"
"22195","3691","2","5","7","53","51","342","454","573","492","C0700292"
"22196","229","2","3","2","90","167","266","367","500","577","C0700299"
"22197","6496","2","3","3","19","221","321","428","541","667","C0700299"
"22198","123016","2","3","12","76","153","40","38","54","75","C0700299"
"22199","545","2","3","12","19","31","261","116","1","86","C0700359"
"22200","5244","2","3","3","41","151","276","91","433","118","C0700359"
"22201","116369","2","5","8","35","41","199","40","415","666","C0700359"
"22202","324","2","3","12","41","219","197","70","255","422","C0700359"
"22203","196","2","3","3","19","151","276","91","433","118","C0700501"
"22204","7353","2","3","12","41","219","339","156","568","605","C0700501"
"22205","5589","2","5","7","53","51","342","454","573","492","C0700501"
"22206","1158","2","3","2","72","115","66","72","507","35","C0700501"
"22207","2908","2","3","12","19","151","276","91","433","118","C0700501"
"22208","5318","2","1","6","11","142","225","142","220","298","C0700502"
"22209","894","2","3","12","19","31","1","34","540","68","C0700502"
"22210","538","2","3","8","63","45","23","103","464","187","C0700595"
"22211","3766","2","5","8","63","36","166","106","110","158","C0700595"
"22212","775","2","5","8","63","36","166","341","223","158","C0700635"
"22213","6927","2","3","3","19","221","321","428","541","667","C0700635"
"22214","1956","2","5","7","53","14","184","45","544","669","C0700635"
"22215","27031","2","3","6","11","142","225","38","331","506","C0700635"
"22216","51422","2","3","2","48","57","110","141","359","462","C0700635"
"22217","9289","2","5","4","68","96","326","427","548","672","C0728895"
"22218","7026","2","3","3","19","151","276","91","433","118","C0728895"
"22219","1621","2","3","5","53","51","239","333","422","537","C0728895"
"22220","4038","2","5","7","53","51","342","454","573","492","C0728895"
"22221","5354","2","5","7","27","36","150","341","223","628","C0730290"
"22222","54765","2","3","12","48","182","50","119","444","556","C0730290"
"22223","9791","2","3","8","45","94","199","240","415","666","C0730290"
"22224","2200","2","5","7","53","51","342","454","573","492","C0730290"
"22225","1030","2","3","12","19","31","1","426","55","78","C0730290"
"22226","613","2","5","7","60","54","24","30","46","72","C0730290"
"22227","1594","2","3","5","92","163","96","363","460","487","C0730290"
"22228","54714","2","5","8","63","36","166","106","110","158","C0730290"
"22229","23522","2","3","12","19","31","1","426","55","78","C0730290"
"22230","1277","2","5","7","53","51","342","454","573","492","C0730290"
"22231","3690","2","5","7","53","51","342","454","573","492","C0730290"
"22232","7390","2","3","5","80","81","166","132","175","473","C0730290"
"22233","7048","2","5","7","53","51","342","259","423","389","C0730290"
"22234","2068","2","3","12","19","31","261","116","159","211","C0730290"
"22235","5982","2","3","12","19","31","261","116","1","86","C0730290"
"22236","50617","2","3","5","29","88","100","125","168","223","C0730290"
"22237","7518","2","3","12","19","31","261","116","1","86","C0730290"
"22238","10312","2","3","7","34","52","216","395","549","674","C0730290"
"22239","4621","2","5","8","63","45","23","103","464","187","C0730290"
"22240","4159","2","5","4","68","96","326","427","548","672","C0730290"
"22241","51095","2","3","12","22","33","323","66","101","664","C0730292"
"22242","5950","2","5","7","53","51","101","126","170","224","C0730292"
"22243","3636","2","3","5","80","14","20","25","40","186","C0730292"
"22244","2517","2","3","7","34","52","216","395","549","674","C0730292"
"22245","4353","2","3","7","34","52","216","395","549","674","C0730292"
"22246","22807","2","3","12","19","119","330","214","454","144","C0730292"
"22247","9896","2","3","5","80","81","296","399","201","274","C0730292"
"22248","2132","2","3","2","74","58","112","148","193","263","C0730292"
"22249","2022","2","5","7","53","51","342","259","423","389","C0730345"
"22250","5339","2","5","7","53","51","342","454","573","492","C0730345"
"22251","2317","2","5","7","63","45","23","103","287","664","C0730345"
"22252","4784","2","3","2","22","33","261","116","159","211","C0730345"
"22253","4000","2","3","12","26","105","178","226","297","156","C0730345"
"22254","3954","2","3","2","48","170","67","119","444","593","C0730362"
"22255","10594","2","3","2","22","33","323","66","101","136","C0730362"
"22256","55062","2","3","2","48","57","110","141","359","462","C0730362"
"22257","23426","2","5","7","42","36","71","177","223","219","C0730362"
"22258","4000","2","3","12","26","105","178","226","297","156","C0730362"
"22259","9640","2","3","12","19","31","261","116","159","211","C0730362"
"22260","23765","2","3","12","41","219","238","252","489","416","C0740302"
"22261","2796","2","5","4","68","96","326","427","548","672","C0740302"
"22262","23594","2","3","12","76","153","261","116","1","86","C0740340"
"22263","151","2","5","4","68","96","326","427","548","672","C0740340"
"22264","348","2","5","7","53","51","342","454","573","492","C0740340"
"22265","23363","2","3","12","41","116","268","434","468","213","C0740392"
"22266","23414","2","3","12","19","31","118","155","287","116","C0740392"
"22267","2074","2","3","12","19","31","1","426","55","78","C0740392"
"22268","23169","2","3","2","78","205","112","430","429","544","C0740392"
"22269","51651","2","3","12","41","219","339","156","568","605","C0740392"
"22270","9782","2","3","2","22","33","323","66","101","136","C0740392"
"22271","51626","2","3","12","76","153","40","38","54","75","C0740392"
"22272","3145","2","3","5","80","81","166","132","175","473","C0740392"
"22273","5077","2","3","3","19","221","321","428","541","667","C0740392"
"22274","7421","2","3","3","19","151","276","91","433","118","C0740392"
"22275","25978","2","3","2","48","57","110","141","359","462","C0740392"
"22276","1832","2","5","7","34","52","225","142","220","298","C0740392"
"22277","1674","2","5","8","63","45","23","103","464","187","C0740392"
"22278","2071","2","3","12","19","31","261","116","159","211","C0740392"
"22279","55163","2","3","5","80","81","166","120","161","228","C0740392"
"22280","23095","2","3","7","76","153","40","38","54","75","C0740392"
"22281","54840","2","3","12","19","31","261","116","1","86","C0740392"
"22282","5604","2","5","7","53","14","20","34","540","68","C0740392"
"22283","538","2","3","8","63","45","23","103","464","187","C0740392"
"22284","1785","2","5","7","60","14","184","341","544","669","C0740392"
"22285","8106","2","3","2","22","33","323","66","101","136","C0740392"
"22286","5896","2","3","12","41","116","268","434","568","605","C0740392"
"22287","1186","2","5","8","63","45","23","34","464","187","C0740392"
"22288","10483","2","3","7","60","54","24","30","46","72","C0740392"
"22289","213","2","5","7","53","51","342","454","573","492","C0740392"
"22290","23169","2","3","2","78","205","112","430","429","544","C0740392"
"22291","721","2","5","7","53","51","342","454","573","492","C0740392"
"22292","3984","2","5","7","53","14","20","34","540","68","C0740392"
"22293","50939","2","3","12","76","153","40","38","472","435","C0740392"
"22294","7432","2","5","4","68","96","326","427","548","672","C0740392"
"22295","7518","2","3","12","19","31","261","116","1","86","C0740392"
"22296","347733","2","3","12","76","153","40","38","54","75","C0740392"
"22297","2261","2","5","7","53","14","20","25","40","186","C0740392"
"22298","27229","2","3","12","76","153","40","38","54","75","C0740394"
"22299","127833","2","5","7","60","14","184","341","544","669","C0740394"
"22300","9342","2","5","7","34","52","216","395","549","674","C0740394"
"22301","3040","2","5","5","53","51","342","40","78","178","C0740394"
"22302","2010","2","3","12","26","105","296","226","488","156","C0740394"
"22303","1727","2","3","7","34","52","216","395","549","197","C0740394"
"22304","8842","2","5","5","53","82","147","184","179","328","C0740394"
"22305","975","2","5","7","53","51","119","395","549","674","C0740394"
"22306","3481","2","5","7","53","51","342","454","573","492","C0740394"
"22307","10087","2","3","7","50","47","39","100","321","255","C0740394"
"22308","2157","2","5","7","53","51","342","454","573","702","C0740394"
"22309","3098","2","3","2","90","167","266","367","500","577","C0740394"
"22310","10804","2","3","12","76","153","40","38","54","75","C0740394"
"22311","1152","2","3","2","72","115","66","72","507","152","C0740394"
"22312","558","2","5","7","53","14","20","25","40","186","C0740394"
"22313","284","2","5","7","53","14","20","25","40","186","C0740394"
"22314","7547","2","3","3","19","221","321","428","541","667","C0740394"
"22315","9401","2","3","12","76","31","261","116","1","86","C0740852"
"22316","24","2","3","12","41","116","268","423","536","445","C0740852"
"22317","1717","2","3","2","19","151","276","48","69","204","C0740852"
"22318","1375","2","3","2","67","92","293","55","75","205","C0740852"
"22319","4538","2","3","2","48","170","50","119","444","556","C0740852"
"22320","5589","2","5","7","53","51","342","454","573","492","C0740852"
"22321","3736","2","5","8","63","36","166","106","110","158","C0740858"
"22322","6657","2","3","12","19","221","321","428","541","667","C0740858"
"22323","54209","2","5","7","53","51","119","395","549","674","C0740858"
"22324","59","2","5","8","63","45","23","103","464","187","C0740858"
"22325","356","2","5","7","53","219","339","25","489","697","C0740858"
"22326","652","2","5","7","53","51","342","454","573","492","C0740896"
"22327","9657","2","3","12","76","153","40","38","54","75","C0740896"
"22328","190","2","3","3","19","151","276","91","433","118","C0740896"
"22329","186","2","5","4","68","96","326","427","548","672","C0740898"
"22330","51091","2","3","2","110","85","237","433","547","671","C0740898"
"22331","3549","2","5","3","53","51","197","259","560","422","C0740898"
"22332","5742","2","3","5","91","175","134","167","224","301","C0740898"
"22333","2033","2","3","12","19","31","1","91","433","118","C0740927"
"22334","26227","2","3","2","41","137","44","208","81","108","C0740927"
"22335","5325","2","3","12","19","31","198","261","146","118","C0740927"
"22336","5264","2","3","5","43","161","305","409","208","482","C0740927"
"22337","10664","2","3","12","19","31","1","426","55","78","C0741296"
"22338","5727","2","3","12","68","221","197","259","560","422","C0741296"
"22339","2776","2","5","4","68","96","326","427","548","672","C0741296"
"22340","2798","2","5","4","68","96","326","427","548","672","C0741494"
"22341","25885","2","3","12","19","31","1","426","55","78","C0741494"
"22342","176","2","5","7","53","51","342","454","573","492","C0741494"
"22343","7040","2","5","7","53","51","342","454","573","492","C0741494"
"22344","9896","2","3","5","80","81","296","399","201","274","C0741494"
"22345","4552","2","3","7","48","81","105","139","186","245","C0741494"
"22346","6926","2","5","7","53","51","335","259","560","373","C0741796"
"22347","9896","2","3","5","80","81","296","399","201","274","C0741796"
"22348","55624","2","3","2","78","123","194","255","215","412","C0741796"
"22349","5376","2","5","7","53","51","342","454","573","492","C0741796"
"22350","22926","2","3","12","19","31","276","91","433","118","C0741796"
"22351","4626","2","5","8","63","45","23","103","464","187","C0741796"
"22352","2690","2","5","7","53","14","20","25","40","186","C0741796"
"22353","6662","2","3","3","19","221","321","428","541","667","C0741796"
"22354","8200","2","5","7","53","51","342","259","423","389","C0741796"
"22355","6524","2","5","8","45","94","199","240","415","666","C0741796"
"22356","4644","2","5","7","60","54","184","141","359","411","C0741796"
"22357","6010","2","5","4","68","96","326","427","548","672","C0741796"
"22358","1535","2","5","7","34","52","216","395","549","674","C0741796"
"22359","6239","2","3","12","19","119","330","214","454","144","C0741796"
"22360","1499","2","3","12","19","221","197","259","560","422","C0741796"
"22361","8813","2","3","2","48","116","142","136","280","363","C0741796"
"22362","7157","2","3","12","19","31","261","402","489","551","C0741796"
"22363","3758","2","5","8","63","36","166","106","110","158","C0741796"
"22364","29851","2","5","7","53","14","20","25","40","186","C0741796"
"22365","3248","2","3","2","69","83","133","167","224","301","C0741796"
"22366","3045","2","3","12","19","31","118","155","287","116","C0741796"
"22367","3043","2","5","7","34","52","216","395","549","116","C0741796"
"22368","3308","2","3","12","41","219","339","347","271","356","C0741796"
"22369","2263","2","5","7","53","14","20","25","40","186","C0742028"
"22370","2056","2","5","7","53","51","119","25","40","186","C0742028"
"22371","1954","2","5","7","53","51","342","454","573","492","C0742028"
"22372","2146","2","3","12","19","31","1","426","55","78","C0742028"
"22373","4669","2","3","5","80","81","166","454","453","492","C0742038"
"22374","54808","2","3","12","76","153","40","38","54","75","C0742038"
"22375","4625","2","3","8","63","45","23","103","464","187","C0742038"
"22376","6794","2","3","12","53","14","20","34","540","68","C0742038"
"22377","6899","2","5","7","53","184","335","259","560","373","C0742906"
"22378","4091","2","3","12","53","219","342","259","423","389","C0742906"
"22379","2253","2","5","7","53","14","20","25","40","186","C0742906"
"22380","6323","2","5","8","63","36","166","341","390","158","C0742906"
"22381","5193","2","3","5","43","161","305","409","208","482","C0742906"
"22382","5743","2","3","5","53","175","119","167","489","416","C0742906"
"22383","4000","2","3","12","26","105","178","226","297","156","C0742906"
"22384","5346","2","3","3","19","151","276","91","433","118","C0742906"
"22385","2255","2","5","7","53","14","20","25","40","186","C0742906"
"22386","3845","2","5","7","60","54","24","30","46","72","C0742906"
"22387","5896","2","3","12","41","116","268","434","568","605","C0742906"
"22388","57030","2","3","7","27","36","150","341","223","628","C0742906"
"22389","2263","2","5","7","53","14","20","25","40","186","C0742906"
"22390","213","2","5","7","53","51","342","454","573","492","C0742906"
"22391","6775","2","5","7","53","14","119","25","40","186","C0742906"
"22392","3859","2","1","6","11","142","225","142","220","298","C0743178"
"22393","2697","2","3","7","76","153","40","38","54","75","C0743178"
"22394","3123","2","5","7","53","51","119","156","287","116","C0743178"
"22395","51752","2","3","2","41","153","119","156","536","116","C0743178"
"22396","10558","2","3","2","50","47","39","100","321","209","C0743178"
"22397","5604","2","5","7","53","14","20","34","540","68","C0743178"
"22398","1261","2","5","8","63","36","166","106","110","158","C0743912"
"22399","972","2","5","7","53","51","119","454","287","116","C0743912"
"22400","6234","2","3","2","110","85","237","433","547","671","C0743912"
"22401","10019","2","5","7","53","14","20","25","40","116","C0743912"
"22402","207","2","3","7","53","14","20","34","489","416","C0743912"
"22403","1184","2","5","8","63","45","23","34","464","187","C0743912"
"22404","5728","2","3","5","80","81","339","156","568","605","C0743912"
"22405","10908","2","3","2","97","173","275","377","473","592","C0743912"
"22406","2067","2","3","12","19","31","261","116","1","86","C0743912"
"22407","5660","2","5","7","34","52","326","427","548","702","C0743912"
"22408","3269","2","5","4","68","96","326","427","548","672","C0743912"
"22409","10269","2","3","2","48","182","50","119","444","556","C0743912"
"22410","26276","2","3","7","60","81","184","341","66","203","C0743912"
"22411","269","2","5","7","53","14","20","259","423","389","C0743912"
"22412","7249","2","3","7","60","57","110","141","359","462","C0744321"
"22413","3552","2","3","12","53","51","119","156","489","416","C0744321"
"22414","7547","2","3","3","19","221","321","428","541","667","C0744333"
"22415","1727","2","3","7","34","52","216","395","549","197","C0744333"
"22416","19","2","3","3","19","151","276","91","433","118","C0744333"
"22417","1848","2","3","5","42","81","296","399","201","274","C0744333"
"22418","8915","2","3","12","41","219","339","156","568","697","C0744333"
"22419","51099","2","3","2","67","92","293","55","75","311","C0744356"
"22420","3239","2","3","3","19","221","321","428","541","667","C0744356"
"22421","3284","2","3","2","69","98","169","299","183","243","C0744356"
"22422","7054","2","3","5","80","81","166","34","258","345","C0744356"
"22423","23317","2","5","7","34","52","216","395","549","674","C0744356"
"22424","6718","2","3","2","46","136","227","168","225","490","C0744356"
"22425","641","2","3","12","19","31","261","116","1","86","C0744356"
"22426","2214","2","5","7","53","51","119","395","549","674","C0744356"
"22427","5447","2","3","5","91","214","271","372","471","586","C0744356"
"22428","29954","2","5","2","27","206","324","430","215","290","C0744356"
"22429","22930","2","5","7","60","54","24","30","46","72","C0744356"
"22430","60","2","3","12","60","45","184","155","287","78","C0744356"
"22431","2677","2","5","7","53","51","342","454","573","492","C0744356"
"22432","7020","2","3","12","19","31","276","91","433","664","C0744356"
"22433","51134","2","3","12","76","153","40","38","54","75","C0744356"
"22434","1118","2","3","7","34","52","216","395","549","674","C0744356"
"22435","3664","2","5","7","53","184","119","156","287","116","C0744356"
"22436","54808","2","3","12","76","153","40","38","54","75","C0744897"
"22437","65250","2","3","12","76","153","40","38","54","75","C0744897"
"22438","4214","2","3","12","41","219","339","34","540","117","C0744897"
"22439","4014","2","1","6","11","142","225","142","220","298","C0745103"
"22440","9496","2","5","6","11","142","225","142","220","673","C0745103"
"22441","8517","2","3","12","41","219","339","156","568","697","C0745103"
"22442","987","2","3","6","48","94","279","347","330","304","C0745103"
"22443","59","2","5","8","63","45","23","103","464","187","C0745103"
"22444","7046","2","3","12","41","219","339","259","423","605","C0745103"
"22445","23479","2","3","2","48","170","50","119","100","556","C0745103"
"22446","2563","2","5","8","27","70","99","162","216","290","C0745103"
"22447","4750","2","5","12","76","14","20","34","540","68","C0745103"
"22448","857","2","5","7","53","45","23","57","83","422","C0745103"
"22449","5803","2","5","7","53","36","296","399","201","373","C0745103"
"22450","5648","2","5","7","53","51","119","395","549","674","C0745730"
"22451","1758","2","5","7","53","51","342","454","573","492","C0745730"
"22452","2068","2","3","12","19","31","261","116","159","211","C0745730"
"22453","6863","2","5","4","68","96","326","427","548","672","C0745730"
"22454","8626","2","3","3","19","221","321","428","541","667","C0745730"
"22455","3835","2","3","12","76","153","40","38","54","75","C0745730"
"22456","5077","2","3","3","19","221","321","428","541","667","C0745744"
"22457","4361","2","3","12","19","31","261","116","1","86","C0745744"
"22458","51524","2","5","7","45","94","199","240","415","666","C0745744"
"22459","4000","2","3","12","26","105","178","226","297","156","C0745744"
"22460","29887","2","3","7","60","18","110","141","198","270","C0746102"
"22461","1387","2","3","12","19","31","276","91","433","118","C0746102"
"22462","2200","2","5","7","53","51","342","454","573","492","C0746102"
"22463","6949","2","3","2","110","85","237","164","390","311","C0746102"
"22464","7428","2","3","12","41","116","268","434","468","213","C0746102"
"22465","6663","2","3","3","19","221","321","428","541","667","C0746102"
"22466","860","2","3","12","19","31","276","91","433","118","C0746495"
"22467","1278","2","5","7","53","51","342","454","573","492","C0746495"
"22468","546","2","3","12","19","31","261","426","1","86","C0747556"
"22469","7421","2","3","3","19","151","276","91","433","118","C0747556"
"22470","1030","2","3","12","19","31","1","426","55","78","C0747556"
"22471","7403","2","3","12","19","31","1","426","55","78","C0747556"
"22472","7401","2","5","7","60","83","101","126","170","224","C0747651"
"22473","83550","2","3","4","68","221","197","259","499","422","C0747651"
"22474","356","2","5","7","53","219","339","25","489","697","C0747651"
"22475","8214","2","3","6","11","142","225","142","220","298","C0747651"
"22476","4683","2","3","12","19","31","261","116","1","86","C0748140"
"22477","3730","2","5","7","53","14","20","25","40","186","C0748140"
"22478","6546","2","5","8","45","94","199","240","415","666","C0748140"
"22479","2260","2","5","7","53","14","20","25","40","186","C0748140"
"22480","6569","2","3","8","45","94","199","240","415","666","C0748140"
"22481","5189","2","3","5","43","161","305","409","208","482","C0748140"
"22482","50484","2","3","5","80","109","182","235","307","506","C0748140"
"22483","11020","2","5","7","60","54","24","30","46","72","C0748140"
"22484","3586","2","5","7","53","51","119","25","489","416","C0748140"
"22485","1134","2","5","8","27","70","99","162","216","290","C0748140"
"22486","2617","2","3","2","110","85","237","433","252","154","C0748140"
"22487","259","2","5","7","53","51","119","395","549","674","C0748140"
"22488","2492","2","5","4","68","96","326","427","548","672","C0748140"
"22489","4508","2","3","2","48","170","50","119","444","556","C0748140"
"22490","8604","2","3","2","48","170","50","304","167","593","C0748140"
"22491","5831","2","3","2","101","62","189","182","566","409","C0748140"
"22492","3350","2","5","4","68","96","326","427","548","672","C0748140"
"22493","3239","2","3","3","19","221","321","428","541","667","C0748140"
"22494","1286","2","5","7","53","51","342","454","573","492","C0748140"
"22495","2395","2","3","2","48","170","50","304","167","593","C0748140"
"22496","4000","2","3","12","26","105","178","226","297","156","C0748140"
"22497","6331","2","5","8","63","36","166","341","223","158","C0748140"
"22498","5657","2","5","7","34","52","216","395","549","674","C0748140"
"22499","6812","2","5","7","27","36","150","341","223","628","C0748140"
"22500","5189","2","3","5","43","161","305","409","208","482","C0748140"
"22501","3251","2","3","4","68","96","326","427","341","150","C0748140"
"22502","5894","2","5","7","60","54","23","34","464","187","C0748140"
"22503","6569","2","3","8","45","94","199","240","415","666","C0748140"
"22504","6524","2","5","8","45","94","199","240","415","666","C0748140"
"22505","4000","2","3","12","26","105","178","226","297","156","C0748318"
"22506","10216","2","3","2","48","170","50","304","167","593","C0748318"
"22507","2055","2","3","2","27","36","150","402","223","628","C0748318"
"22508","22933","2","3","12","19","31","1","91","433","78","C0748318"
"22509","2969","2","3","12","19","31","276","91","433","118","C0748318"
"22510","2483","2","3","2","22","33","323","66","101","136","C0748318"
"22511","6473","2","3","3","19","221","321","428","541","667","C0748318"
"22512","8867","2","3","5","60","14","184","341","544","669","C0748318"
"22513","1636","2","3","5","80","81","166","397","418","568","C0748318"
"22514","4000","2","3","12","26","105","178","226","297","156","C0748318"
"22515","9820","2","3","12","41","116","268","434","468","213","C0748318"
"22516","8260","2","3","12","41","85","266","76","287","78","C0748318"
"22517","4719","2","3","2","48","170","50","119","444","556","C0748318"
"22518","4000","2","3","12","26","105","178","226","297","156","C0748540"
"22519","1027","2","3","12","19","31","1","116","1","86","C0748540"
"22520","1536","2","5","7","34","52","216","395","549","674","C0748540"
"22521","4615","2","3","12","41","219","339","156","568","697","C0748540"
"22522","1828","2","5","7","34","52","216","142","220","298","C0748540"
"22523","1806","2","3","2","49","23","186","149","195","61","C0748540"
"22524","4952","2","3","5","60","54","184","30","544","669","C0748691"
"22525","5979","2","5","7","53","14","20","25","40","186","C0748691"
"22526","1436","2","5","7","53","14","20","25","40","186","C0748691"
"22527","6697","2","3","2","69","91","75","204","267","352","C0748691"
"22528","36","2","3","2","48","170","50","119","444","556","C0748691"
"22529","25782","2","5","7","60","54","24","30","46","72","C0748691"
"22530","25913","2","3","12","19","31","261","116","1","78","C0748691"
"22531","7020","2","3","12","19","31","276","91","433","664","C0748691"
"22532","6712","2","5","7","60","153","40","341","223","203","C0748691"
"22533","6399","2","5","7","60","54","24","30","46","72","C0748691"
"22534","9496","2","5","6","11","142","225","142","220","673","C0748720"
"22535","7421","2","3","3","19","151","276","91","433","118","C0748720"
"22536","1528","2","3","5","91","214","271","372","471","586","C0748720"
"22537","2767","2","5","4","68","96","326","427","548","672","C0748720"
"22538","6010","2","5","4","68","96","326","427","548","672","C0748720"
"22539","5626","2","3","3","19","221","321","428","541","667","C0748720"
"22540","2316","2","5","7","53","51","342","454","573","702","C0748720"
"22541","7068","2","3","3","19","151","276","91","433","118","C0748720"
"22542","3930","2","3","2","22","33","323","66","3","464","C0748720"
"22543","1848","2","3","5","42","81","296","399","201","274","C0749379"
"22544","6314","2","3","12","19","31","1","426","568","78","C0749379"
"22545","5314","2","3","12","76","153","40","38","54","75","C0749379"
"22546","4513","2","3","2","48","170","110","141","359","532","C0749379"
"22547","10300","2","3","12","76","153","40","38","54","75","C0749420"
"22548","7174","2","3","12","41","116","268","434","468","213","C0749420"
"22549","60681","2","3","12","48","124","75","136","271","212","C0749420"
"22550","9429","2","3","5","25","44","165","71","10","16","C0749420"
"22551","726","2","5","7","53","51","342","454","573","492","C0749420"
"22552","26504","2","3","5","42","81","296","399","201","274","C0749424"
"22553","5982","2","3","12","19","31","261","116","1","86","C0750145"
"22554","324","2","3","12","41","219","197","70","255","422","C0750145"
"22555","975","2","5","7","53","51","119","395","549","674","C0750145"
"22556","1406","2","3","3","19","221","321","428","541","667","C0750145"
"22557","29851","2","5","7","53","14","20","25","40","186","C0750292"
"22558","3479","2","5","7","53","51","342","454","573","492","C0750292"
"22559","8929","2","3","3","19","221","321","428","541","667","C0750384"
"22560","5395","2","3","12","19","31","261","116","1","86","C0750384"
"22561","26608","2","3","2","22","170","50","119","463","153","C0750384"
"22562","6323","2","5","8","63","36","166","341","390","158","C0750384"
"22563","10855","2","5","7","34","52","216","395","549","674","C0750857"
"22564","7124","2","3","12","41","219","339","156","568","697","C0750857"
"22565","5076","2","3","3","19","221","321","428","541","667","C0750857"
"22566","25923","2","3","2","48","184","50","119","444","116","C0750857"
"22567","5468","2","3","3","19","151","276","91","433","118","C0750857"
"22568","7124","2","3","12","41","219","339","156","568","697","C0750857"
"22569","2052","2","3","5","91","130","114","290","367","475","C0750857"
"22570","5728","2","3","5","80","81","339","156","568","605","C0750857"
"22571","2626","2","3","12","19","31","118","155","287","116","C0750857"
"22572","7048","2","5","7","53","51","342","259","423","389","C0750857"
"22573","5781","2","5","7","53","14","20","25","40","186","C0750857"
"22574","2316","2","5","7","53","51","342","454","573","702","C0750857"
"22575","114548","2","3","12","41","219","339","156","568","697","C0750857"
"22576","629","2","5","7","53","51","119","395","549","674","C0750857"
"22577","8314","2","3","12","41","31","1","426","55","78","C0750857"
"22578","5157","2","5","7","80","81","342","367","500","577","C0750857"
"22579","9782","2","3","2","22","33","323","66","101","136","C0750857"
"22580","2175","2","3","12","19","31","261","116","1","86","C0750857"
"22581","6535","2","5","8","45","94","199","240","415","666","C0750857"
"22582","4125","2","3","7","34","52","216","395","549","674","C0750857"
"22583","121391","2","1","6","11","142","225","142","220","298","C0750857"
"22584","2737","2","3","12","19","116","321","428","54","667","C0750857"
"22585","673","2","5","7","53","14","20","34","540","68","C0750857"
"22586","3209","2","3","3","19","221","321","428","541","667","C0750857"
"22587","9469","2","3","2","103","189","303","29","475","467","C0750857"
"22588","9401","2","3","12","76","31","261","116","1","86","C0750857"
"22589","51360","2","3","3","26","35","276","91","433","203","C0750857"
"22590","348","2","5","7","53","51","342","454","573","492","C0750857"
"22591","2261","2","5","7","53","14","20","25","40","186","C0750857"
"22592","326","2","3","12","19","31","261","377","370","269","C0750929"
"22593","3756","2","5","8","63","36","166","106","110","158","C0750929"
"22594","2488","2","5","4","68","96","326","427","548","672","C0750929"
"22595","7168","2","5","8","63","45","23","103","464","187","C0750929"
"22596","4487","2","3","3","19","221","321","428","541","667","C0750929"
"22597","8287","2","3","12","41","219","339","156","568","605","C0750937"
"22598","1395","2","5","4","68","96","326","427","548","672","C0750937"
"22599","1130","2","5","7","60","54","326","141","359","462","C0750937"
"22600","3784","2","5","8","63","36","166","106","110","158","C0750937"
"22601","3077","2","5","7","53","51","119","395","549","674","C0750937"
"22602","3481","2","5","7","53","51","342","454","573","492","C0750937"
"22603","3479","2","5","7","53","51","342","454","573","492","C0750937"
"22604","4625","2","3","8","63","45","23","103","464","187","C0750937"
"22605","6662","2","3","3","19","221","321","428","541","667","C0750937"
"22606","2200","2","5","7","53","51","342","454","573","492","C0750937"
"22607","3339","2","5","7","53","51","342","454","573","492","C0750937"
"22608","55109","2","5","7","42","81","184","118","543","214","C0750937"
"22609","1576","2","3","5","91","214","226","326","413","574","C0750937"
"22610","4318","2","5","7","34","52","216","395","573","492","C0750937"
"22611","3064","2","3","12","48","170","50","444","91","439","C0750937"
"22612","1361","2","5","7","53","51","119","395","549","674","C0750937"
"22613","8086","2","3","12","22","33","323","66","101","664","C0750937"
"22614","2879","2","3","5","80","81","166","378","173","229","C0750937"
"22615","3709","2","5","8","63","45","23","306","390","158","C0750937"
"22616","182","2","5","7","53","51","143","428","236","667","C0750937"
"22617","498","2","3","2","48","170","50","304","167","593","C0750937"
"22618","5015","2","3","3","19","221","321","428","541","667","C0750937"
"22619","2517","2","3","7","34","52","216","395","549","674","C0750937"
"22620","3440","2","3","12","19","184","118","155","287","116","C0750937"
"22621","5831","2","3","2","101","62","189","182","566","409","C0750937"
"22622","3918","2","5","7","53","51","342","454","573","492","C0751003"
"22623","10481","2","3","3","19","221","321","428","541","667","C0751003"
"22624","5745","2","5","4","68","96","326","427","548","672","C0751003"
"22625","7048","2","5","7","53","51","342","259","423","389","C0751003"
"22626","3908","2","5","7","53","51","342","454","573","492","C0751003"
"22627","10262","2","3","2","22","33","323","66","101","136","C0751003"
"22628","940","2","5","7","53","14","20","25","40","186","C0751003"
"22629","6770","2","5","7","27","36","273","341","100","589","C0751003"
"22630","6794","2","3","12","53","14","20","34","540","68","C0751037"
"22631","6261","2","5","8","63","45","23","34","464","187","C0751037"
"22632","1161","2","3","12","41","116","268","434","468","213","C0751038"
"22633","1804","2","5","7","27","36","150","341","223","628","C0751038"
"22634","4000","2","3","12","26","105","178","226","297","156","C0751038"
"22635","30817","2","5","3","68","221","197","259","560","422","C0751039"
"22636","6785","2","3","5","67","7","5","239","311","393","C0751039"
"22637","1855","2","5","12","76","153","197","259","560","422","C0751039"
"22638","8626","2","3","3","19","221","321","428","541","667","C0751072"
"22639","5745","2","5","4","68","96","326","427","548","672","C0751072"
"22640","6399","2","5","7","60","54","24","30","46","72","C0751072"
"22641","1031","2","3","12","19","31","1","426","55","78","C0751072"
"22642","871","2","5","7","53","51","342","454","573","492","C0751072"
"22643","3930","2","3","2","22","33","323","66","3","464","C0751093"
"22644","4604","2","5","8","63","45","23","103","464","187","C0751093"
"22645","5476","2","3","7","34","52","216","395","152","310","C0751093"
"22646","9152","2","5","8","45","94","199","240","415","666","C0751093"
"22647","641","2","3","12","19","31","261","116","1","86","C0751093"
"22648","255239","2","5","8","67","36","71","177","75","311","C0751093"
"22649","5290","2","3","7","53","14","20","25","40","186","C0751093"
"22650","3955","2","5","8","89","124","143","428","236","667","C0751093"
"22651","1030","2","3","12","19","31","1","426","55","78","C0751093"
"22652","3383","2","5","7","53","51","119","454","287","116","C0751122"
"22653","3759","2","5","8","63","36","166","106","110","158","C0751122"
"22654","7403","2","3","12","19","31","1","426","55","78","C0751122"
"22655","23384","2","3","12","63","45","184","103","572","658","C0751122"
"22656","2593","2","3","2","19","31","1","426","55","78","C0751122"
"22657","6794","2","3","12","53","14","20","34","540","68","C0751122"
"22658","9855","2","5","7","60","54","24","30","46","72","C0751122"
"22659","9180","2","5","7","53","51","119","25","549","416","C0751122"
"22660","472","2","3","12","19","31","261","116","1","86","C0751157"
"22661","51684","2","3","12","41","116","268","38","54","75","C0751273"
"22662","5982","2","3","12","19","31","261","116","1","86","C0751273"
"22663","2071","2","3","12","19","31","261","116","159","211","C0751276"
"22664","1723","2","3","2","48","170","50","119","444","556","C0751276"
"22665","4723","2","3","2","48","170","50","119","444","556","C0751279"
"22666","2263","2","5","7","53","14","20","25","40","186","C0751279"
"22667","1123","2","5","7","60","54","24","30","46","72","C0751285"
"22668","23384","2","3","12","63","45","184","103","572","658","C0751285"
"22669","1291","2","5","7","53","51","342","454","573","492","C0751285"
"22670","4000","2","3","12","26","105","178","226","297","156","C0751336"
"22671","5456","2","3","3","19","221","321","428","541","667","C0751336"
"22672","5251","2","3","5","80","81","296","474","593","722","C0751336"
"22673","54205","2","3","2","48","170","50","119","444","556","C0751337"
"22674","5979","2","5","7","53","14","20","25","40","186","C0751337"
"22675","779","2","5","8","63","36","166","341","390","158","C0751337"
"22676","25782","2","5","7","60","54","24","30","46","72","C0751362"
"22677","8200","2","5","7","53","51","342","259","423","389","C0751362"
"22678","2182","2","3","2","67","92","265","284","147","235","C0751362"
"22679","26608","2","3","2","22","170","50","119","463","153","C0751362"
"22680","5396","2","3","3","19","221","321","428","541","667","C0751362"
"22681","10084","2","3","2","22","33","323","66","101","136","C0751362"
"22682","3861","2","1","6","11","142","225","142","220","298","C0751362"
"22683","5396","2","3","3","19","221","321","428","541","667","C0751362"
"22684","1581","2","3","5","19","151","276","91","433","118","C0751401"
"22685","9049","2","3","3","41","151","276","378","271","356","C0751401"
"22686","5192","2","3","5","43","161","305","409","208","482","C0751401"
"22687","4001","2","3","12","76","31","40","38","54","75","C0751401"
"22688","7048","2","5","7","53","51","342","259","423","389","C0751401"
"22689","5580","2","5","7","34","52","216","395","287","116","C0751401"
"22690","3643","2","5","7","53","14","20","25","40","186","C0751401"
"22691","5745","2","5","4","68","96","326","427","548","672","C0751401"
"22692","3094","2","3","2","48","170","266","367","500","78","C0751401"
"22693","3973","2","5","4","68","96","326","427","548","672","C0751401"
"22694","23169","2","3","2","78","205","112","430","429","544","C0751401"
"22695","3239","2","3","3","19","221","321","428","541","667","C0751422"
"22696","4990","2","3","3","19","221","321","428","541","667","C0751422"
"22697","55315","2","3","5","80","81","296","62","94","150","C0751435"
"22698","51360","2","3","3","26","35","276","91","433","203","C0751435"
"22699","640","2","5","7","53","14","20","25","40","186","C0751435"
"22700","2033","2","3","12","19","31","1","91","433","118","C0751435"
"22701","2737","2","3","12","19","116","321","428","54","667","C0751435"
"22702","23417","2","3","2","43","161","305","409","208","482","C0751466"
"22703","1958","2","3","12","19","31","276","91","433","116","C0751466"
"22704","3481","2","5","7","53","51","342","454","573","492","C0751466"
"22705","8893","2","3","2","110","85","237","433","547","671","C0751466"
"22706","5428","2","3","2","48","170","50","119","167","593","C0751466"
"22707","54101","2","3","2","48","170","50","347","167","593","C0751466"
"22708","5828","2","3","5","43","161","305","409","208","482","C0751466"
"22709","5906","2","5","7","34","52","216","30","46","72","C0751466"
"22710","7809","2","5","8","63","45","23","34","464","187","C0751466"
"22711","6606","2","3","2","22","33","323","66","101","136","C0751466"
"22712","6899","2","5","7","53","184","335","259","560","373","C0751466"
"22713","7436","2","5","7","53","51","342","341","544","669","C0751483"
"22714","3767","2","5","8","63","36","166","106","110","158","C0751483"
"22715","3481","2","5","7","53","51","342","454","573","492","C0751495"
"22716","5077","2","3","3","19","221","321","428","541","667","C0751495"
"22717","627","2","5","7","53","51","335","444","423","373","C0751495"
"22718","5830","2","3","5","43","161","305","409","208","482","C0751495"
"22719","6689","2","3","12","19","31","276","91","433","118","C0751495"
"22720","5518","2","3","12","76","153","40","38","54","435","C0751495"
"22721","6892","2","3","12","41","116","119","156","568","116","C0751495"
"22722","4540","2","3","2","48","170","50","119","444","556","C0751495"
"22723","9126","2","3","12","76","153","40","38","54","75","C0751495"
"22724","355","2","3","7","41","219","339","156","568","697","C0751495"
"22725","51084","2","3","12","76","153","40","38","54","75","C0751495"
"22726","30008","2","5","7","53","51","342","454","573","492","C0751495"
"22727","2146","2","3","12","19","31","1","426","55","78","C0751495"
"22728","7415","2","3","7","34","52","216","395","536","445","C0751495"
"22729","9451","2","3","2","110","51","335","226","297","380","C0751576"
"22730","53834","2","5","7","53","51","342","454","573","492","C0751576"
"22731","5894","2","5","7","60","54","23","34","464","187","C0751576"
"22732","4208","2","3","12","19","151","276","91","433","118","C0751617"
"22733","6329","2","5","8","63","36","166","341","390","158","C0751617"
"22734","2706","2","3","12","76","153","40","38","54","75","C0751617"
"22735","2697","2","3","7","76","153","40","38","54","75","C0751617"
"22736","175","2","3","7","34","52","216","395","549","674","C0751617"
"22737","1294","2","5","7","53","51","342","454","573","492","C0751617"
"22738","1290","2","5","7","53","51","342","454","573","492","C0751617"
"22739","4023","2","3","5","24","51","342","91","20","27","C0751617"
"22740","3028","2","3","2","67","92","152","32","252","154","C0751617"
"22741","6821","2","3","5","114","211","332","175","556","256","C0751617"
"22742","2706","2","3","12","76","153","40","38","54","75","C0751617"
"22743","10479","2","5","7","27","36","150","341","223","628","C0751617"
"22744","51750","2","3","12","19","31","261","116","1","86","C0751617"
"22745","4312","2","5","7","53","51","342","454","573","492","C0751617"
"22746","3851","2","3","12","76","153","40","38","54","75","C0751651"
"22747","9131","2","3","12","41","219","339","347","271","356","C0751651"
"22748","9049","2","3","3","41","151","276","378","271","356","C0751651"
"22749","836","2","3","12","41","219","339","402","489","697","C0751651"
"22750","11280","2","5","8","63","36","166","341","390","158","C0751651"
"22751","23220","2","3","7","53","219","143","428","236","667","C0751651"
"22752","3280","2","3","12","19","31","143","428","236","667","C0751651"
"22753","6647","2","3","2","95","2","342","378","173","702","C0751651"
"22754","658","2","5","7","53","51","342","259","423","389","C0751651"
"22755","2157","2","5","7","53","51","342","454","573","702","C0751674"
"22756","9049","2","3","3","41","151","276","378","271","356","C0751674"
"22757","2072","2","3","12","19","31","261","116","1","86","C0751674"
"22758","4683","2","3","12","19","31","261","116","1","86","C0751674"
"22759","9640","2","3","12","19","31","261","116","159","211","C0751674"
"22760","4851","2","3","12","19","221","143","428","236","667","C0751688"
"22761","6595","2","3","12","19","31","1","426","55","78","C0751688"
"22762","1297","2","5","7","53","51","342","454","573","492","C0751688"
"22763","2033","2","3","12","19","31","1","91","433","118","C0751688"
"22764","7474","2","5","3","68","221","184","259","544","669","C0751688"
"22765","2697","2","3","7","76","153","40","38","54","75","C0751688"
"22766","4854","2","5","7","53","51","143","428","236","667","C0751688"
"22767","4720","2","3","2","48","170","50","119","444","556","C0751688"
"22768","2950","2","5","7","34","52","216","395","549","674","C0751688"
"22769","51062","2","5","7","27","36","150","402","489","373","C0751688"
"22770","6899","2","5","7","53","184","335","259","560","373","C0751688"
"22771","57822","2","3","12","19","31","1","426","55","78","C0751688"
"22772","8085","2","3","12","19","31","1","426","55","78","C0751688"
"22773","2147","2","5","7","68","51","342","454","573","492","C0751688"
"22774","2121","2","3","12","41","116","268","434","568","605","C0751688"
"22775","55704","2","3","12","76","153","40","38","54","75","C0751688"
"22776","5191","2","3","5","43","161","305","409","208","482","C0751688"
"22777","10381","2","3","12","76","153","40","38","54","75","C0751690"
"22778","7067","2","3","3","19","151","276","91","433","118","C0751690"
"22779","3848","2","5","7","34","52","225","142","220","298","C0751690"
"22780","1487","2","3","12","19","31","1","426","55","340","C0751690"
"22781","3592","2","5","7","53","51","119","25","489","416","C0751706"
"22782","153201","2","3","2","45","94","199","15","25","676","C0751706"
"22783","7249","2","3","7","60","57","110","141","359","462","C0751706"
"22784","2982","2","3","4","68","96","326","427","548","672","C0751706"
"22785","4604","2","5","8","63","45","23","103","464","187","C0751706"
"22786","9573","2","5","7","53","51","342","259","423","389","C0751706"
"22787","2184","2","3","5","76","153","138","236","332","407","C0751706"
"22788","9129","2","3","2","22","33","323","66","101","136","C0751748"
"22789","779","2","5","8","63","36","166","341","390","158","C0751748"
"22790","4000","2","3","12","26","105","178","226","297","156","C0751748"
"22791","5624","2","5","7","53","51","342","454","573","492","C0751748"
"22792","9509","2","5","7","53","51","342","454","573","492","C0751783"
"22793","3123","2","5","7","53","51","119","156","287","116","C0751783"
"22794","29958","2","3","5","19","31","1","325","410","527","C0751785"
"22795","1499","2","3","12","19","221","197","259","560","422","C0751785"
"22796","6310","2","3","12","22","142","225","366","362","468","C0751785"
"22797","7469","2","3","12","19","31","261","116","159","211","C0751792"
"22798","112802","2","1","6","11","142","225","142","220","298","C0751792"
"22799","1291","2","5","7","53","51","342","454","573","492","C0751830"
"22800","338","2","5","7","53","51","342","454","573","492","C0751830"
"22801","3758","2","5","8","63","36","166","106","110","158","C0751830"
"22802","2064","2","5","7","53","14","20","25","40","186","C0751870"
"22803","1584","2","3","5","79","159","256","276","353","456","C0751870"
"22804","10535","2","3","12","76","153","40","38","54","75","C0751870"
"22805","5592","2","5","4","53","14","20","34","540","68","C0751882"
"22806","5522","2","3","12","76","137","76","136","472","435","C0751882"
"22807","22995","2","3","12","76","153","40","38","54","75","C0751883"
"22808","54714","2","5","8","63","36","166","106","110","158","C0751883"
"22809","6843","2","5","7","60","36","71","341","223","203","C0751883"
"22810","115352","2","5","7","34","52","20","25","40","186","C0751883"
"22811","5095","2","3","2","48","40","130","166","127","173","C0751883"
"22812","7809","2","5","8","63","45","23","34","464","187","C0751883"
"22813","2697","2","3","7","76","153","40","38","54","75","C0751883"
"22814","9569","2","3","12","19","31","276","91","433","118","C0751883"
"22815","1387","2","3","12","19","31","276","91","433","118","C0751883"
"22816","7299","2","3","5","23","18","138","250","332","407","C0751883"
"22817","2903","2","5","7","53","14","20","25","223","219","C0751883"
"22818","84282","2","3","12","41","219","339","156","568","697","C0751884"
"22819","51114","2","5","5","68","96","326","162","216","290","C0751884"
"22820","3845","2","5","7","60","54","24","30","46","72","C0751884"
"22821","4791","2","3","12","41","219","339","156","568","697","C0751884"
"22822","5949","2","3","2","69","83","101","126","170","224","C0751884"
"22823","2301","2","5","6","11","142","225","142","220","673","C0751884"
"22824","7157","2","3","12","19","31","261","402","489","551","C0751884"
"22825","2706","2","3","12","76","153","40","38","54","75","C0751884"
"22826","1201","2","3","2","48","170","50","304","167","593","C0751895"
"22827","6338","2","5","8","63","45","23","34","464","187","C0751895"
"22828","57560","2","3","12","76","153","40","38","54","75","C0751895"
"22829","4535","2","3","2","48","170","50","119","444","556","C0751895"
"22830","30008","2","5","7","53","51","342","454","573","492","C0751895"
"22831","5351","2","5","7","53","51","342","454","573","492","C0751955"
"22832","23630","2","5","8","63","36","166","106","110","158","C0751955"
"22833","22930","2","5","7","60","54","24","30","46","72","C0751955"
"22834","10269","2","3","2","48","182","50","119","444","556","C0751955"
"22835","5321","2","3","5","116","183","295","398","243","327","C0751955"
"22836","3284","2","3","2","69","98","169","299","183","243","C0752109"
"22837","2316","2","5","7","53","51","342","454","573","702","C0752109"
"22838","675","2","3","12","19","31","261","116","1","86","C0752109"
"22839","5506","2","3","12","76","137","76","136","82","658","C0752109"
"22840","6336","2","5","8","63","36","166","341","390","158","C0752143"
"22841","2131","2","3","2","74","58","112","148","181","416","C0752143"
"22842","1312","2","3","2","87","79","105","426","129","25","C0752143"
"22843","55704","2","3","12","76","153","40","38","54","75","C0752160"
"22844","1301","2","5","7","53","51","342","454","573","492","C0752160"
"22845","26580","2","5","8","27","70","99","162","216","290","C0752166"
"22846","2353","2","3","12","19","31","1","91","489","416","C0752166"
"22847","5075","2","3","3","19","221","321","428","541","667","C0752166"
"22848","3655","2","5","7","53","51","342","454","573","492","C0752166"
"22849","5376","2","5","7","53","51","342","454","573","492","C0752166"
"22850","54101","2","3","2","48","170","50","347","167","593","C0752166"
"22851","778","2","5","8","63","36","166","341","223","158","C0752166"
"22852","2778","2","5","4","68","96","326","427","548","672","C0752166"
"22853","23426","2","5","7","42","36","71","177","223","219","C0752166"
"22854","10210","2","3","12","41","116","268","434","468","213","C0752166"
"22855","4929","2","3","3","19","151","276","91","433","118","C0752166"
"22856","9401","2","3","12","76","31","261","116","1","86","C0752166"
"22857","54209","2","5","7","53","51","119","395","549","674","C0752166"
"22858","57393","2","3","8","45","94","199","240","415","666","C0752166"
"22859","6885","2","3","12","41","219","339","156","568","697","C0752166"
"22860","23209","2","5","8","63","45","23","103","464","187","C0752166"
"22861","3861","2","1","6","11","142","225","142","220","298","C0752166"
"22862","2879","2","3","5","80","81","166","378","173","229","C0752166"
"22863","51057","2","3","12","76","153","40","38","54","75","C0752166"
"22864","6716","2","3","2","69","98","169","299","50","494","C0752166"
"22865","1280","2","5","7","53","51","342","454","573","492","C0752166"
"22866","29123","2","3","12","19","151","276","91","433","118","C0752166"
"22867","3857","2","1","6","11","142","225","142","220","298","C0752210"
"22868","10290","2","5","7","53","14","20","34","540","68","C0752210"
"22869","547","2","3","7","76","153","40","38","54","75","C0752252"
"22870","6662","2","3","3","19","221","321","428","541","667","C0752252"
"22871","3417","2","3","7","34","52","216","395","549","319","C0752262"
"22872","3265","2","5","7","60","54","24","30","46","72","C0752262"
"22873","1969","2","5","7","53","14","20","25","560","186","C0752282"
"22874","1280","2","5","7","53","51","342","454","573","492","C0752282"
"22875","23503","2","3","6","11","142","225","142","220","298","C0752282"
"22876","4784","2","3","2","22","33","261","116","159","211","C0752282"
"22877","8260","2","3","12","41","85","266","76","287","78","C0752308"
"22878","5828","2","3","5","43","161","305","409","208","482","C0752308"
"22879","7169","2","5","8","63","45","23","103","464","187","C0752308"
"22880","11160","2","3","12","41","116","268","423","536","445","C0752308"
"22881","2253","2","5","7","53","14","20","25","40","186","C0752308"
"22882","3115","2","5","7","53","184","119","156","287","116","C0752323"
"22883","50484","2","3","5","80","109","182","235","307","506","C0752323"
"22884","5428","2","3","2","48","170","50","119","167","593","C0752323"
"22885","2130","2","3","2","22","33","323","66","491","609","C0752323"
"22886","2639","2","3","2","71","148","34","160","115","164","C0752323"
"22887","10269","2","3","2","48","182","50","119","444","556","C0752323"
"22888","6261","2","5","8","63","45","23","34","464","187","C0752323"
"22889","26191","2","5","7","53","14","20","25","40","186","C0752323"
"22890","4638","2","5","7","53","45","23","103","464","187","C0752323"
"22891","6716","2","3","2","69","98","169","299","50","494","C0752347"
"22892","1917","2","3","12","41","219","339","347","572","658","C0752347"
"22893","675","2","3","12","19","31","261","116","1","86","C0752347"
"22894","4626","2","5","8","63","45","23","103","464","187","C0752347"
"22895","1184","2","5","8","63","45","23","34","464","187","C0752347"
"22896","6144","2","3","2","110","85","237","433","547","671","C0752347"
"22897","55636","2","3","3","19","221","321","428","423","389","C0752347"
"22898","4148","2","5","7","53","51","342","454","573","492","C0752347"
"22899","10381","2","3","12","76","153","40","38","54","75","C0752347"
"22900","2022","2","5","7","53","51","342","259","423","389","C0752347"
"22901","4952","2","3","5","60","54","184","30","544","669","C0752347"
"22902","5428","2","3","2","48","170","50","119","167","593","C0752347"
"22903","2706","2","3","12","76","153","40","38","54","75","C0752347"
"22904","5741","2","5","4","68","96","326","427","548","672","C0752347"
"22905","2317","2","5","7","63","45","23","103","287","664","C0752347"
"22906","1302","2","5","7","53","51","342","454","573","492","C0752347"
"22907","1806","2","3","2","49","23","186","149","195","61","C0752347"
"22908","26040","2","3","12","19","31","1","116","297","78","C0752347"
"22909","2255","2","5","7","53","14","20","25","40","186","C0752347"
"22910","3972","2","5","4","68","96","326","427","548","672","C0752347"
"22911","1805","2","5","7","53","51","342","454","573","492","C0752347"
"22912","64324","2","3","12","19","31","1","426","55","78","C0752351"
"22913","25836","2","3","12","76","153","40","38","54","75","C0752351"
"22914","4069","2","5","7","34","52","216","395","549","674","C0752351"
"22915","3265","2","5","7","60","54","24","30","46","72","C0752351"
"22916","5015","2","3","3","19","221","321","428","541","667","C0752351"
"22917","7227","2","3","12","19","31","276","91","433","118","C0752351"
"22918","2200","2","5","7","53","51","342","454","573","492","C0752351"
"22919","1305","2","5","7","53","51","342","454","573","492","C0795690"
"22920","2720","2","3","7","34","52","216","395","21","599","C0795690"
"22921","6899","2","5","7","53","184","335","259","560","373","C0795690"
"22922","54808","2","3","12","76","153","40","38","54","75","C0795690"
"22923","4137","2","3","7","27","36","150","341","223","628","C0795690"
"22924","3845","2","5","7","60","54","24","30","46","72","C0795690"
"22925","1298","2","5","7","53","51","342","454","573","492","C0795690"
"22926","4157","2","5","4","68","96","326","427","548","672","C0795690"
"22927","652","2","5","7","53","51","342","454","573","492","C0795690"
"22928","5605","2","5","7","53","14","20","34","540","68","C0795690"
"22929","3627","2","5","4","68","96","326","427","548","672","C0795690"
"22930","1786","2","3","12","19","31","1","426","55","78","C0795690"
"22931","4000","2","3","12","26","105","178","226","297","156","C0795690"
"22932","5295","2","5","7","53","14","20","25","40","186","C0795690"
"22933","7022","2","3","12","19","31","261","91","433","664","C0795690"
"22934","718","2","5","7","34","51","119","395","549","674","C0795690"
"22935","8890","2","3","2","110","85","237","433","547","671","C0795690"
"22936","2077","2","3","12","76","153","40","38","54","75","C0795690"
"22937","5053","2","3","5","80","81","166","236","308","390","C0795690"
"22938","8910","2","5","8","63","45","23","103","464","187","C0795690"
"22939","6736","2","3","12","19","31","276","91","433","667","C0795806"
"22940","5159","2","5","7","53","14","20","25","40","186","C0795806"
"22941","10743","2","3","3","19","151","276","91","433","118","C0795806"
"22942","1300","2","5","7","53","51","342","454","573","492","C0795841"
"22943","2316","2","5","7","53","51","342","454","573","702","C0795864"
"22944","4292","2","3","12","19","31","261","116","1","86","C0795864"
"22945","1071","2","5","7","53","51","342","454","573","492","C0795905"
"22946","2324","2","5","7","53","14","20","25","40","186","C0795905"
"22947","57817","2","5","7","34","51","342","350","243","561","C0795907"
"22948","5657","2","5","7","34","52","216","395","549","674","C0795907"
"22949","51360","2","3","3","26","35","276","91","433","203","C0795907"
"22950","5116","2","3","12","76","153","40","38","54","75","C0795907"
"22951","3663","2","3","12","53","184","119","156","287","116","C0795907"
"22952","4329","2","3","2","67","92","293","229","381","496","C0795907"
"22953","1373","2","3","8","84","97","167","210","271","536","C0795907"
"22954","23111","2","3","12","41","219","339","156","568","697","C0795907"
"22955","54790","2","3","12","19","31","1","426","55","78","C0795907"
"22956","695","2","5","7","53","14","20","25","40","186","C0795996"
"22957","5073","2","3","2","110","85","323","433","146","194","C0795996"
"22958","8200","2","5","7","53","51","342","259","423","389","C0795996"
"22959","673","2","5","7","53","14","20","34","540","68","C0795998"
"22960","6495","2","3","3","19","221","321","428","541","667","C0795998"
"22961","2677","2","5","7","53","51","342","454","573","492","C0796004"
"22962","6390","2","3","2","48","170","50","119","444","556","C0796004"
"22963","4920","2","5","7","53","14","20","259","560","373","C0796004"
"22964","1406","2","3","3","19","221","321","428","541","667","C0796004"
"22965","2952","2","3","5","91","175","271","372","471","586","C0796013"
"22966","8139","2","3","12","41","116","268","434","468","213","C0796013"
"22967","7273","2","5","7","53","51","342","103","464","702","C0796016"
"22968","8289","2","3","12","19","31","1","426","55","78","C0796016"
"22969","2353","2","3","12","19","31","1","91","489","416","C0796022"
"22970","3670","2","3","2","110","85","237","433","547","671","C0796022"
"22971","50964","2","5","3","68","221","197","259","423","422","C0796022"
"22972","7020","2","3","12","19","31","276","91","433","664","C0796032"
"22973","60","2","3","12","60","45","184","155","287","78","C0796032"
"22974","2658","2","5","7","53","51","342","259","423","389","C0796037"
"22975","6469","2","5","3","53","221","197","259","560","422","C0796037"
"22976","8626","2","3","3","19","221","321","428","541","667","C0796059"
"22977","3569","2","5","7","53","51","342","454","573","416","C0796059"
"22978","10265","2","3","3","19","221","321","428","541","667","C0796063"
"22979","5116","2","3","12","76","153","40","38","54","75","C0796070"
"22980","2273","2","5","8","63","45","23","103","464","187","C0796070"
"22981","1363","2","5","7","27","36","184","141","359","411","C0796070"
"22982","54903","2","3","12","76","153","40","38","54","75","C0796126"
"22983","2321","2","5","7","53","14","20","25","40","186","C0796126"
"22984","1286","2","5","7","53","51","342","454","573","492","C0796126"
"22985","9150","2","3","12","19","31","261","116","159","211","C0796126"
"22986","50964","2","5","3","68","221","197","259","423","422","C0796126"
"22987","356","2","5","7","53","219","339","25","489","697","C0796137"
"22988","860","2","3","12","19","31","276","91","433","118","C0796137"
"22989","1062","2","3","12","76","153","40","38","54","75","C0796147"
"22990","1355","2","3","2","48","170","50","119","444","556","C0796147"
"22991","7403","2","3","12","19","31","1","426","55","78","C0796147"
"22992","3990","2","3","5","26","35","178","9","414","220","C0796154"
"22993","2720","2","3","7","34","52","216","395","21","599","C0796154"
"22994","2512","2","3","7","34","52","216","395","544","358","C0796154"
"22995","875","2","3","5","80","137","44","21","451","316","C0796195"
"22996","5993","2","3","12","19","31","1","426","55","78","C0796205"
"22997","4683","2","3","12","19","31","261","116","1","86","C0796205"
"22998","3081","2","3","2","91","51","3","267","308","429","C0796208"
"22999","3689","2","5","7","34","52","216","395","549","674","C0796208"
"23000","6655","2","5","7","60","54","24","30","46","72","C0796232"
"23001","7337","2","3","12","41","116","268","434","468","213","C0796232"
"23002","2778","2","5","4","68","96","326","427","548","672","C0796274"
"23003","1584","2","3","5","79","159","256","276","353","456","C0796274"
"23004","25970","2","5","7","53","14","20","25","40","116","C0796279"
"23005","8573","2","5","7","53","36","71","341","223","219","C0796279"
"23006","55650","2","3","2","61","77","142","176","235","557","C0809983"
"23007","3284","2","3","2","69","98","169","299","183","243","C0809983"
"23008","22880","2","3","2","115","151","340","451","569","698","C0809983"
"23009","8626","2","3","3","19","221","321","428","541","667","C0809983"
"23010","1906","2","5","4","68","96","326","427","548","672","C0809983"
"23011","5830","2","3","5","43","161","305","409","208","482","C0809983"
"23012","2697","2","3","7","76","153","40","38","54","75","C0809983"
"23013","3043","2","5","7","34","52","216","395","549","116","C0809983"
"23014","23545","2","3","5","29","88","132","85","222","346","C0813217"
"23015","5447","2","3","5","91","214","271","372","471","586","C0813217"
"23016","7456","2","5","7","60","14","20","25","40","215","C0813217"
"23017","4286","2","3","12","19","31","261","116","1","664","C0813217"
"23018","4091","2","3","12","53","219","342","259","423","389","C0813217"
"23019","6094","2","3","2","27","83","326","126","414","702","C0813217"
"23020","3209","2","3","3","19","221","321","428","541","667","C0836924"
"23021","4000","2","3","12","26","105","178","226","297","156","C0836924"
"23022","3549","2","5","3","53","51","197","259","560","422","C0836924"
"23023","11232","2","3","3","19","151","276","91","433","118","C0836924"
"23024","23322","2","3","12","76","153","40","38","54","75","C0836924"
"23025","6443","2","5","8","63","45","23","103","464","187","C0836924"
"23026","6888","2","3","2","90","167","266","367","500","577","C0836924"
"23027","5073","2","3","2","110","85","323","433","146","194","C0836924"
"23028","25836","2","3","12","76","153","40","38","54","75","C0836924"
"23029","7297","2","5","7","53","184","119","25","40","186","C0836924"
"23030","3479","2","5","7","53","51","342","454","573","492","C0836924"
"23031","5896","2","3","12","41","116","268","434","568","605","C0836924"
"23032","2244","2","5","7","53","51","342","454","573","492","C0836924"
"23033","2516","2","3","3","19","151","276","91","433","118","C0836924"
"23034","6712","2","5","7","60","153","40","341","223","203","C0847614"
"23035","7015","2","3","12","19","31","1","426","55","78","C0847614"
"23036","5828","2","3","5","43","161","305","409","208","482","C0848558"
"23037","5476","2","3","7","34","52","216","395","152","310","C0848558"
"23038","3673","2","5","7","53","51","342","454","573","492","C0848558"
"23039","5921","2","5","7","60","14","24","25","40","215","C0848558"
"23040","6813","2","5","7","53","51","342","454","573","702","C0850703"
"23041","6813","2","5","7","53","51","342","454","573","702","C0850703"
"23042","79827","2","5","7","53","51","119","395","549","674","C0850703"
"23043","5906","2","5","7","34","52","216","30","46","72","C0850703"
"23044","25824","2","3","2","48","57","110","141","359","229","C0850703"
"23045","23418","2","5","7","53","36","71","177","560","373","C0850703"
"23046","3239","2","3","3","19","221","321","428","541","667","C0850703"
"23047","3643","2","5","7","53","14","20","25","40","186","C0850703"
"23048","5122","2","5","4","27","36","184","141","359","411","C0850703"
"23049","29851","2","5","7","53","14","20","25","40","186","C0850703"
"23050","182","2","5","7","53","51","143","428","236","667","C0850703"
"23051","2760","2","3","7","34","52","216","395","549","674","C0850703"
"23052","6505","2","3","2","45","94","199","240","415","666","C0850715"
"23053","3569","2","5","7","53","51","342","454","573","416","C0850715"
"23054","9241","2","5","7","53","51","342","259","423","389","C0850715"
"23055","114781","2","3","12","41","116","268","434","468","213","C0850715"
"23056","23594","2","3","12","76","153","261","116","1","86","C0850715"
"23057","10451","2","5","7","60","54","24","30","46","72","C0850715"
"23058","8242","2","3","12","19","31","1","426","55","78","C0850715"
"23059","55275","2","5","7","60","54","24","98","66","203","C0850715"
"23060","472","2","3","12","19","31","261","116","1","86","C0850715"
"23061","6833","2","5","8","45","36","166","240","415","666","C0850715"
"23062","3827","2","5","4","68","96","326","427","548","672","C0852036"
"23063","1144","2","5","8","27","70","99","162","216","290","C0852036"
"23064","7841","2","3","2","41","116","178","423","536","445","C0852283"
"23065","1583","2","3","5","79","152","273","375","100","589","C0852283"
"23066","3516","2","3","12","19","31","143","428","236","667","C0852283"
"23067","6925","2","3","12","19","31","225","142","220","298","C0852283"
"23068","1103","2","3","2","67","92","293","55","75","311","C0852283"
"23069","1080","2","3","12","41","219","339","156","544","669","C0852283"
"23070","51360","2","3","3","26","35","276","91","433","203","C0852283"
"23071","5728","2","3","5","80","81","339","156","568","605","C0852283"
"23072","5562","2","3","2","48","57","110","141","359","462","C0852283"
"23073","5832","2","3","2","101","62","189","182","509","252","C0852283"
"23074","6683","2","3","12","76","153","40","38","54","75","C0852283"
"23075","6774","2","3","12","53","14","276","25","489","416","C0852283"
"23076","8074","2","5","7","53","14","20","25","40","186","C0852283"
"23077","54567","2","5","7","53","51","143","428","236","667","C0852283"
"23078","6774","2","3","12","53","14","276","25","489","416","C0852283"
"23079","4893","2","5","7","34","52","24","30","46","72","C0852866"
"23080","7415","2","3","7","34","52","216","395","536","445","C0852866"
"23081","2147","2","5","7","68","51","342","454","573","492","C0853068"
"23082","54919","2","3","2","41","96","279","304","370","257","C0853068"
"23083","10280","2","3","2","110","85","52","57","86","119","C0853068"
"23084","7474","2","5","3","68","221","184","259","544","669","C0853068"
"23085","4287","2","3","12","41","116","268","434","468","215","C0853068"
"23086","4353","2","3","7","34","52","216","395","549","674","C0853068"
"23087","9949","2","3","2","22","33","225","142","220","298","C0853068"
"23088","2146","2","3","12","19","31","1","426","55","78","C0853085"
"23089","727897","2","3","2","89","206","324","430","429","544","C0853085"
"23090","9321","2","3","12","76","153","40","38","54","203","C0853085"
"23091","2006","2","5","7","53","51","342","454","573","492","C0853085"
"23092","1644","2","3","2","88","79","239","333","258","345","C0853085"
"23093","58508","2","3","12","19","31","1","426","55","78","C0853087"
"23094","23532","2","3","12","41","116","152","129","252","154","C0853087"
"23095","7403","2","3","12","19","31","1","426","55","78","C0853087"
"23096","6768","2","1","6","11","142","225","142","220","298","C0853087"
"23097","7461","2","3","7","60","153","40","38","93","75","C0853087"
"23098","1280","2","5","7","53","51","342","454","573","492","C0853087"
"23099","339896","2","3","2","101","62","189","182","509","409","C0853087"
"23100","6662","2","3","3","19","221","321","428","541","667","C0853087"
"23101","4541","2","3","2","48","170","50","119","444","24","C0853087"
"23102","51119","2","3","2","110","85","237","433","547","671","C0853087"
"23103","11277","2","3","12","19","31","261","116","1","86","C0853087"
"23104","6662","2","3","3","19","221","321","428","541","667","C0853087"
"23105","658","2","5","7","53","51","342","259","423","389","C0853087"
"23106","5265","2","5","7","34","52","216","395","573","702","C0853087"
"23107","2778","2","5","4","68","96","326","427","548","672","C0853087"
"23108","4509","2","3","2","48","170","50","119","444","556","C0853087"
"23109","221692","2","3","2","42","184","118","155","83","658","C0853087"
"23110","2067","2","3","12","19","31","261","116","1","86","C0853087"
"23111","1280","2","5","7","53","51","342","454","573","492","C0853087"
"23112","2483","2","3","2","22","33","323","66","101","136","C0853087"
"23113","6736","2","3","12","19","31","276","91","433","667","C0853087"
"23114","2516","2","3","3","19","151","276","91","433","118","C0853087"
"23115","1880","2","5","4","68","96","326","427","548","672","C0853193"
"23116","1487","2","3","12","19","31","1","426","55","340","C0853193"
"23117","4920","2","5","7","53","14","20","259","560","373","C0853193"
"23118","26277","2","3","12","19","31","1","426","1","78","C0853193"
"23119","4488","2","3","3","19","221","321","428","541","667","C0853193"
"23120","5657","2","5","7","34","52","216","395","549","674","C0853193"
"23121","25942","2","3","12","19","31","1","426","55","78","C0853193"
"23122","6662","2","3","3","19","221","321","428","541","667","C0853193"
"23123","10847","2","3","12","19","31","1","426","55","78","C0853193"
"23124","1583","2","3","5","79","152","273","375","100","589","C0853193"
"23125","6234","2","3","2","110","85","237","433","547","671","C0853193"
"23126","6774","2","3","12","53","14","276","25","489","416","C0853193"
"23127","7155","2","3","12","19","31","261","116","1","664","C0853193"
"23128","5167","2","3","5","32","93","163","207","303","126","C0853193"
"23129","3423","2","3","5","74","3","342","374","294","590","C0853193"
"23130","9370","2","5","3","41","151","276","91","433","118","C0853193"
"23131","959","2","5","7","53","51","119","395","549","674","C0853193"
"23132","4313","2","5","7","53","51","342","454","573","492","C0853877"
"23133","199","2","5","7","34","52","216","395","549","674","C0853877"
"23134","1278","2","5","7","53","51","342","454","573","492","C0853877"
"23135","7415","2","3","7","34","52","216","395","536","445","C0853897"
"23136","4041","2","5","3","68","221","197","259","560","422","C0853897"
"23137","2639","2","3","2","71","148","34","160","115","164","C0853897"
"23138","6638","2","3","2","22","33","323","66","101","136","C0853897"
"23139","2316","2","5","7","53","51","342","454","573","702","C0853897"
"23140","10804","2","3","12","76","153","40","38","54","75","C0853897"
"23141","1235","2","5","4","68","96","326","427","548","672","C0853897"
"23142","54938","2","3","2","110","85","67","76","252","154","C0853897"
"23143","4602","2","3","12","19","31","1","155","287","116","C0853897"
"23144","673","2","5","7","53","14","20","34","540","68","C0853897"
"23145","1277","2","5","7","53","51","342","454","573","492","C0853945"
"23146","8985","2","5","7","53","51","342","454","573","492","C0853945"
"23147","2121","2","3","12","41","116","268","434","568","605","C0853945"
"23148","1536","2","5","7","34","52","216","395","549","674","C0853945"
"23149","51422","2","3","2","48","57","110","141","359","462","C0853945"
"23150","3606","2","5","7","53","51","119","156","489","416","C0853945"
"23151","778","2","5","8","63","36","166","341","223","158","C0853945"
"23152","2239","2","3","2","74","51","342","454","573","492","C0853945"
"23153","2581","2","3","5","80","81","250","291","152","420","C0853945"
"23154","153090","2","5","7","60","54","24","30","46","72","C0853945"
"23155","8625","2","3","12","19","31","276","91","236","118","C0854021"
"23156","10483","2","3","7","60","54","24","30","46","72","C0854021"
"23157","5332","2","3","4","68","96","326","427","548","672","C0854107"
"23158","2294","2","3","3","19","221","321","428","541","667","C0854107"
"23159","1537","2","3","2","48","170","50","304","167","593","C0854107"
"23160","2177","2","3","2","110","90","261","431","545","443","C0854107"
"23161","658","2","5","7","53","51","342","259","423","389","C0854107"
"23162","1523","2","3","3","19","221","321","428","541","667","C0854107"
"23163","7290","2","3","12","19","31","1","426","55","78","C0854107"
"23164","1301","2","5","7","53","51","342","454","573","492","C0854107"
"23165","2780","2","5","4","68","96","326","427","548","672","C0854107"
"23166","51715","2","5","7","60","54","24","30","46","72","C0854107"
"23167","55135","2","3","12","76","137","76","136","472","435","C0854110"
"23168","3176","2","3","2","19","31","1","426","55","78","C0854110"
"23169","8148","2","3","12","19","31","261","116","159","211","C0854110"
"23170","5781","2","5","7","53","14","20","25","40","186","C0854110"
"23171","2110","2","3","2","48","170","50","119","444","556","C0854110"
"23172","4010","2","3","3","19","221","321","428","541","667","C0854110"
"23173","55315","2","3","5","80","81","296","62","94","150","C0854110"
"23174","5396","2","3","3","19","221","321","428","541","667","C0854110"
"23175","1032","2","3","12","19","31","1","426","55","78","C0854110"
"23176","11200","2","3","12","19","31","261","116","1","86","C0854110"
"23177","5573","2","3","12","19","184","118","155","287","116","C0854110"
"23178","931","2","5","7","53","14","119","156","287","116","C0854110"
"23179","5373","2","3","2","90","167","123","158","207","278","C0854110"
"23180","2263","2","5","7","53","14","20","25","40","186","C0854242"
"23181","2261","2","5","7","53","14","20","25","40","186","C0854242"
"23182","55112","2","3","12","76","153","40","38","54","75","C0854242"
"23183","3778","2","5","8","63","36","166","106","110","158","C0854723"
"23184","368","2","3","12","41","116","268","423","536","445","C0854723"
"23185","6311","2","3","2","22","33","323","66","362","468","C0854723"
"23186","11235","2","3","2","76","137","76","136","472","435","C0854723"
"23187","26608","2","3","2","22","170","50","119","463","153","C0854723"
"23188","23203","2","3","5","80","81","50","304","167","593","C0854723"
"23189","9247","2","5","7","53","221","197","259","423","389","C0854723"
"23190","5605","2","5","7","53","14","20","34","540","68","C0854723"
"23191","9499","2","5","7","53","51","23","103","464","187","C0854723"
"23192","5828","2","3","5","43","161","305","409","208","482","C0854723"
"23193","2074","2","3","12","19","31","1","426","55","78","C0854723"
"23194","1673","2","5","9","70","100","238","332","420","536","C0854723"
"23195","2316","2","5","7","53","51","342","454","573","702","C0854723"
"23196","5605","2","5","7","53","14","20","34","540","68","C0854723"
"23197","2100","2","3","3","19","151","276","91","433","118","C0854723"
"23198","7015","2","3","12","19","31","1","426","55","78","C0854723"
"23199","4282","2","5","7","34","52","216","395","549","674","C0854723"
"23200","10002","2","3","3","19","151","276","91","433","118","C0854723"
"23201","5193","2","3","5","43","161","305","409","208","482","C0854723"
"23202","3239","2","3","3","19","221","321","428","541","667","C0854723"
"23203","9992","2","5","8","63","36","166","341","110","158","C0854723"
"23204","10516","2","5","7","53","51","342","454","573","492","C0854723"
"23205","3586","2","5","7","53","51","119","25","489","416","C0854723"
"23206","3339","2","5","7","53","51","342","454","573","492","C0854723"
"23207","7020","2","3","12","19","31","276","91","433","664","C0854723"
"23208","650","2","5","7","53","51","342","259","423","389","C0854723"
"23209","8220","2","3","2","22","33","323","66","101","136","C0854723"
"23210","2736","2","3","12","41","116","321","428","54","667","C0854723"
"23211","55532","2","3","7","25","44","165","101","274","358","C0854723"
"23212","4000","2","3","12","26","105","178","226","297","156","C0854723"
"23213","2780","2","5","4","68","96","326","427","548","672","C0854723"
"23214","257","2","3","3","19","221","321","428","541","667","C0854723"
"23215","51025","2","3","2","48","170","50","304","167","593","C0854723"
"23216","27286","2","5","7","53","51","342","444","560","492","C0855740"
"23217","34","2","3","2","19","151","276","91","433","118","C0855740"
"23218","6786","2","5","8","63","45","23","103","464","187","C0855740"
"23219","4921","2","5","7","53","14","20","25","573","186","C0855740"
"23220","6662","2","3","3","19","221","321","428","541","667","C0855740"
"23221","7157","2","3","12","19","31","261","402","489","551","C0855740"
"23222","4647","2","5","7","60","83","101","126","170","224","C0855740"
"23223","5406","2","3","5","80","81","166","454","76","106","C0855740"
"23224","6389","2","3","2","48","170","50","119","444","556","C0855740"
"23225","29760","2","5","7","53","14","20","25","40","186","C0855740"
"23226","4852","2","5","4","68","96","326","427","548","672","C0855740"
"23227","871","2","5","7","53","51","342","454","573","492","C0855740"
"23228","3426","2","5","7","53","51","119","395","549","674","C0855742"
"23229","6299","2","3","12","19","221","321","428","541","667","C0855742"
"23230","6469","2","5","3","53","221","197","259","560","422","C0855742"
"23231","8803","2","3","8","67","92","293","55","75","311","C0855742"
"23232","29925","2","3","2","68","66","123","158","207","278","C0855742"
"23233","9652","2","3","2","110","85","237","433","547","671","C0855742"
"23234","26580","2","5","8","27","70","99","162","216","290","C0855742"
"23235","3339","2","5","7","53","51","342","454","573","492","C0855742"
"23236","9782","2","3","2","22","33","323","66","101","136","C0855742"
"23237","2623","2","3","12","19","31","1","155","287","116","C0855791"
"23238","7428","2","3","12","41","116","268","434","468","213","C0855791"
"23239","2657","2","5","7","53","51","342","259","423","389","C0855791"
"23240","5994","2","3","12","19","31","276","91","491","118","C0855791"
"23241","90865","2","3","12","41","219","339","156","568","605","C0855791"
"23242","9394","2","3","2","74","58","112","148","193","263","C0856727"
"23243","121391","2","1","6","11","142","225","142","220","298","C0856727"
"23244","7461","2","3","7","60","153","40","38","93","75","C0856747"
"23245","25913","2","3","12","19","31","261","116","1","78","C0856747"
"23246","1106","2","3","12","19","31","1","426","55","78","C0856747"
"23247","3172","2","3","3","19","151","276","91","433","118","C0856747"
"23248","1908","2","5","4","68","96","326","427","548","672","C0856747"
"23249","55670","2","3","5","43","161","305","409","208","482","C0856761"
"23250","7415","2","3","7","34","52","216","395","536","445","C0856761"
"23251","1889","2","5","4","68","96","326","427","548","672","C0856863"
"23252","1493","2","5","7","53","51","119","25","40","186","C0856863"
"23253","54808","2","3","12","76","153","40","38","54","75","C0856863"
"23254","1305","2","5","7","53","51","342","454","573","492","C0856863"
"23255","54902","2","3","2","48","182","50","119","444","556","C0856863"
"23256","4353","2","3","7","34","52","216","395","549","674","C0856863"
"23257","226","2","5","7","34","52","216","395","549","702","C0856863"
"23258","6736","2","3","12","19","31","276","91","433","667","C0856863"
"23259","2315","2","5","8","63","45","23","141","464","187","C0856863"
"23260","7351","2","3","2","20","29","98","123","166","221","C0856863"
"23261","1301","2","5","7","53","51","342","454","573","492","C0856863"
"23262","471","2","3","5","80","81","61","373","341","142","C0856863"
"23263","4353","2","3","7","34","52","216","395","549","674","C0856863"
"23264","5155","2","5","7","53","51","342","454","573","186","C0856863"
"23265","7468","2","3","12","19","31","1","426","55","78","C0856863"
"23266","3105","2","5","7","53","51","119","156","287","116","C0856863"
"23267","23230","2","5","7","11","142","71","341","560","219","C0856863"
"23268","2033","2","3","12","19","31","1","91","433","118","C0856863"
"23269","338","2","5","7","53","51","342","454","573","492","C0856863"
"23270","54620","2","3","12","41","116","268","434","468","213","C0856975"
"23271","5728","2","3","5","80","81","339","156","568","605","C0856975"
"23272","5116","2","3","12","76","153","40","38","54","75","C0856975"
"23273","10752","2","5","7","53","51","335","444","560","373","C0856975"
"23274","1302","2","5","7","53","51","342","454","573","492","C0856975"
"23275","29108","2","5","7","34","52","216","395","549","674","C0856975"
"23276","2629","2","3","5","80","81","250","291","152","420","C0856975"
"23277","116228","2","3","2","48","170","50","119","444","556","C0856975"
"23278","54332","2","3","2","60","170","40","98","66","203","C0856975"
"23279","2260","2","5","7","53","14","20","25","40","186","C0856975"
"23280","7436","2","5","7","53","51","342","341","544","669","C0856975"
"23281","2733","2","3","2","22","33","323","66","101","664","C0856975"
"23282","2879","2","3","5","80","81","166","378","173","229","C0856975"
"23283","3105","2","5","7","53","51","119","156","287","116","C0856975"
"23284","4540","2","3","2","48","170","50","119","444","556","C0856975"
"23285","2077","2","3","12","76","153","40","38","54","75","C0856975"
"23286","23322","2","3","12","76","153","40","38","54","75","C0856975"
"23287","10585","2","5","2","27","206","324","430","215","290","C0856975"
"23288","6439","2","5","5","68","96","185","238","310","272","C0856975"
"23289","4286","2","3","12","19","31","261","116","1","664","C0856975"
"23290","22953","2","5","8","63","45","23","306","390","158","C0857007"
"23291","10008","2","5","8","63","36","166","341","223","158","C0857007"
"23292","10370","2","3","12","19","31","276","91","433","118","C0857007"
"23293","1723","2","3","2","48","170","50","119","444","556","C0857460"
"23294","351","2","5","4","68","96","326","188","145","193","C0857460"
"23295","1798","2","3","2","48","69","99","162","216","290","C0857460"
"23296","207","2","3","7","53","14","20","34","489","416","C0857460"
"23297","1029","2","3","12","19","31","1","116","1","664","C0857460"
"23298","10161","2","5","4","68","96","326","427","548","672","C0857460"
"23299","4750","2","5","12","76","14","20","34","540","68","C0857460"
"23300","5189","2","3","5","43","161","305","409","208","482","C0857460"
"23301","1282","2","5","7","53","51","342","454","573","492","C0857460"
"23302","3480","2","5","7","53","14","20","25","40","186","C0857460"
"23303","1300","2","5","7","53","51","342","454","573","492","C0857460"
"23304","7337","2","3","12","41","116","268","434","468","213","C0857460"
"23305","7305","2","5","7","34","52","216","395","549","674","C0857460"
"23306","4867","2","5","7","76","153","40","38","54","75","C0857460"
"23307","9928","2","3","12","76","153","40","38","54","75","C0857501"
"23308","5744","2","5","4","68","96","326","427","548","672","C0857501"
"23309","54714","2","5","8","63","36","166","106","110","158","C0857501"
"23310","4747","2","5","7","27","36","150","341","223","628","C0857898"
"23311","94","2","5","7","53","51","342","259","423","389","C0857898"
"23312","1437","2","5","7","53","14","20","25","40","186","C0857973"
"23313","4907","2","3","5","80","81","296","62","94","150","C0857973"
"23314","2263","2","5","7","53","14","20","25","40","186","C0857973"
"23315","6690","2","5","7","68","51","119","395","549","674","C0857973"
"23316","6121","2","3","2","69","83","101","126","170","224","C0857973"
"23317","9187","2","5","8","45","94","199","240","415","666","C0857973"
"23318","10585","2","5","2","27","206","324","430","215","290","C0857973"
"23319","2074","2","3","12","19","31","1","426","55","78","C0857973"
"23320","94","2","5","7","53","51","342","259","423","389","C0857973"
"23321","4582","2","5","7","53","206","324","430","429","544","C0857973"
"23322","23592","2","3","12","26","105","342","259","423","389","C0857973"
"23323","5728","2","3","5","80","81","339","156","568","605","C0857973"
"23324","5896","2","3","12","41","116","268","434","568","605","C0857973"
"23325","6872","2","3","12","19","31","261","116","159","211","C0857973"
"23326","5327","2","5","7","53","51","342","454","573","492","C0858355"
"23327","1639","2","3","12","76","153","40","38","54","75","C0858355"
"23328","10000","2","5","7","53","14","20","34","540","68","C0858355"
"23329","79728","2","3","12","19","31","261","116","1","86","C0858355"
"23330","1280","2","5","7","53","51","342","454","573","492","C0858617"
"23331","4148","2","5","7","53","51","342","454","573","492","C0858617"
"23332","1356","2","3","7","53","51","342","454","573","492","C0858617"
"23333","6496","2","3","3","19","221","321","428","541","667","C0858618"
"23334","3575","2","5","7","53","51","184","341","544","669","C0858618"
"23335","6445","2","5","8","63","45","23","103","464","187","C0858618"
"23336","5396","2","3","3","19","221","321","428","541","667","C0858618"
"23337","4983","2","5","7","60","54","24","30","46","72","C0858618"
"23338","8743","2","5","12","41","219","339","156","568","697","C0858618"
"23339","2657","2","5","7","53","51","342","259","423","389","C0858618"
"23340","54757","2","5","7","53","51","342","454","573","492","C0858618"
"23341","6899","2","5","7","53","184","335","259","560","373","C0858867"
"23342","55636","2","3","3","19","221","321","428","423","389","C0858867"
"23343","6337","2","5","8","63","45","23","34","464","187","C0858867"
"23344","3145","2","3","5","80","81","166","132","175","473","C0858867"
"23345","2731","2","3","2","106","104","214","234","67","53","C0858867"
"23346","1290","2","5","7","53","51","342","454","573","492","C0858867"
"23347","10479","2","5","7","27","36","150","341","223","628","C0858867"
"23348","2658","2","5","7","53","51","342","259","423","389","C0858867"
"23349","5602","2","3","12","19","14","150","34","540","68","C0858867"
"23350","7170","2","5","8","63","45","23","103","464","187","C0858867"
"23351","836","2","3","12","41","219","339","402","489","697","C0859942"
"23352","6125","2","3","2","110","85","237","433","547","671","C0859942"
"23353","1281","2","5","7","53","51","342","454","573","492","C0859942"
"23354","4318","2","5","7","34","52","216","395","573","492","C0859942"
"23355","3858","2","1","6","11","142","225","142","220","298","C0859942"
"23356","6628","2","3","2","22","33","323","66","101","136","C0859942"
"23357","6770","2","5","7","27","36","273","341","100","589","C0859942"
"23358","203286","2","5","7","50","30","193","306","148","624","C0859976"
"23359","3198","2","3","3","19","221","321","428","541","667","C0859976"
"23360","50485","2","3","12","19","31","261","116","1","86","C0859976"
"23361","2108","2","3","2","48","170","50","119","444","556","C0860204"
"23362","5873","2","5","7","34","54","24","30","46","72","C0860204"
"23363","7369","2","5","7","53","51","119","395","549","674","C0860204"
"23364","2273","2","5","8","63","45","23","103","464","187","C0860439"
"23365","2317","2","5","7","63","45","23","103","287","664","C0860439"
"23366","3981","2","3","12","19","31","261","116","1","86","C0860439"
"23367","55624","2","3","2","78","123","194","255","215","412","C0860439"
"23368","6229","2","3","2","110","85","237","433","547","671","C0860904"
"23369","4535","2","3","2","48","170","50","119","444","556","C0860904"
"23370","3977","2","5","7","53","51","119","25","40","416","C0872218"
"23371","10907","2","3","2","22","33","323","66","101","136","C0872218"
"23372","2271","2","3","5","80","81","166","170","226","305","C0872218"
"23373","1302","2","5","7","53","51","342","454","573","492","C0876973"
"23374","3553","2","5","7","53","51","119","25","489","416","C0876973"
"23375","6011","2","5","7","53","14","20","34","540","68","C0876973"
"23376","11107","2","3","12","19","31","1","426","55","78","C0876973"
"23377","3887","2","1","6","11","142","225","142","220","298","C0876973"
"23378","7415","2","3","7","34","52","216","395","536","445","C0876973"
"23379","836","2","3","12","41","219","339","402","489","697","C0876973"
"23380","2623","2","3","12","19","31","1","155","287","116","C0876973"
"23381","51083","2","5","4","68","96","326","427","548","672","C0876973"
"23382","23064","2","3","6","11","31","261","142","220","664","C0876973"
"23383","5189","2","3","5","43","161","305","409","208","482","C0876973"
"23384","5997","2","5","4","68","96","326","427","548","672","C0876973"
"23385","6916","2","3","5","91","175","119","167","224","301","C0876973"
"23386","54101","2","3","2","48","170","50","347","167","593","C0876973"
"23387","6323","2","5","8","63","36","166","341","390","158","C0876973"
"23388","2535","2","5","3","68","221","197","259","560","422","C0876973"
"23389","5193","2","3","5","43","161","305","409","208","482","C0876973"
"23390","3708","2","5","8","63","45","23","306","390","158","C0876973"
"23391","4615","2","3","12","41","219","339","156","568","697","C0876973"
"23392","6532","2","5","8","45","94","199","240","415","666","C0876973"
"23393","54","2","3","5","80","81","178","195","256","342","C0876973"
"23394","335","2","5","7","53","51","342","454","573","492","C0876973"
"23395","54756","2","5","7","41","219","238","118","543","214","C0876973"
"23396","1301","2","5","7","53","51","342","454","573","492","C0876973"
"23397","1311","2","5","7","53","51","342","454","573","492","C0876973"
"23398","2335","2","5","7","53","51","342","454","573","492","C0876973"
"23399","151648","2","3","12","76","153","40","38","54","75","C0876973"
"23400","2261","2","5","7","53","14","20","25","40","186","C0876973"
"23401","22858","2","3","7","53","14","20","34","540","68","C0876973"
"23402","5160","2","3","2","67","92","293","55","75","311","C0876991"
"23403","7170","2","5","8","63","45","23","103","464","187","C0876991"
"23404","26580","2","5","8","27","70","99","162","216","290","C0876991"
"23405","9332","2","5","7","53","51","216","395","549","674","C0876991"
"23406","8092","2","3","3","19","221","321","428","541","667","C0876994"
"23407","5994","2","3","12","19","31","276","91","491","118","C0876994"
"23408","2316","2","5","7","53","51","342","454","573","702","C0877015"
"23409","930","2","5","7","53","14","119","25","40","186","C0877017"
"23410","10165","2","3","2","48","170","50","304","167","593","C0877017"
"23411","50717","2","3","12","41","116","268","434","468","213","C0877017"
"23412","5894","2","5","7","60","54","23","34","464","187","C0877017"
"23413","6750","2","5","4","68","96","326","427","548","672","C0877056"
"23414","2255","2","5","7","53","14","20","25","40","186","C0877056"
"23415","25970","2","5","7","53","14","20","25","40","116","C0877056"
"23416","3758","2","5","8","63","36","166","106","110","158","C0877056"
"23417","23590","2","3","2","48","170","50","119","444","556","C0877056"
"23418","6916","2","3","5","91","175","119","167","224","301","C0877056"
"23419","54332","2","3","2","60","170","40","98","66","203","C0877056"
"23420","6899","2","5","7","53","184","335","259","560","373","C0877056"
"23421","5449","2","3","3","19","221","321","428","541","667","C0877056"
"23422","7476","2","5","3","68","221","197","259","560","422","C0877056"
"23423","5009","2","3","2","48","97","50","304","167","593","C0877165"
"23424","6736","2","3","12","19","31","276","91","433","667","C0877165"
"23425","2937","2","3","2","83","171","97","381","478","597","C0877165"
"23426","1813","2","5","4","68","96","326","427","548","672","C0877165"
"23427","4352","2","5","7","53","14","20","25","40","186","C0877165"
"23428","658","2","5","7","53","51","342","259","423","389","C0877165"
"23429","6347","2","5","7","53","51","119","427","489","416","C0877165"
"23430","5745","2","5","4","68","96","326","427","548","672","C0877165"
"23431","51218","2","3","2","48","170","50","119","100","556","C0877165"
"23432","7248","2","3","2","48","57","110","141","359","462","C0877165"
"23433","2132","2","3","2","74","58","112","148","193","263","C0877165"
"23434","54209","2","5","7","53","51","119","395","549","674","C0877165"
"23435","1736","2","3","2","110","85","237","433","547","671","C0877165"
"23436","2200","2","5","7","53","51","342","454","573","492","C0877165"
"23437","1280","2","5","7","53","51","342","454","573","492","C0877165"
"23438","5781","2","5","7","53","14","20","25","40","186","C0877165"
"23439","6440","2","5","5","68","96","185","238","310","272","C0877165"
"23440","5346","2","3","3","19","151","276","91","433","118","C0877165"
"23441","7010","2","5","7","53","14","20","25","40","186","C0877165"
"23442","25","2","3","12","19","14","20","25","287","116","C0877165"
"23443","1584","2","3","5","79","159","256","276","353","456","C0877165"
"23444","1280","2","5","7","53","51","342","454","573","492","C0877165"
"23445","4284","2","3","5","80","81","166","397","374","486","C0877165"
"23446","2022","2","5","7","53","51","342","259","423","389","C0877165"
"23447","2773","2","5","4","68","96","326","427","548","672","C0877165"
"23448","8214","2","3","6","11","142","225","142","220","298","C0877165"
"23449","673","2","5","7","53","14","20","34","540","68","C0877165"
"23450","5781","2","5","7","53","14","20","25","40","186","C0877165"
"23451","6144","2","3","2","110","85","237","433","547","671","C0877165"
"23452","6389","2","3","2","48","170","50","119","444","556","C0877165"
"23453","10225","2","5","7","53","51","119","395","549","674","C0877165"
"23454","7124","2","3","12","41","219","339","156","568","697","C0877165"
"23455","3832","2","3","12","76","153","40","38","54","75","C0877326"
"23456","1409","2","3","12","76","153","40","38","54","75","C0877326"
"23457","176","2","5","7","53","51","342","454","573","492","C0877326"
"23458","22995","2","3","12","76","153","40","38","54","75","C0877326"
"23459","546","2","3","12","19","31","261","426","1","86","C0877326"
"23460","6309","2","3","5","19","151","76","48","69","204","C0877326"
"23461","7353","2","3","12","41","219","339","156","568","605","C0877326"
"23462","2316","2","5","7","53","51","342","454","573","702","C0877326"
"23463","1959","2","3","3","19","151","276","91","433","118","C0877792"
"23464","4221","2","3","12","19","31","342","454","573","492","C0877792"
"23465","6648","2","3","2","95","151","160","378","173","229","C0877792"
"23466","55699","2","3","2","110","85","67","76","252","154","C0877792"
"23467","7253","2","5","4","68","96","326","427","548","672","C0878555"
"23468","1401","2","5","7","53","51","119","395","573","492","C0878555"
"23469","26123","2","3","2","76","153","40","38","54","75","C0878575"
"23470","5274","2","5","7","68","51","342","454","573","492","C0878575"
"23471","7249","2","3","7","60","57","110","141","359","462","C0878575"
"23472","28960","2","3","2","22","33","323","433","146","194","C0878575"
"23473","2263","2","5","7","53","14","20","25","40","186","C0878575"
"23474","3766","2","5","8","63","36","166","106","110","158","C0878575"
"23475","7048","2","5","7","53","51","342","259","423","389","C0878575"
"23476","7037","2","5","7","60","14","184","341","544","669","C0878575"
"23477","3417","2","3","7","34","52","216","395","549","319","C0878575"
"23478","4536","2","3","2","48","170","50","119","444","556","C0878575"
"23479","8642","2","5","7","53","51","335","444","560","373","C0878575"
"23480","25782","2","5","7","60","54","24","30","46","72","C0878575"
"23481","4519","2","3","2","48","170","50","119","508","312","C0878575"
"23482","2483","2","3","2","22","33","323","66","101","136","C0878575"
"23483","1586","2","3","5","79","98","256","335","425","540","C0878575"
"23484","4942","2","3","2","67","94","199","182","509","666","C0878575"
"23485","11340","2","3","2","110","85","237","433","547","671","C0878659"
"23486","2033","2","3","12","19","31","1","91","433","118","C0878659"
"23487","6352","2","5","4","68","96","326","427","548","672","C0878659"
"23488","26277","2","3","12","19","31","1","426","1","78","C0878659"
"23489","1906","2","5","4","68","96","326","427","548","672","C0878659"
"23490","6208","2","3","2","110","85","237","433","547","671","C0878659"
"23491","1311","2","5","7","53","51","342","454","573","492","C0878659"
"23492","627","2","5","7","53","51","335","444","423","373","C0878659"
"23493","190","2","3","3","19","151","276","91","433","118","C0878659"
"23494","1643","2","3","12","41","116","268","434","468","213","C0878660"
"23495","5449","2","3","3","19","221","321","428","541","667","C0878660"
"23496","9966","2","5","12","41","219","339","156","568","697","C0878660"
"23497","2260","2","5","7","53","14","20","25","40","186","C0878660"
"23498","4000","2","3","12","26","105","178","226","297","156","C0878683"
"23499","7507","2","3","12","19","31","261","116","1","86","C0878683"
"23500","201163","2","3","2","34","57","110","141","271","356","C0878683"
"23501","23171","2","3","5","116","183","295","398","552","622","C0878773"
"23502","51761","2","5","8","63","45","23","103","464","187","C0878773"
"23503","6331","2","5","8","63","36","166","341","223","158","C0878773"
"23504","338","2","5","7","53","51","342","454","573","492","C0878773"
"23505","2138","2","3","12","19","31","1","426","55","78","C0887833"
"23506","659","2","5","7","53","14","20","259","423","389","C0887833"
"23507","2073","2","3","12","19","31","261","116","1","86","C0887833"
"23508","7169","2","5","8","63","45","23","103","464","187","C0887833"
"23509","1020","2","3","12","19","14","118","34","540","68","C0887833"
"23510","185","2","5","4","68","96","326","427","548","672","C0887833"
"23511","3861","2","1","6","11","142","225","142","220","298","C0887833"
"23512","2301","2","5","6","11","142","225","142","220","673","C0887833"
"23513","7067","2","3","3","19","151","276","91","433","118","C0887833"
"23514","8813","2","3","2","48","116","142","136","280","363","C0887833"
"23515","6392","2","3","2","48","170","50","119","444","556","C0887833"
"23516","6775","2","5","7","53","14","119","25","40","186","C0887833"
"23517","26227","2","3","2","41","137","44","208","81","108","C0887833"
"23518","5627","2","5","7","53","51","342","454","573","702","C0887833"
"23519","5077","2","3","3","19","221","321","428","541","667","C0887833"
"23520","2189","2","3","12","19","31","261","116","1","86","C0887833"
"23521","29851","2","5","7","53","14","20","25","40","186","C0887833"
"23522","3265","2","5","7","60","54","24","30","46","72","C0887833"
"23523","5191","2","3","5","43","161","305","409","208","482","C0887833"
"23524","207","2","3","7","53","14","20","34","489","416","C0887833"
"23525","396","2","5","7","60","54","24","30","46","72","C0917796"
"23526","658","2","5","7","53","51","342","259","423","389","C0917796"
"23527","5396","2","3","3","19","221","321","428","541","667","C0917796"
"23528","1717","2","3","2","19","151","276","48","69","204","C0917796"
"23529","6535","2","5","8","45","94","199","240","415","666","C0917796"
"23530","23522","2","3","12","19","31","1","426","55","78","C0917796"
"23531","4284","2","3","5","80","81","166","397","374","486","C0917796"
"23532","5296","2","5","7","53","14","20","25","40","186","C0917796"
"23533","1594","2","3","5","92","163","96","363","460","487","C0917796"
"23534","8788","2","5","3","53","221","143","428","236","667","C0917796"
"23535","4088","2","3","12","19","219","339","259","423","605","C0917796"
"23536","26119","2","5","7","60","14","184","341","544","669","C0917796"
"23537","2260","2","5","7","53","14","20","25","40","186","C0917796"
"23538","135","2","5","4","68","96","326","427","548","672","C0917796"
"23539","1947","2","5","7","53","51","20","25","560","373","C0917798"
"23540","1311","2","5","7","53","51","342","454","573","492","C0917798"
"23541","10560","2","3","2","65","196","310","127","527","648","C0917798"
"23542","5573","2","3","12","19","184","118","155","287","116","C0917798"
"23543","8434","2","5","5","27","51","335","444","560","373","C0917798"
"23544","9640","2","3","12","19","31","261","116","159","211","C0917798"
"23545","2068","2","3","12","19","31","261","116","159","211","C0917798"
"23546","10082","2","3","2","74","51","342","454","573","492","C0917798"
"23547","2239","2","3","2","74","51","342","454","573","492","C0917798"
"23548","6121","2","3","2","69","83","101","126","170","224","C0917798"
"23549","3730","2","5","7","53","14","20","25","40","186","C0917798"
"23550","22954","2","3","12","41","116","268","434","468","213","C0917798"
"23551","55650","2","3","2","61","77","142","176","235","557","C0917798"
"23552","3339","2","5","7","53","51","342","454","573","492","C0917798"
"23553","6892","2","3","12","41","116","119","156","568","116","C0917798"
"23554","85358","2","5","7","60","14","71","341","223","219","C0917798"
"23555","1312","2","3","2","87","79","105","426","129","25","C0917798"
"23556","1813","2","5","4","68","96","326","427","548","672","C0917798"
"23557","2299","2","3","3","19","221","321","428","541","667","C0917798"
"23558","545","2","3","12","19","31","261","116","1","86","C0917798"
"23559","3162","2","3","5","53","51","119","402","489","416","C0917798"
"23560","7133","2","5","7","34","52","216","395","549","697","C0917798"
"23561","2131","2","3","2","74","58","112","148","181","416","C0917798"
"23562","5080","2","3","3","19","221","321","428","541","667","C0917798"
"23563","10019","2","5","7","53","14","20","25","40","116","C0917798"
"23564","8864","2","3","3","19","151","276","91","433","118","C0917799"
"23565","6925","2","3","12","19","31","225","142","220","298","C0917799"
"23566","3119","2","5","7","53","153","119","156","287","116","C0917799"
"23567","4068","2","5","7","53","51","119","25","549","674","C0917799"
"23568","6662","2","3","3","19","221","321","428","541","667","C0917799"
"23569","56246","2","5","4","68","96","326","427","548","672","C0917799"
"23570","673","2","5","7","53","14","20","34","540","68","C0917799"
"23571","8200","2","5","7","53","51","342","259","423","389","C0917799"
"23572","25836","2","3","12","76","153","40","38","54","75","C0917800"
"23573","5173","2","5","4","68","96","326","427","548","672","C0917801"
"23574","5573","2","3","12","19","184","118","155","287","116","C0917801"
"23575","3614","2","3","7","34","52","216","395","549","674","C0917801"
"23576","7050","2","3","12","19","31","321","428","541","667","C0917801"
"23577","4337","2","3","2","80","91","75","204","267","352","C0917801"
"23578","9084","2","5","4","68","96","326","188","145","193","C0917801"
"23579","1278","2","5","7","53","51","342","454","573","492","C0917801"
"23580","8260","2","3","12","41","85","266","76","287","78","C0917801"
"23581","5314","2","3","12","76","153","40","38","54","75","C0917801"
"23582","8600","2","5","7","41","219","339","156","568","697","C0917801"
"23583","545","2","3","12","19","31","261","116","1","86","C0917801"
"23584","5447","2","3","5","91","214","271","372","471","586","C0917801"
"23585","1134","2","5","8","27","70","99","162","216","290","C0917801"
"23586","9378","2","5","7","27","36","71","341","223","219","C0917801"
"23587","7274","2","3","5","43","161","99","162","216","290","C0917801"
"23588","26608","2","3","2","22","170","50","119","463","153","C0917801"
"23589","53834","2","5","7","53","51","342","454","573","492","C0917804"
"23590","11141","2","5","7","53","36","335","444","223","373","C0917804"
"23591","2109","2","3","2","48","170","50","119","444","556","C0917805"
"23592","11154","2","5","7","60","18","184","341","544","669","C0917805"
"23593","7169","2","5","8","63","45","23","103","464","187","C0917805"
"23594","4842","2","3","5","63","45","71","177","464","219","C0917805"
"23595","6790","2","3","12","76","153","40","34","540","68","C0917805"
"23596","2706","2","3","12","76","153","40","38","54","75","C0917805"
"23597","3889","2","1","6","11","142","225","142","220","298","C0917805"
"23598","4148","2","5","7","53","51","342","454","573","492","C0917805"
"23599","2645","2","3","2","90","167","266","367","101","664","C0917805"
"23600","2245","2","5","7","60","54","24","30","46","72","C0917805"
"23601","3717","2","5","7","53","14","20","25","40","186","C0917805"
"23602","7436","2","5","7","53","51","342","341","544","669","C0917805"
"23603","3587","2","5","7","53","51","119","395","549","674","C0917817"
"23604","10461","2","5","7","53","14","20","25","40","186","C0917817"
"23605","5728","2","3","5","80","81","339","156","568","605","C0917817"
"23606","9469","2","3","2","103","189","303","29","475","467","C0917817"
"23607","11277","2","3","12","19","31","261","116","1","86","C0917990"
"23608","1956","2","5","7","53","14","184","45","544","669","C0917990"
"23609","8929","2","3","3","19","221","321","428","541","667","C0917990"
"23610","5908","2","5","7","34","52","216","30","46","72","C0917990"
"23611","5932","2","3","12","19","31","261","116","1","86","C0917990"
"23612","7225","2","5","8","63","45","193","306","390","158","C0917990"
"23613","55636","2","3","3","19","221","321","428","423","389","C0917990"
"23614","84530","2","5","2","22","33","323","66","101","136","C0917990"
"23615","23347","2","3","12","41","116","268","434","468","213","C0917990"
"23616","54499","2","3","2","48","170","50","119","444","593","C0917990"
"23617","3832","2","3","12","76","153","40","38","54","75","C0917990"
"23618","51082","2","3","2","19","31","1","426","55","78","C0917990"
"23619","2690","2","5","7","53","14","20","25","40","186","C0919532"
"23620","72","2","5","8","63","45","23","103","464","187","C0919532"
"23621","9723","2","5","7","53","51","342","79","560","373","C0919532"
"23622","4547","2","5","7","53","51","342","454","573","492","C0919532"
"23623","3557","2","3","12","41","219","339","156","568","697","C0919718"
"23624","147372","2","5","3","19","221","342","428","541","667","C0919718"
"23625","22796","2","5","7","60","153","40","38","66","203","C0919997"
"23626","6548","2","3","2","45","94","199","240","415","326","C0919997"
"23627","5573","2","3","12","19","184","118","155","287","116","C0920163"
"23628","547","2","3","7","76","153","40","38","54","75","C0920163"
"23629","3295","2","3","5","43","161","305","409","208","482","C0920163"
"23630","4593","2","5","7","53","14","20","454","573","492","C0920163"
"23631","5573","2","3","12","19","184","118","155","287","116","C0920163"
"23632","3930","2","3","2","22","33","323","66","3","464","C0920163"
"23633","915","2","5","7","53","51","119","341","544","669","C0920163"
"23634","1308","2","5","7","53","51","119","454","573","492","C0920163"
"23635","3030","2","3","2","48","57","339","44","65","31","C0920163"
"23636","9419","2","5","7","60","36","71","341","223","219","C0920163"
"23637","2773","2","5","4","68","96","326","427","548","672","C0920163"
"23638","9966","2","5","12","41","219","339","156","568","697","C0920163"
"23639","1147","2","3","12","41","219","339","156","568","697","C0920163"
"23640","51151","2","3","5","23","18","138","250","332","407","C0920163"
"23641","2584","2","3","2","72","117","196","257","326","46","C0920163"
"23642","2245","2","5","7","60","54","24","30","46","72","C0920163"
"23643","5624","2","5","7","53","51","342","454","573","492","C0920163"
"23644","2255","2","5","7","53","14","20","25","40","186","C0920163"
"23645","324","2","3","12","41","219","197","70","255","422","C0920163"
"23646","7809","2","5","8","63","45","23","34","464","187","C0920163"
"23647","1278","2","5","7","53","51","342","454","573","492","C0920163"
"23648","8200","2","5","7","53","51","342","259","423","389","C0920163"
"23649","8626","2","3","3","19","221","321","428","541","667","C0920269"
"23650","2073","2","3","12","19","31","261","116","1","86","C0920269"
"23651","1747","2","3","3","19","221","321","428","541","667","C0920269"
"23652","9581","2","3","5","27","36","150","76","223","628","C0920269"
"23653","3425","2","3","5","80","81","166","454","573","492","C0920269"
"23654","4921","2","5","7","53","14","20","25","573","186","C0920269"
"23655","6709","2","5","7","34","52","216","395","572","158","C0920269"
"23656","1814","2","5","4","68","96","326","427","548","672","C0920269"
"23657","9939","2","3","2","22","33","323","66","101","136","C0920269"
"23658","843","2","3","12","41","219","339","156","568","697","C0920269"
"23659","10682","2","5","4","68","96","326","48","69","204","C0920269"
"23660","23564","2","3","2","63","45","225","243","177","236","C0920269"
"23661","4283","2","5","4","68","96","326","427","548","672","C0920299"
"23662","3265","2","5","7","60","54","24","30","46","72","C0920299"
"23663","2353","2","3","12","19","31","1","91","489","416","C0920299"
"23664","5346","2","3","3","19","151","276","91","433","118","C0920299"
"23665","10269","2","3","2","48","182","50","119","444","556","C0920299"
"23666","4629","2","5","8","63","45","23","103","464","187","C0920299"
"23667","23314","2","3","3","19","221","321","428","541","667","C0920299"
"23668","3145","2","3","5","80","81","166","132","175","473","C0920299"
"23669","5290","2","3","7","53","14","20","25","40","186","C0920299"
"23670","2260","2","5","7","53","14","20","25","40","186","C0920299"
"23671","1290","2","5","7","53","51","342","454","573","492","C0920350"
"23672","1476","2","5","7","34","52","216","395","549","674","C0920350"
"23673","3014","2","3","12","19","31","1","426","55","78","C0920350"
"23674","8626","2","3","3","19","221","321","428","541","667","C0920350"
"23675","2673","2","3","2","110","94","178","226","297","380","C0936248"
"23676","5832","2","3","2","101","62","189","182","509","252","C0936248"
"23677","64711","2","3","2","74","58","112","148","499","665","C0947912"
"23678","2177","2","3","2","110","90","261","431","545","443","C0947912"
"23679","1137","2","5","8","27","70","99","162","216","290","C0947912"
"23680","5155","2","5","7","53","51","342","454","573","186","C0947912"
"23681","9775","2","3","2","22","33","323","66","101","136","C0947912"
"23682","6331","2","5","8","63","36","166","341","223","158","C0947912"
"23683","3972","2","5","4","68","96","326","427","548","672","C0947912"
"23684","7476","2","5","3","68","221","197","259","560","422","C0947912"
"23685","7169","2","5","8","63","45","23","103","464","187","C0948008"
"23686","8200","2","5","7","53","51","342","259","423","389","C0948008"
"23687","8092","2","3","3","19","221","321","428","541","667","C0948008"
"23688","2799","2","3","7","34","52","216","395","549","33","C0948023"
"23689","2022","2","5","7","53","51","342","259","423","389","C0948023"
"23690","50945","2","3","3","48","170","335","347","560","373","C0948023"
"23691","54209","2","5","7","53","51","119","395","549","674","C0948023"
"23692","4615","2","3","12","41","219","339","156","568","697","C0948023"
"23693","7048","2","5","7","53","51","342","259","423","389","C0948023"
"23694","5625","2","3","2","101","103","177","225","271","356","C0948023"
"23695","344","2","5","7","53","51","342","454","573","492","C0948023"
"23696","886","2","5","4","68","96","326","427","548","672","C0948023"
"23697","5189","2","3","5","43","161","305","409","208","482","C0948023"
"23698","8425","2","5","7","53","51","342","454","573","492","C0948023"
"23699","55605","2","3","12","76","153","40","38","54","75","C0948023"
"23700","2074","2","3","12","19","31","1","426","55","78","C0948023"
"23701","95681","2","3","12","76","153","40","38","54","75","C0948023"
"23702","1836","2","3","2","35","41","94","260","330","375","C0948023"
"23703","1908","2","5","4","68","96","326","427","548","672","C0948023"
"23704","4913","2","3","12","19","31","261","116","1","86","C0948023"
"23705","3084","2","5","7","53","14","20","25","40","186","C0948023"
"23706","4869","2","3","12","110","85","237","433","547","664","C0948023"
"23707","4846","2","3","5","41","219","75","243","44","64","C0948023"
"23708","6655","2","5","7","60","54","24","30","46","72","C0948023"
"23709","29929","2","3","2","48","69","99","162","216","290","C0948060"
"23710","27077","2","3","12","76","153","40","38","54","75","C0948060"
"23711","4842","2","3","5","63","45","71","177","464","219","C0948060"
"23712","10269","2","3","2","48","182","50","119","444","556","C0948089"
"23713","2322","2","5","7","53","14","20","25","40","186","C0948089"
"23714","3757","2","5","8","63","36","166","106","110","158","C0948089"
"23715","10907","2","3","2","22","33","323","66","101","136","C0948089"
"23716","4000","2","3","12","26","105","178","226","297","156","C0948089"
"23717","378884","2","3","12","41","116","268","434","468","213","C0948089"
"23718","4318","2","5","7","34","52","216","395","573","492","C0948089"
"23719","3981","2","3","12","19","31","261","116","1","86","C0948089"
"23720","7124","2","3","12","41","219","339","156","568","697","C0948089"
"23721","4853","2","3","12","19","124","143","428","236","667","C0948089"
"23722","2317","2","5","7","63","45","23","103","287","664","C0948089"
"23723","478","2","3","8","63","45","23","366","464","187","C0948089"
"23724","51422","2","3","2","48","57","110","141","359","462","C0948089"
"23725","5885","2","3","12","76","153","40","38","54","75","C0948089"
"23726","4536","2","3","2","48","170","50","119","444","556","C0948089"
"23727","23394","2","3","12","19","31","335","444","236","373","C0948089"
"23728","8878","2","3","12","41","219","339","156","568","697","C0948089"
"23729","3339","2","5","7","53","51","342","454","573","492","C0948089"
"23730","3815","2","5","7","53","14","20","25","40","186","C0948089"
"23731","5194","2","3","5","43","161","305","409","208","482","C0948089"
"23732","257","2","3","3","19","221","321","428","541","667","C0948089"
"23733","640","2","5","7","53","14","20","25","40","186","C0948089"
"23734","55315","2","3","5","80","81","296","62","94","150","C0948089"
"23735","326","2","3","12","19","31","261","377","370","269","C0948089"
"23736","2239","2","3","2","74","51","342","454","573","492","C0948089"
"23737","51738","2","5","4","68","96","326","427","548","672","C0948089"
"23738","55135","2","3","12","76","137","76","136","472","435","C0948089"
"23739","51816","2","5","7","34","52","216","395","549","674","C0948089"
"23740","9049","2","3","3","41","151","276","378","271","356","C0948089"
"23741","9401","2","3","12","76","31","261","116","1","86","C0948089"
"23742","5144","2","3","4","68","96","326","427","548","672","C0948089"
"23743","7044","2","5","7","53","51","342","454","573","702","C0948089"
"23744","6492","2","3","3","19","151","276","91","433","118","C0948089"
"23745","10560","2","3","2","65","196","310","127","527","648","C0948163"
"23746","4771","2","5","7","60","36","71","177","64","215","C0948163"
"23747","1482","2","3","3","19","221","321","428","541","667","C0948163"
"23748","1591","2","3","5","92","163","262","136","460","566","C0948163"
"23749","1301","2","5","7","53","51","342","454","573","492","C0948163"
"23750","652","2","5","7","53","51","342","454","573","492","C0948163"
"23751","6439","2","5","5","68","96","185","238","310","272","C0948163"
"23752","23345","2","3","12","19","31","1","426","55","78","C0948163"
"23753","249","2","3","5","27","51","335","444","560","373","C0948163"
"23754","7461","2","3","7","60","153","40","38","93","75","C0948163"
"23755","1232","2","5","4","68","96","326","427","548","672","C0948163"
"23756","55505","2","3","2","110","85","237","433","547","671","C0948163"
"23757","6591","2","3","12","19","31","1","426","55","78","C0948163"
"23758","930","2","5","7","53","14","119","25","40","186","C0948163"
"23759","3756","2","5","8","63","36","166","106","110","158","C0948163"
"23760","51702","2","3","12","19","31","1","426","55","78","C0948163"
"23761","8878","2","3","12","41","219","339","156","568","697","C0948163"
"23762","582","2","3","12","76","153","76","38","54","75","C0948163"
"23763","4536","2","3","2","48","170","50","119","444","556","C0948187"
"23764","6635","2","3","2","22","33","323","66","101","136","C0948187"
"23765","1373","2","3","8","84","97","167","210","271","536","C0948187"
"23766","56925","2","3","5","80","81","166","397","418","568","C0948187"
"23767","2778","2","5","4","68","96","326","427","548","672","C0948187"
"23768","1075","2","5","7","34","52","216","395","549","674","C0948187"
"23769","3929","2","5","7","53","51","119","25","489","416","C0948187"
"23770","2688","2","5","7","53","51","119","25","40","186","C0948187"
"23771","4982","2","5","12","41","219","339","156","568","697","C0948187"
"23772","5130","2","3","2","85","143","286","51","488","102","C0948187"
"23773","274","2","5","7","60","14","184","341","544","669","C0948187"
"23774","54551","2","3","12","41","219","197","156","568","422","C0948387"
"23775","5290","2","3","7","53","14","20","25","40","186","C0948387"
"23776","4313","2","5","7","53","51","342","454","573","492","C0948387"
"23777","2290","2","3","3","19","221","321","428","541","667","C0948387"
"23778","5644","2","5","7","68","51","119","395","549","674","C0948387"
"23779","8050","2","3","2","67","92","293","55","75","311","C0948387"
"23780","4968","2","3","12","19","31","261","116","1","86","C0948480"
"23781","5077","2","3","3","19","221","321","428","541","667","C0948480"
"23782","7389","2","3","2","17","24","51","132","210","123","C0948480"
"23783","6598","2","3","12","19","31","1","426","55","78","C0948480"
"23784","5663","2","5","7","34","52","216","395","549","667","C0948480"
"23785","6870","2","5","4","68","96","326","427","548","672","C0948585"
"23786","330","2","3","12","41","219","339","156","568","697","C0948585"
"23787","633","2","5","7","53","51","342","454","573","492","C0948585"
"23788","5024","2","5","8","63","45","23","306","390","158","C0948585"
"23789","8626","2","3","3","19","221","321","428","541","667","C0948585"
"23790","3425","2","3","5","80","81","166","454","573","492","C0948585"
"23791","5339","2","5","7","53","51","342","454","573","492","C0948585"
"23792","3763","2","5","8","63","36","166","106","110","158","C0948643"
"23793","1440","2","5","7","53","51","119","25","489","416","C0948643"
"23794","4221","2","3","12","19","31","342","454","573","492","C0948643"
"23795","78989","2","5","7","53","51","119","395","573","674","C0948740"
"23796","4221","2","3","12","19","31","342","454","573","492","C0948740"
"23797","1258","2","5","4","68","45","272","106","518","621","C0948740"
"23798","5581","2","5","7","53","14","20","34","540","68","C0948740"
"23799","2950","2","5","7","34","52","216","395","549","674","C0948740"
"23800","3954","2","3","2","48","170","67","119","444","593","C0948740"
"23801","5696","2","3","12","41","116","268","156","568","116","C0948740"
"23802","1832","2","5","7","34","52","225","142","220","298","C0948740"
"23803","6774","2","3","12","53","14","276","25","489","416","C0948740"
"23804","8450","2","3","12","41","116","268","434","468","213","C0948740"
"23805","3852","2","1","6","11","142","225","142","220","298","C0948740"
"23806","6567","2","5","8","35","41","77","40","57","80","C0948740"
"23807","6591","2","3","12","19","31","1","426","55","78","C0948740"
"23808","3145","2","3","5","80","81","166","132","175","473","C0949059"
"23809","4540","2","3","2","48","170","50","119","444","556","C0949059"
"23810","8891","2","3","2","110","85","237","433","547","671","C0949059"
"23811","2517","2","3","7","34","52","216","395","549","674","C0949059"
"23812","7172","2","3","5","80","81","105","426","129","586","C0949059"
"23813","5727","2","3","12","68","221","197","259","560","422","C0949059"
"23814","5993","2","3","12","19","31","1","426","55","78","C0949059"
"23815","9361","2","3","2","48","170","50","119","444","556","C0949059"
"23816","990","2","3","12","76","31","261","116","1","86","C0949116"
"23817","2273","2","5","8","63","45","23","103","464","187","C0949116"
"23818","191","2","3","5","80","81","105","426","129","690","C0949173"
"23819","7461","2","3","7","60","153","40","38","93","75","C0949173"
"23820","6532","2","5","8","45","94","199","240","415","666","C0949173"
"23821","5327","2","5","7","53","51","342","454","573","492","C0949445"
"23822","23729","2","3","2","90","167","148","36","51","383","C0949445"
"23823","2353","2","3","12","19","31","1","91","489","416","C0949445"
"23824","55636","2","3","3","19","221","321","428","423","389","C0949445"
"23825","23742","2","5","5","68","96","326","427","447","586","C0949445"
"23826","8200","2","5","7","53","51","342","259","423","389","C0949445"
"23827","2395","2","3","2","48","170","50","304","167","593","C0949445"
"23828","440275","2","3","2","110","85","237","433","547","671","C0949445"
"23829","3549","2","5","3","53","51","197","259","560","422","C0949445"
"23830","2920","2","5","4","68","96","326","427","548","672","C0949445"
"23831","582","2","3","12","76","153","76","38","54","75","C0949445"
"23832","10516","2","5","7","53","51","342","454","573","492","C0949445"
"23833","538","2","3","8","63","45","23","103","464","187","C0949445"
"23834","5605","2","5","7","53","14","20","34","540","68","C0949445"
"23835","4868","2","5","7","53","51","335","25","560","373","C0949445"
"23836","2263","2","5","7","53","14","20","25","40","186","C0949445"
"23837","5373","2","3","2","90","167","123","158","207","278","C0949445"
"23838","55835","2","3","12","76","153","40","38","54","75","C0949506"
"23839","7461","2","3","7","60","153","40","38","93","75","C0949506"
"23840","4214","2","3","12","41","219","339","34","540","117","C0949506"
"23841","6197","2","3","12","19","14","20","34","540","68","C0949506"
"23842","10243","2","3","2","27","91","71","204","267","352","C0949595"
"23843","23090","2","3","12","19","151","276","91","433","118","C0949595"
"23844","6778","2","5","7","53","51","119","25","489","416","C0949595"
"23845","51816","2","5","7","34","52","216","395","549","674","C0949595"
"23846","2719","2","5","7","53","51","342","454","573","492","C0949595"
"23847","4728","2","3","2","48","170","50","119","444","556","C0949658"
"23848","1387","2","3","12","19","31","276","91","433","118","C0949658"
"23849","1244","2","3","12","41","116","268","423","536","445","C0949658"
"23850","7101","2","3","3","19","151","276","91","433","118","C0949658"
"23851","1832","2","5","7","34","52","225","142","220","298","C0949658"
"23852","1280","2","5","7","53","51","342","454","573","492","C0949658"
"23853","2006","2","5","7","53","51","342","454","573","492","C0949658"
"23854","23426","2","5","7","42","36","71","177","223","219","C0949658"
"23855","207","2","3","7","53","14","20","34","489","416","C0949658"
"23856","1349","2","3","2","48","170","110","141","359","462","C0949804"
"23857","5757","2","3","12","19","31","1","116","370","142","C0949804"
"23858","4683","2","3","12","19","31","261","116","1","86","C0949804"
"23859","4915","2","5","7","53","14","20","25","40","186","C0949804"
"23860","3549","2","5","3","53","51","197","259","560","422","C0949804"
"23861","5167","2","3","5","32","93","163","207","303","126","C0949804"
"23862","4638","2","5","7","53","45","23","103","464","187","C0950124"
"23863","4976","2","3","2","48","170","50","119","444","556","C0950124"
"23864","2632","2","3","2","28","22","48","232","82","114","C0950124"
"23865","2693","2","5","4","68","96","326","427","548","672","C0973461"
"23866","27019","2","3","12","76","153","40","38","54","75","C0973461"
"23867","2516","2","3","3","19","151","276","91","433","118","C0973461"
"23868","1415","2","3","6","63","45","160","362","177","673","C0973461"
"23869","10016","2","3","2","41","57","50","202","359","462","C0973461"
"23870","1073","2","3","8","63","45","184","103","572","658","C0973461"
"23871","10195","2","3","2","48","69","99","162","216","290","C0973461"
"23872","3516","2","3","12","19","31","143","428","236","667","C0973461"
"23873","7416","2","3","2","48","170","339","304","167","593","C0973461"
"23874","8626","2","3","3","19","221","321","428","541","667","C0973461"
"23875","1186","2","5","8","63","45","23","34","464","187","C0973461"
"23876","3848","2","5","7","34","52","225","142","220","298","C0973461"
"23877","2263","2","5","7","53","14","20","25","40","186","C0973461"
"23878","1308","2","5","7","53","51","119","454","573","492","C0973461"
"23879","6609","2","3","5","105","155","250","291","152","420","C0973461"
"23880","11200","2","3","12","19","31","261","116","1","86","C0973461"
"23881","5479","2","3","2","53","51","342","454","573","492","C0973461"
"23882","867","2","5","7","53","14","184","25","40","669","C0973461"
"23883","10002","2","3","3","19","151","276","91","433","118","C0973461"
"23884","5978","2","3","12","19","31","1","426","55","78","C0973461"
"23885","9927","2","3","12","19","31","118","155","287","116","C0973461"
"23886","6524","2","5","8","45","94","199","240","415","666","C0973461"
"23887","5648","2","5","7","53","51","119","395","549","674","C0973461"
"23888","7040","2","5","7","53","51","342","454","573","492","C1096086"
"23889","5190","2","3","5","43","161","305","409","208","482","C1096086"
"23890","11277","2","3","12","19","31","261","116","1","86","C1096086"
"23891","5213","2","3","2","90","167","266","367","500","577","C1096249"
"23892","2155","2","5","7","53","51","119","454","549","674","C1096249"
"23893","2261","2","5","7","53","14","20","25","40","186","C1096367"
"23894","5979","2","5","7","53","14","20","25","40","186","C1096367"
"23895","6229","2","3","2","110","85","237","433","547","671","C1096367"
"23896","3043","2","5","7","34","52","216","395","549","116","C1096367"
"23897","779","2","5","8","63","36","166","341","390","158","C1096367"
"23898","9049","2","3","3","41","151","276","378","271","356","C1096367"
"23899","4862","2","3","3","19","151","276","91","433","118","C1096654"
"23900","843","2","3","12","41","219","339","156","568","697","C1096654"
"23901","55624","2","3","2","78","123","194","255","215","412","C1096654"
"23902","5071","2","3","12","41","116","268","434","468","213","C1112256"
"23903","79443","2","3","2","48","57","110","141","359","462","C1112256"
"23904","1536","2","5","7","34","52","216","395","549","674","C1112256"
"23905","773","2","5","8","27","36","166","341","223","628","C1112256"
"23906","2811","2","5","7","53","51","1","454","573","78","C1112256"
"23907","9469","2","3","2","103","189","303","29","475","467","C1112256"
"23908","3945","2","3","2","62","137","76","136","212","286","C1112256"
"23909","6648","2","3","2","95","151","160","378","173","229","C1112256"
"23910","2697","2","3","7","76","153","40","38","54","75","C1112256"
"23911","4292","2","3","12","19","31","261","116","1","86","C1112256"
"23912","54583","2","3","12","41","116","268","434","568","605","C1112256"
"23913","2629","2","3","5","80","81","250","291","152","420","C1112256"
"23914","6736","2","3","12","19","31","276","91","433","667","C1112256"
"23915","2778","2","5","4","68","96","326","427","548","672","C1112256"
"23916","3975","2","3","3","19","221","321","428","541","667","C1112256"
"23917","175","2","3","7","34","52","216","395","549","674","C1112256"
"23918","8892","2","3","2","110","85","237","433","547","671","C1112433"
"23919","4193","2","3","12","19","31","1","116","89","605","C1112433"
"23920","596","2","3","12","19","219","339","402","489","416","C1112442"
"23921","4038","2","5","7","53","51","342","454","573","492","C1112442"
"23922","3984","2","5","7","53","14","20","34","540","68","C1112601"
"23923","3329","2","3","2","48","170","50","304","167","593","C1112601"
"23924","57122","2","3","12","76","153","40","38","54","664","C1112601"
"23925","4625","2","3","8","63","45","23","103","464","187","C1112705"
"23926","25830","2","3","2","27","36","150","341","223","628","C1112705"
"23927","3284","2","3","2","69","98","169","299","183","243","C1112705"
"23928","6655","2","5","7","60","54","24","30","46","72","C1112705"
"23929","2658","2","5","7","53","51","342","259","423","389","C1112705"
"23930","7546","2","5","3","19","221","321","79","560","373","C1112705"
"23931","4322","2","5","7","53","51","342","454","573","492","C1112705"
"23932","2548","2","3","7","34","52","216","395","549","674","C1112705"
"23933","6314","2","3","12","19","31","1","426","568","78","C1112705"
"23934","3690","2","5","7","53","51","342","454","573","492","C1112705"
"23935","1187","2","5","8","63","45","23","34","464","187","C1112705"
"23936","7305","2","5","7","34","52","216","395","549","674","C1112705"
"23937","1301","2","5","7","53","51","342","454","573","492","C1112705"
"23938","6925","2","3","12","19","31","225","142","220","298","C1112705"
"23939","109","2","5","4","68","96","326","427","548","672","C1112705"
"23940","788","2","3","2","45","151","199","240","415","666","C1112705"
"23941","6496","2","3","3","19","221","321","428","541","667","C1112705"
"23942","3929","2","5","7","53","51","119","25","489","416","C1112705"
"23943","23345","2","3","12","19","31","1","426","55","78","C1134719"
"23944","5648","2","5","7","53","51","119","395","549","674","C1134719"
"23945","5728","2","3","5","80","81","339","156","568","605","C1134719"
"23946","4843","2","3","5","43","161","305","409","489","416","C1134719"
"23947","9244","2","5","7","53","51","119","25","40","416","C1134719"
"23948","1807","2","3","5","80","23","186","79","560","273","C1134719"
"23949","673","2","5","7","53","14","20","34","540","68","C1134719"
"23950","4843","2","3","5","43","161","305","409","489","416","C1134719"
"23951","5468","2","3","3","19","151","276","91","433","118","C1134719"
"23952","4621","2","5","8","63","45","23","103","464","187","C1136179"
"23953","3284","2","3","2","69","98","169","299","183","243","C1136179"
"23954","3425","2","3","5","80","81","166","454","573","492","C1136179"
"23955","2067","2","3","12","19","31","261","116","1","86","C1136179"
"23956","5083","2","3","3","19","221","321","428","541","667","C1136179"
"23957","4882","2","3","4","68","96","326","427","548","672","C1136179"
"23958","1374","2","3","2","19","151","276","91","433","118","C1136179"
"23959","3032","2","3","2","48","57","38","347","12","145","C1136179"
"23960","8878","2","3","12","41","219","339","156","568","697","C1136179"
"23961","7276","2","5","7","34","52","216","395","549","674","C1136179"
"23962","421","2","5","7","42","51","335","444","560","373","C1136179"
"23963","1146","2","5","8","27","70","99","162","216","290","C1136179"
"23964","4247","2","3","2","68","67","320","98","180","279","C1136179"
"23965","5193","2","3","5","43","161","305","409","208","482","C1136179"
"23966","1583","2","3","5","79","152","273","375","100","589","C1136179"
"23967","2108","2","3","2","48","170","50","119","444","556","C1136179"
"23968","1387","2","3","12","19","31","276","91","433","118","C1136179"
"23969","10269","2","3","2","48","182","50","119","444","556","C1136179"
"23970","9780","2","3","2","48","96","326","246","444","666","C1136179"
"23971","25914","2","3","12","41","116","339","409","359","187","C1136179"
"23972","1028","2","3","12","19","31","1","116","1","86","C1136179"
"23973","4729","2","3","2","48","170","50","119","444","556","C1136179"
"23974","59","2","5","8","63","45","23","103","464","187","C1136179"
"23975","54463","2","3","2","48","57","110","141","359","462","C1136249"
"23976","2643","2","3","5","87","91","75","204","267","352","C1136249"
"23977","2316","2","5","7","53","51","342","454","573","702","C1136249"
"23978","5605","2","5","7","53","14","20","34","540","68","C1136249"
"23979","2074","2","3","12","19","31","1","426","55","78","C1136249"
"23980","351","2","5","4","68","96","326","188","145","193","C1136249"
"23981","5860","2","3","2","69","91","75","204","267","352","C1136249"
"23982","8425","2","5","7","53","51","342","454","573","492","C1136249"
"23983","4893","2","5","7","34","52","24","30","46","72","C1136249"
"23984","5696","2","3","12","41","116","268","156","568","116","C1136249"
"23985","6845","2","5","7","60","14","184","341","544","669","C1136249"
"23986","8086","2","3","12","22","33","323","66","101","664","C1136249"
"23987","25923","2","3","2","48","184","50","119","444","116","C1136249"
"23988","3586","2","5","7","53","51","119","25","489","416","C1136249"
"23989","98","2","3","5","5","240","244","340","431","546","C1136249"
"23990","2705","2","3","12","76","153","40","38","54","75","C1136249"
"23991","2187","2","3","12","19","31","261","116","1","86","C1136249"
"23992","8514","2","5","7","34","52","216","395","549","674","C1136249"
"23993","5290","2","3","7","53","14","20","25","40","186","C1136249"
"23994","207","2","3","7","53","14","20","34","489","416","C1136249"
"23995","6792","2","5","7","53","14","20","34","540","68","C1136249"
"23996","9049","2","3","3","41","151","276","378","271","356","C1136249"
"23997","2932","2","3","12","19","14","197","34","540","68","C1136249"
"23998","3265","2","5","7","60","54","24","30","46","72","C1136321"
"23999","3240","2","5","7","34","52","216","395","549","674","C1136321"
"24000","5351","2","5","7","53","51","342","454","573","492","C1136382"
"24001","10280","2","3","2","110","85","52","57","86","119","C1136382"
"24002","26227","2","3","2","41","137","44","208","81","108","C1136382"
"24003","4830","2","3","2","72","109","182","235","307","506","C1136382"
"24004","54880","2","3","12","19","31","1","426","55","78","C1136382"
"24005","2673","2","3","2","110","94","178","226","297","380","C1136382"
"24006","2627","2","3","12","19","31","118","155","287","116","C1136382"
"24007","4893","2","5","7","34","52","24","30","46","72","C1136382"
"24008","2175","2","3","12","19","31","261","116","1","86","C1136382"
"24009","3690","2","5","7","53","51","342","454","573","492","C1136382"
"24010","2072","2","3","12","19","31","261","116","1","86","C1136382"
"24011","6352","2","5","4","68","96","326","427","548","672","C1136382"
"24012","4638","2","5","7","53","45","23","103","464","187","C1136382"
"24013","1855","2","5","12","76","153","197","259","560","422","C1136382"
"24014","4921","2","5","7","53","14","20","25","573","186","C1136382"
"24015","27245","2","3","6","22","142","225","366","362","468","C1136382"
"24016","8822","2","5","7","53","14","20","25","40","186","C1136382"
"24017","9662","2","3","12","76","153","40","38","54","75","C1138421"
"24018","25794","2","5","6","11","142","225","142","220","673","C1138421"
"24019","3172","2","3","3","19","151","276","91","433","118","C1138421"
"24020","54806","2","5","7","76","153","40","38","54","75","C1138421"
"24021","1643","2","3","12","41","116","268","434","468","213","C1138421"
"24022","2895","2","5","4","68","36","71","427","223","219","C1138421"
"24023","4361","2","3","12","19","31","261","116","1","86","C1138421"
"24024","582","2","3","12","76","153","76","38","54","75","C1138421"
"24025","29899","2","5","4","68","96","326","427","548","672","C1138421"
"24026","4088","2","3","12","19","219","339","259","423","605","C1138421"
"24027","84059","2","5","7","53","51","335","444","560","373","C1138421"
"24028","8622","2","3","4","68","96","326","427","548","672","C1138421"
"24029","2316","2","5","7","53","51","342","454","573","702","C1138421"
"24030","3814","2","5","4","68","96","326","427","548","672","C1138421"
"24031","2779","2","5","4","68","96","326","427","548","672","C1138421"
"24032","2245","2","5","7","60","54","24","30","46","72","C1138421"
"24033","9652","2","3","2","110","85","237","433","547","671","C1138421"
"24034","4000","2","3","12","26","105","178","226","297","156","C1140680"
"24035","9897","2","3","12","76","18","75","38","1","212","C1140680"
"24036","8517","2","3","12","41","219","339","156","568","697","C1140680"
"24037","1804","2","5","7","27","36","150","341","223","628","C1140680"
"24038","25814","2","3","2","48","170","110","119","444","462","C1142132"
"24039","859","2","5","8","63","45","23","103","464","187","C1142132"
"24040","2581","2","3","5","80","81","250","291","152","420","C1142132"
"24041","842","2","3","12","41","219","339","156","568","697","C1142132"
"24042","4041","2","5","3","68","221","197","259","560","422","C1142132"
"24043","7403","2","3","12","19","31","1","426","55","78","C1142132"
"24044","54463","2","3","2","48","57","110","141","359","462","C1142166"
"24045","596","2","3","12","19","219","339","402","489","416","C1142166"
"24046","2301","2","5","6","11","142","225","142","220","673","C1142166"
"24047","355","2","3","7","41","219","339","156","568","697","C1142166"
"24048","9187","2","5","8","45","94","199","240","415","666","C1142166"
"24049","652","2","5","7","53","51","342","454","573","492","C1142166"
"24050","26227","2","3","2","41","137","44","208","81","108","C1142166"
"24051","8863","2","3","3","19","151","276","91","208","118","C1142166"
"24052","8547","2","5","7","53","51","342","454","573","492","C1142166"
"24053","2720","2","3","7","34","52","216","395","21","599","C1142166"
"24054","51085","2","3","2","48","57","110","141","359","462","C1142166"
"24055","6662","2","3","3","19","221","321","428","541","667","C1142166"
"24056","355","2","3","7","41","219","339","156","568","697","C1142166"
"24057","5605","2","5","7","53","14","20","34","540","68","C1142166"
"24058","1435","2","5","7","53","51","342","454","573","492","C1142166"
"24059","5351","2","5","7","53","51","342","454","573","492","C1142262"
"24060","6833","2","5","8","45","36","166","240","415","666","C1142262"
"24061","90","2","5","7","53","51","342","259","423","389","C1142448"
"24062","291","2","3","2","48","170","50","304","167","593","C1142448"
"24063","5444","2","3","5","80","147","236","328","411","229","C1145628"
"24064","54903","2","3","12","76","153","40","38","54","75","C1145628"
"24065","2263","2","5","7","53","14","20","25","40","186","C1145628"
"24066","4709","2","3","2","48","170","50","119","444","556","C1145628"
"24067","6519","2","3","5","45","94","199","240","415","666","C1145628"
"24068","1420","2","3","6","63","45","160","362","177","673","C1145628"
"24069","1959","2","3","3","19","151","276","91","433","118","C1145628"
"24070","4170","2","3","12","41","219","339","402","489","416","C1145628"
"24071","3814","2","5","4","68","96","326","427","548","672","C1145628"
"24072","10743","2","3","3","19","151","276","91","433","118","C1145628"
"24073","1908","2","5","4","68","96","326","427","548","672","C1145628"
"24074","6926","2","5","7","53","51","335","259","560","373","C1145628"
"24075","4038","2","5","7","53","51","342","454","573","492","C1145628"
"24076","825","2","5","7","53","51","342","454","573","492","C1145628"
"24077","53834","2","5","7","53","51","342","454","573","492","C1145628"
"24078","54345","2","5","3","19","221","321","428","541","667","C1145628"
"24079","4524","2","3","2","15","166","104","369","117","583","C1145628"
"24080","2077","2","3","12","76","153","40","38","54","75","C1145628"
"24081","59","2","5","8","63","45","23","103","464","187","C1145628"
"24082","27125","2","3","12","19","31","261","116","159","211","C1167664"
"24083","3081","2","3","2","91","51","3","267","308","429","C1167664"
"24084","6662","2","3","3","19","221","321","428","541","667","C1167664"
"24085","9968","2","4","3","24","119","330","214","454","144","C1167664"
"24086","2932","2","3","12","19","14","197","34","540","68","C1167664"
"24087","6899","2","5","7","53","184","335","259","560","373","C1167664"
"24088","658","2","5","7","53","51","342","259","423","389","C1167664"
"24089","229","2","3","2","90","167","266","367","500","577","C1167664"
"24090","2890","2","5","8","63","36","166","106","110","158","C1167712"
"24091","64135","2","3","12","41","219","339","156","568","605","C1167712"
"24092","55612","2","5","7","60","36","71","177","560","701","C1167712"
"24093","7157","2","3","12","19","31","261","402","489","551","C1167712"
"24094","3060","2","5","4","68","96","326","427","548","672","C1167712"
"24095","8813","2","3","2","48","116","142","136","280","363","C1167712"
"24096","3240","2","5","7","34","52","216","395","549","674","C1167712"
"24097","3764","2","5","8","63","36","166","106","110","158","C1167712"
"24098","2571","2","3","2","67","142","71","152","197","219","C1167712"
"24099","3954","2","3","2","48","170","67","119","444","593","C1167712"
"24100","652","2","5","7","53","51","342","454","573","492","C1167712"
"24101","2316","2","5","7","53","51","342","454","573","702","C1167712"
"24102","7852","2","5","4","68","96","326","427","548","672","C1167712"
"24103","4593","2","5","7","53","14","20","454","573","492","C1167918"
"24104","1106","2","3","12","19","31","1","426","55","78","C1167918"
"24105","3636","2","3","5","80","14","20","25","40","186","C1167918"
"24106","2072","2","3","12","19","31","261","116","1","86","C1167918"
"24107","55636","2","3","3","19","221","321","428","423","389","C1167918"
"24108","6786","2","5","8","63","45","23","103","464","187","C1167918"
"24109","7148","2","5","7","53","51","342","454","573","492","C1167918"
"24110","5781","2","5","7","53","14","20","25","40","186","C1167918"
"24111","2581","2","3","5","80","81","250","291","152","420","C1167918"
"24112","5000","2","3","12","76","31","261","116","1","86","C1167918"
"24113","488","2","5","8","63","45","23","103","464","187","C1167918"
"24114","5155","2","5","7","53","51","342","454","573","186","C1167918"
"24115","190","2","3","3","19","151","276","91","433","118","C1167918"
"24116","6710","2","5","7","60","14","20","25","40","186","C1167918"
"24117","10479","2","5","7","27","36","150","341","223","628","C1167918"
"24118","2934","2","5","7","34","52","216","395","549","674","C1167918"
"24119","2316","2","5","7","53","51","342","454","573","702","C1167918"
"24120","547","2","3","7","76","153","40","38","54","75","C1167918"
"24121","5573","2","3","12","19","184","118","155","287","116","C1167918"
"24122","3709","2","5","8","63","45","23","306","390","158","C1167918"
"24123","2218","2","5","2","53","123","194","255","560","373","C1167918"
"24124","6557","2","5","8","45","94","199","240","415","666","C1167918"
"24125","2146","2","3","12","19","31","1","426","55","78","C1167918"
"24126","673","2","5","7","53","14","20","34","540","68","C1167918"
"24127","3426","2","5","7","53","51","119","395","549","674","C1167918"
"24128","3984","2","5","7","53","14","20","34","540","68","C1167918"
"24129","538","2","3","8","63","45","23","103","464","187","C1167918"
"24130","2200","2","5","7","53","51","342","454","573","492","C1167918"
"24131","23384","2","3","12","63","45","184","103","572","658","C1167918"
"24132","1299","2","5","7","53","51","342","454","573","492","C1167918"
"24133","54840","2","3","12","19","31","261","116","1","86","C1167918"
"24134","5146","2","3","5","86","72","258","318","403","518","C1167918"
"24135","2022","2","5","7","53","51","342","259","423","389","C1167918"
"24136","55120","2","3","12","19","31","261","116","1","86","C1168239"
"24137","1201","2","3","2","48","170","50","304","167","593","C1168239"
"24138","57724","2","3","2","42","36","71","177","148","219","C1168401"
"24139","51594","2","3","7","76","153","40","38","54","75","C1168401"
"24140","10060","2","3","8","41","45","23","423","464","445","C1168401"
"24141","6597","2","3","12","19","31","1","426","55","78","C1168401"
"24142","3209","2","3","3","19","221","321","428","541","667","C1168401"
"24143","51626","2","3","12","76","153","40","38","54","75","C1168401"
"24144","5346","2","3","3","19","151","276","91","433","118","C1168401"
"24145","2697","2","3","7","76","153","40","38","54","75","C1168401"
"24146","2296","2","3","3","19","221","321","428","541","667","C1168401"
"24147","491","2","3","8","63","45","23","103","464","187","C1168401"
"24148","7168","2","5","8","63","45","23","103","464","187","C1168401"
"24149","326","2","3","12","19","31","261","377","370","269","C1168401"
"24150","27130","2","3","12","48","45","143","38","236","69","C1168401"
"24151","24","2","3","12","41","116","268","423","536","445","C1168401"
"24152","6648","2","3","2","95","151","160","378","173","229","C1168401"
"24153","51684","2","3","12","41","116","268","38","54","75","C1168401"
"24154","4914","2","3","2","22","18","266","202","252","252","C1168401"
"24155","60","2","3","12","60","45","184","155","287","78","C1168401"
"24156","55806","2","3","12","19","31","1","426","55","78","C1168401"
"24157","6916","2","3","5","91","175","119","167","224","301","C1168401"
"24158","1760","2","5","8","63","14","20","34","540","68","C1168401"
"24159","1146","2","5","8","27","70","99","162","216","290","C1168401"
"24160","2067","2","3","12","19","31","261","116","1","86","C1168401"
"24161","629","2","5","7","53","51","119","395","549","674","C1168401"
"24162","1278","2","5","7","53","51","342","454","573","492","C1168401"
"24163","6239","2","3","12","19","119","330","214","454","144","C1168401"
"24164","4128","2","3","5","80","81","119","402","489","416","C1168401"
"24165","11155","2","5","7","63","45","23","103","464","187","C1168401"
"24166","1071","2","5","7","53","51","342","454","573","492","C1168401"
"24167","594","2","3","2","67","92","293","55","75","311","C1176475"
"24168","3756","2","5","8","63","36","166","106","110","158","C1176475"
"24169","8220","2","3","2","22","33","323","66","101","136","C1176475"
"24170","7291","2","3","12","19","151","276","91","489","416","C1176475"
"24171","7957","2","3","5","42","81","296","399","201","274","C1184919"
"24172","5290","2","3","7","53","14","20","25","40","186","C1184919"
"24173","2492","2","5","4","68","96","326","427","548","672","C1184919"
"24174","1441","2","5","7","53","51","119","25","40","186","C1184919"
"24175","3359","2","5","8","27","70","99","162","216","290","C1184919"
"24176","10815","2","5","7","60","36","71","341","223","666","C1184919"
"24177","4604","2","5","8","63","45","23","103","464","187","C1185616"
"24178","5913","2","5","7","27","36","71","341","223","219","C1185616"
"24179","1031","2","3","12","19","31","1","426","55","78","C1185616"
"24180","5194","2","3","5","43","161","305","409","208","482","C1257806"
"24181","4591","2","3","12","41","116","268","434","468","213","C1257806"
"24182","5979","2","5","7","53","14","20","25","40","186","C1257806"
"24183","4536","2","3","2","48","170","50","119","444","556","C1257806"
"24184","2260","2","5","7","53","14","20","25","40","186","C1257806"
"24185","7148","2","5","7","53","51","342","454","573","492","C1257806"
"24186","10911","2","5","4","68","96","326","427","548","672","C1257806"
"24187","2294","2","3","3","19","221","321","428","541","667","C1257806"
"24188","8772","2","3","12","41","219","339","156","568","697","C1257877"
"24189","1583","2","3","5","79","152","273","375","100","589","C1257877"
"24190","7124","2","3","12","41","219","339","156","568","697","C1257915"
"24191","3105","2","5","7","53","51","119","156","287","116","C1257915"
"24192","9241","2","5","7","53","51","342","259","423","389","C1257915"
"24193","85358","2","5","7","60","14","71","341","223","219","C1257915"
"24194","5506","2","3","12","76","137","76","136","82","658","C1257915"
"24195","2161","2","5","7","68","51","119","395","549","674","C1257915"
"24196","25782","2","5","7","60","54","24","30","46","72","C1258104"
"24197","1301","2","5","7","53","51","342","454","573","492","C1258104"
"24198","5476","2","3","7","34","52","216","395","152","310","C1258104"
"24199","3172","2","3","3","19","151","276","91","433","118","C1258104"
"24200","667","2","5","7","53","51","342","454","573","492","C1258104"
"24201","2641","2","5","4","68","96","326","427","548","672","C1258215"
"24202","8029","2","5","7","53","51","105","139","186","245","C1258215"
"24203","1836","2","3","2","35","41","94","260","330","375","C1258215"
"24204","7915","2","3","5","87","39","74","191","250","285","C1258215"
"24205","51360","2","3","3","26","35","276","91","433","203","C1258215"
"24206","2629","2","3","5","80","81","250","291","152","420","C1258215"
"24207","567","2","5","7","34","52","119","395","549","674","C1258215"
"24208","2629","2","3","5","80","81","250","291","152","420","C1260386"
"24209","3913","2","5","7","53","51","342","454","573","492","C1260386"
"24210","8481","2","3","12","76","153","40","38","54","75","C1260899"
"24211","7421","2","3","3","19","151","276","91","433","118","C1260899"
"24212","3481","2","5","7","53","51","342","454","573","492","C1260899"
"24213","3912","2","5","7","53","51","342","454","573","492","C1260899"
"24214","9639","2","5","7","60","54","24","30","46","72","C1260899"
"24215","5053","2","3","5","80","81","166","236","308","390","C1260899"
"24216","9499","2","5","7","53","51","23","103","464","187","C1260899"
"24217","4072","2","5","7","53","51","119","454","573","492","C1260899"
"24218","5290","2","3","7","53","14","20","25","40","186","C1260899"
"24219","3691","2","5","7","53","51","342","454","573","492","C1260899"
"24220","25886","2","3","12","76","153","76","136","472","435","C1260899"
"24221","9126","2","3","12","76","153","40","38","54","75","C1260899"
"24222","10269","2","3","2","48","182","50","119","444","556","C1260899"
"24223","54808","2","3","12","76","153","40","38","54","75","C1260899"
"24224","5825","2","3","5","47","144","185","238","310","392","C1260899"
"24225","773","2","5","8","27","36","166","341","223","628","C1260899"
"24226","57560","2","3","12","76","153","40","38","54","75","C1260926"
"24227","833","2","3","2","110","85","237","433","547","154","C1260926"
"24228","7915","2","3","5","87","39","74","191","250","285","C1260926"
"24229","26608","2","3","2","22","170","50","119","463","153","C1260926"
"24230","1639","2","3","12","76","153","40","38","54","75","C1260926"
"24231","121340","2","3","12","19","221","276","428","236","667","C1260926"
"24232","4282","2","5","7","34","52","216","395","549","674","C1260926"
"24233","338","2","5","7","53","51","342","454","573","492","C1260926"
"24234","2301","2","5","6","11","142","225","142","220","673","C1260926"
"24235","867","2","5","7","53","14","184","25","40","669","C1260926"
"24236","9970","2","3","3","19","151","276","91","433","118","C1260926"
"24237","10083","2","5","7","42","36","71","177","223","219","C1260926"
"24238","1280","2","5","7","53","51","342","454","573","492","C1260926"
"24239","9517","2","3","2","50","47","39","100","321","638","C1260926"
"24240","55005","2","3","2","68","96","326","427","429","544","C1260926"
"24241","1728","2","3","2","41","116","268","434","568","605","C1260926"
"24242","7469","2","3","12","19","31","261","116","159","211","C1260926"
"24243","6870","2","5","4","68","96","326","427","548","672","C1260926"
"24244","3636","2","3","5","80","14","20","25","40","186","C1260926"
"24245","7504","2","5","4","68","96","326","427","548","672","C1260926"
"24246","6154","2","3","2","110","85","237","433","547","671","C1260926"
"24247","673","2","5","7","53","14","20","34","540","68","C1260926"
"24248","2022","2","5","7","53","51","342","259","423","389","C1260926"
"24249","7020","2","3","12","19","31","276","91","433","664","C1260926"
"24250","2022","2","5","7","53","51","342","259","423","389","C1260926"
"24251","4726","2","3","2","48","170","50","119","444","556","C1261473"
"24252","51119","2","3","2","110","85","237","433","547","671","C1261473"
"24253","8322","2","5","3","68","221","184","259","544","669","C1261473"
"24254","7809","2","5","8","63","45","23","34","464","187","C1261473"
"24255","7140","2","5","8","63","45","23","103","464","187","C1261473"
"24256","3082","2","5","7","53","51","342","25","40","186","C1261473"
"24257","7249","2","3","7","60","57","110","141","359","462","C1261473"
"24258","3973","2","5","4","68","96","326","427","548","672","C1261473"
"24259","54453","2","5","7","60","54","24","30","46","72","C1261473"
"24260","6154","2","3","2","110","85","237","433","547","671","C1261473"
"24261","8799","2","3","5","43","161","305","409","208","482","C1261473"
"24262","3914","2","5","7","53","51","342","454","573","492","C1261473"
"24263","3126","2","5","7","53","153","119","156","287","116","C1261473"
"24264","5824","2","3","5","47","144","185","238","310","392","C1261473"
"24265","8792","2","3","12","41","219","339","156","568","697","C1261473"
"24266","4335","2","3","12","19","31","1","426","55","78","C1261473"
"24267","3000","2","5","4","68","96","326","427","548","672","C1261473"
"24268","1029","2","3","12","19","31","1","116","1","664","C1261473"
"24269","4607","2","5","7","53","51","23","103","464","187","C1261473"
"24270","11277","2","3","12","19","31","261","116","1","86","C1261473"
"24271","9401","2","3","12","76","31","261","116","1","86","C1261473"
"24272","624","2","5","4","68","96","326","427","548","672","C1261473"
"24273","5745","2","5","4","68","96","326","427","548","672","C1261473"
"24274","9215","2","5","2","27","36","150","430","215","628","C1261473"
"24275","2108","2","3","2","48","170","50","119","444","556","C1263023"
"24276","2200","2","5","7","53","51","342","454","573","492","C1263023"
"24277","6938","2","3","12","19","31","1","426","55","78","C1263023"
"24278","50814","2","3","2","69","221","73","360","86","119","C1263023"
"24279","3991","2","3","5","80","81","166","57","83","658","C1263023"
"24280","5313","2","3","2","90","167","321","428","541","115","C1263023"
"24281","7490","2","3","3","19","221","321","428","541","667","C1263023"
"24282","10262","2","3","2","22","33","323","66","101","136","C1263857"
"24283","4137","2","3","7","27","36","150","341","223","628","C1263857"
"24284","3845","2","5","7","60","54","24","30","46","72","C1263857"
"24285","5885","2","3","12","76","153","40","38","54","75","C1263857"
"24286","1545","2","3","5","91","175","271","372","443","558","C1263857"
"24287","7124","2","3","12","41","219","339","156","568","697","C1263857"
"24288","1717","2","3","2","19","151","276","48","69","204","C1263857"
"24289","3977","2","5","7","53","51","119","25","40","416","C1263857"
"24290","8867","2","3","5","60","14","184","341","544","669","C1263857"
"24291","2022","2","5","7","53","51","342","259","423","389","C1263857"
"24292","2538","2","3","5","90","216","333","438","561","689","C1263857"
"24293","4854","2","5","7","53","51","143","428","236","667","C1263857"
"24294","2294","2","3","3","19","221","321","428","541","667","C1263857"
"24295","6648","2","3","2","95","151","160","378","173","229","C1263857"
"24296","55112","2","3","12","76","153","40","38","54","75","C1263857"
"24297","23141","2","3","12","76","105","40","226","489","435","C1263857"
"24298","6311","2","3","2","22","33","323","66","362","468","C1263857"
"24299","55699","2","3","2","110","85","67","76","252","154","C1263857"
"24300","673","2","5","7","53","14","20","34","540","68","C1266119"
"24301","652","2","5","7","53","51","342","454","573","492","C1266119"
"24302","7681","2","3","12","41","116","268","434","468","213","C1271100"
"24303","23230","2","5","7","11","142","71","341","560","219","C1271100"
"24304","3872","2","1","6","11","142","225","142","220","298","C1271100"
"24305","3691","2","5","7","53","51","342","454","573","492","C1271100"
"24306","2626","2","3","12","19","31","118","155","287","116","C1271100"
"24307","6017","2","3","2","69","83","101","126","170","224","C1271100"
"24308","55650","2","3","2","61","77","142","176","235","557","C1271100"
"24309","5156","2","5","7","53","14","20","25","40","186","C1271100"
"24310","29925","2","3","2","68","66","123","158","207","278","C1271100"
"24311","2623","2","3","12","19","31","1","155","287","116","C1271100"
"24312","116","2","5","4","68","96","326","427","548","672","C1271219"
"24313","2263","2","5","7","53","14","20","25","40","186","C1271219"
"24314","1188","2","5","8","63","45","23","34","464","187","C1271219"
"24315","6134","2","3","2","110","85","237","433","547","671","C1271219"
"24316","10815","2","5","7","60","36","71","341","223","666","C1271219"
"24317","54209","2","5","7","53","51","119","395","549","674","C1271219"
"24318","6335","2","5","8","63","36","166","341","390","158","C1271219"
"24319","2521","2","3","2","22","33","323","66","101","136","C1273957"
"24320","54487","2","3","2","22","33","323","66","101","136","C1273957"
"24321","5551","2","5","7","53","51","119","395","549","674","C1274743"
"24322","23426","2","5","7","42","36","71","177","223","219","C1274743"
"24323","8643","2","5","3","68","221","197","259","560","422","C1274743"
"24324","23556","2","3","2","61","77","142","176","235","317","C1274865"
"24325","249","2","3","5","27","51","335","444","560","373","C1274865"
"24326","2273","2","5","8","63","45","23","103","464","187","C1274865"
"24327","9241","2","5","7","53","51","342","259","423","389","C1274865"
"24328","3764","2","5","8","63","36","166","106","110","158","C1274865"
"24329","9569","2","3","12","19","31","276","91","433","118","C1274865"
"24330","3972","2","5","4","68","96","326","427","548","672","C1274865"
"24331","5566","2","3","12","76","14","20","34","540","75","C1275078"
"24332","55612","2","5","7","60","36","71","177","560","701","C1275078"
"24333","8200","2","5","7","53","51","342","259","423","389","C1275081"
"24334","2702","2","3","12","76","153","40","38","54","75","C1275081"
"24335","10743","2","3","3","19","151","276","91","433","118","C1275081"
"24336","1836","2","3","2","35","41","94","260","330","375","C1275081"
"24337","7415","2","3","7","34","52","216","395","536","445","C1275081"
"24338","5189","2","3","5","43","161","305","409","208","482","C1275081"
"24339","5896","2","3","12","41","116","268","434","568","605","C1275278"
"24340","427","2","3","7","34","52","216","395","549","420","C1275278"
"24341","1041","2","1","6","11","142","225","142","220","298","C1275278"
"24342","2260","2","5","7","53","14","20","25","40","186","C1275278"
"24343","26119","2","5","7","60","14","184","341","544","669","C1275278"
"24344","2316","2","5","7","53","51","342","454","573","702","C1275808"
"24345","5077","2","3","3","19","221","321","428","541","667","C1275808"
"24346","2022","2","5","7","53","51","342","259","423","389","C1275808"
"24347","6866","2","5","4","68","96","326","427","548","672","C1275808"
"24348","19","2","3","3","19","151","276","91","433","118","C1275808"
"24349","10060","2","3","8","41","45","23","423","464","445","C1275808"
"24350","229","2","3","2","90","167","266","367","500","577","C1276035"
"24351","258","2","5","7","53","51","342","454","573","492","C1276035"
"24352","7443","2","3","12","19","31","261","34","540","68","C1276035"
"24353","1301","2","5","7","53","51","342","454","573","492","C1276035"
"24354","1144","2","5","8","27","70","99","162","216","290","C1276035"
"24355","3039","2","3","5","35","41","118","155","287","116","C1276035"
"24356","3767","2","5","8","63","36","166","106","110","158","C1276035"
"24357","26227","2","3","2","41","137","44","208","81","108","C1276035"
"24358","7319","2","3","12","41","116","268","434","468","213","C1276035"
"24359","596","2","3","12","19","219","339","402","489","416","C1276035"
"24360","9569","2","3","12","19","31","276","91","433","118","C1276035"
"24361","2538","2","3","5","90","216","333","438","561","689","C1276035"
"24362","2668","2","5","7","53","14","20","25","40","186","C1277241"
"24363","288","2","5","7","76","153","40","38","54","203","C1277241"
"24364","7305","2","5","7","34","52","216","395","549","674","C1277241"
"24365","7353","2","3","12","41","219","339","156","568","605","C1277241"
"24366","190","2","3","3","19","151","276","91","433","118","C1277241"
"24367","4763","2","5","7","60","54","24","30","46","214","C1277241"
"24368","1647","2","3","12","19","31","1","116","1","86","C1277241"
"24369","7048","2","5","7","53","51","342","259","423","389","C1277241"
"24370","4541","2","3","2","48","170","50","119","444","24","C1277241"
"24371","1487","2","3","12","19","31","1","426","55","340","C1277241"
"24372","3000","2","5","4","68","96","326","427","548","672","C1277241"
"24373","2176","2","3","12","19","31","261","116","1","86","C1277241"
"24374","5080","2","3","3","19","221","321","428","541","667","C1277241"
"24375","5660","2","5","7","34","52","326","427","548","702","C1277241"
"24376","641","2","3","12","19","31","261","116","1","86","C1277241"
"24377","51010","2","3","2","110","85","237","433","547","671","C1277241"
"24378","7299","2","3","5","23","18","138","250","332","407","C1277241"
"24379","4920","2","5","7","53","14","20","259","560","373","C1277241"
"24380","10461","2","5","7","53","14","20","25","40","186","C1277241"
"24381","7136","2","5","8","63","45","23","103","464","187","C1277241"
"24382","9197","2","3","2","67","92","293","55","75","311","C1277241"
"24383","23522","2","3","12","19","31","1","426","55","78","C1277241"
"24384","8842","2","5","5","53","82","147","184","179","328","C1279412"
"24385","10195","2","3","2","48","69","99","162","216","290","C1279412"
"24386","50964","2","5","3","68","221","197","259","423","422","C1279412"
"24387","2972","2","3","2","19","33","261","116","159","211","C1280433"
"24388","5648","2","5","7","53","51","119","395","549","674","C1280433"
"24389","6908","2","3","12","19","31","1","116","159","211","C1280433"
"24390","7421","2","3","3","19","151","276","91","433","118","C1280433"
"24391","3953","2","5","7","53","14","20","25","40","186","C1280433"
"24392","8799","2","3","5","43","161","305","409","208","482","C1280433"
"24393","4193","2","3","12","19","31","1","116","89","605","C1280433"
"24394","9469","2","3","2","103","189","303","29","475","467","C1280433"
"24395","1281","2","5","7","53","51","342","454","573","492","C1280433"
"24396","23189","2","3","12","19","31","1","426","55","78","C1280433"
"24397","2121","2","3","12","41","116","268","434","568","605","C1280433"
"24398","5406","2","3","5","80","81","166","454","76","106","C1280433"
"24399","10216","2","3","2","48","170","50","304","167","593","C1280433"
"24400","6913","2","3","3","19","221","321","428","541","667","C1280433"
"24401","526","2","3","5","29","88","132","172","199","308","C1280433"
"24402","1146","2","5","8","27","70","99","162","216","290","C1280433"
"24403","2316","2","5","7","53","51","342","454","573","702","C1280433"
"24404","29954","2","5","2","27","206","324","430","215","290","C1280433"
"24405","6390","2","3","2","48","170","50","119","444","556","C1280433"
"24406","4000","2","3","12","26","105","178","226","297","156","C1281931"
"24407","4000","2","3","12","26","105","178","226","297","156","C1281931"
"24408","596","2","3","12","19","219","339","402","489","416","C1281931"
"24409","23545","2","3","5","29","88","132","85","222","346","C1281931"
"24410","84733","2","3","12","19","31","1","426","55","78","C1281931"
"24411","2255","2","5","7","53","14","20","25","40","186","C1281931"
"24412","7139","2","5","8","63","45","23","103","464","187","C1281931"
"24413","7403","2","3","12","19","31","1","426","55","78","C1281931"
"24414","10804","2","3","12","76","153","40","38","54","75","C1281931"
"24415","4538","2","3","2","48","170","50","119","444","556","C1282952"
"24416","2303","2","5","3","19","221","321","428","541","667","C1282952"
"24417","1947","2","5","7","53","51","20","25","560","373","C1282952"
"24418","538","2","3","8","63","45","23","103","464","187","C1285291"
"24419","7076","2","5","7","53","51","342","454","573","492","C1285291"
"24420","6774","2","3","12","53","14","276","25","489","416","C1285291"
"24421","5468","2","3","3","19","151","276","91","433","118","C1288283"
"24422","1947","2","5","7","53","51","20","25","560","373","C1288283"
"24423","8200","2","5","7","53","51","342","259","423","389","C1288283"
"24424","9227","2","3","2","69","51","101","126","170","224","C1288283"
"24425","5095","2","3","2","48","40","130","166","127","173","C1290398"
"24426","9049","2","3","3","41","151","276","378","271","356","C1290398"
"24427","5076","2","3","3","19","221","321","428","541","667","C1290398"
"24428","3423","2","3","5","74","3","342","374","294","590","C1290398"
"24429","5922","2","5","7","60","54","24","30","46","72","C1290398"
"24430","567","2","5","7","34","52","119","395","549","674","C1290398"
"24431","6495","2","3","3","19","221","321","428","541","667","C1290398"
"24432","6905","2","3","12","76","153","40","38","54","75","C1290398"
"24433","4502","2","5","7","53","184","119","156","287","116","C1290508"
"24434","4481","2","5","7","53","51","342","454","573","492","C1290508"
"24435","5052","2","3","5","80","81","110","141","359","229","C1290511"
"24436","1813","2","5","4","68","96","326","427","548","672","C1290511"
"24437","19","2","3","3","19","151","276","91","433","118","C1290511"
"24438","2879","2","3","5","80","81","166","378","173","229","C1290511"
"24439","6899","2","5","7","53","184","335","259","560","373","C1290511"
"24440","9987","2","3","2","22","33","323","66","101","136","C1290511"
"24441","2876","2","3","5","80","81","110","378","173","229","C1290537"
"24442","1029","2","3","12","19","31","1","116","1","664","C1290537"
"24443","6785","2","3","5","67","7","5","239","311","393","C1290708"
"24444","6295","2","3","4","68","45","272","427","518","621","C1290708"
"24445","5832","2","3","2","101","62","189","182","509","252","C1290857"
"24446","860","2","3","12","19","31","276","91","433","118","C1290857"
"24447","2177","2","3","2","110","90","261","431","545","443","C1290857"
"24448","8302","2","5","7","53","51","119","395","549","674","C1290857"
"24449","9451","2","3","2","110","51","335","226","297","380","C1290857"
"24450","5888","2","3","12","19","31","261","116","1","86","C1290857"
"24451","4094","2","3","12","19","31","276","91","433","118","C1290857"
"24452","1798","2","3","2","48","69","99","162","216","290","C1290857"
"24453","92","2","5","7","53","14","20","259","423","389","C1290857"
"24454","23532","2","3","12","41","116","152","129","252","154","C1290857"
"24455","5979","2","5","7","53","14","20","25","40","186","C1291245"
"24456","4512","2","3","2","48","170","110","141","359","8","C1291245"
"24457","8092","2","3","3","19","221","321","428","541","667","C1292120"
"24458","11152","2","3","2","48","57","110","141","359","462","C1292120"
"24459","4089","2","3","12","19","219","339","259","423","605","C1292120"
"24460","9627","2","3","12","19","31","1","426","55","78","C1292120"
"24461","959","2","5","7","53","51","119","395","549","674","C1292120"
"24462","4204","2","3","12","19","31","1","426","55","78","C1292772"
"24463","2683","2","3","7","34","52","216","395","549","617","C1292772"
"24464","6309","2","3","5","19","151","76","48","69","204","C1295585"
"24465","3575","2","5","7","53","51","184","341","544","669","C1295585"
"24466","3762","2","5","8","63","36","166","106","110","158","C1295585"
"24467","10345","2","5","8","63","45","23","34","464","187","C1295585"
"24468","1285","2","5","7","53","51","342","454","573","492","C1295585"
"24469","4055","2","3","12","41","219","339","156","568","697","C1295585"
"24470","8626","2","3","3","19","221","321","428","541","667","C1295585"
"24471","2956","2","3","12","19","31","261","116","1","86","C1295654"
"24472","6496","2","3","3","19","221","321","428","541","667","C1295654"
"24473","4693","2","5","7","53","51","342","454","573","492","C1295654"
"24474","9632","2","3","7","60","153","40","38","54","203","C1295654"
"24475","9394","2","3","2","74","58","112","148","193","263","C1298692"
"24476","2122","2","3","12","19","31","1","426","55","78","C1298692"
"24477","2313","2","3","12","19","31","276","91","433","118","C1298692"
"24478","2200","2","5","7","53","51","342","454","573","492","C1298692"
"24479","6513","2","5","7","90","216","337","448","565","562","C1298695"
"24480","538","2","3","8","63","45","23","103","464","187","C1298695"
"24481","6792","2","5","7","53","14","20","34","540","68","C1298695"
"24482","4256","2","5","7","53","51","342","454","573","492","C1298695"
"24483","54187","2","3","5","80","81","296","272","452","148","C1298695"
"24484","10682","2","5","4","68","96","326","48","69","204","C1298695"
"24485","1747","2","3","3","19","221","321","428","541","667","C1298695"
"24486","10693","2","3","12","76","137","76","136","472","435","C1298695"
"24487","7249","2","3","7","60","57","110","141","359","462","C1298695"
"24488","1188","2","5","8","63","45","23","34","464","187","C1298695"
"24489","2033","2","3","12","19","31","1","91","433","118","C1298695"
"24490","6240","2","3","5","80","109","182","235","307","506","C1298695"
"24491","26608","2","3","2","22","170","50","119","463","153","C1300268"
"24492","3426","2","5","7","53","51","119","395","549","674","C1300268"
"24493","1312","2","3","2","87","79","105","426","129","25","C1301362"
"24494","5979","2","5","7","53","14","20","25","40","186","C1301362"
"24495","6261","2","5","8","63","45","23","34","464","187","C1301509"
"24496","6473","2","3","3","19","221","321","428","541","667","C1301509"
"24497","348","2","5","7","53","51","342","454","573","492","C1301509"
"24498","5950","2","5","7","53","51","101","126","170","224","C1301509"
"24499","1186","2","5","8","63","45","23","34","464","187","C1301509"
"24500","919","2","5","7","53","14","119","25","40","186","C1301509"
"24501","3954","2","3","2","48","170","67","119","444","593","C1301509"
"24502","25836","2","3","12","76","153","40","38","54","75","C1301509"
"24503","10013","2","3","12","19","31","143","91","236","311","C1301509"
"24504","667","2","5","7","53","51","342","454","573","492","C1301509"
"24505","7136","2","5","8","63","45","23","103","464","187","C1301509"
"24506","5190","2","3","5","43","161","305","409","208","482","C1301509"
"24507","2121","2","3","12","41","116","268","434","568","605","C1301509"
"24508","367","2","3","12","19","31","276","91","433","118","C1301509"
"24509","23322","2","3","12","76","153","40","38","54","75","C1301509"
"24510","8642","2","5","7","53","51","335","444","560","373","C1301509"
"24511","6338","2","5","8","63","45","23","34","464","187","C1301510"
"24512","2263","2","5","7","53","14","20","25","40","186","C1301510"
"24513","23384","2","3","12","63","45","184","103","572","658","C1301937"
"24514","5476","2","3","7","34","52","216","395","152","310","C1301937"
"24515","8139","2","3","12","41","116","268","434","468","213","C1301937"
"24516","3561","2","5","7","53","14","20","25","40","186","C1301937"
"24517","7490","2","3","3","19","221","321","428","541","667","C1301937"
"24518","4625","2","3","8","63","45","23","103","464","187","C1301937"
"24519","4854","2","5","7","53","51","143","428","236","667","C1301937"
"24520","29978","2","5","7","60","116","268","341","544","669","C1301937"
"24521","22926","2","3","12","19","31","276","91","433","118","C1301937"
"24522","3575","2","5","7","53","51","184","341","544","669","C1301937"
"24523","5506","2","3","12","76","137","76","136","82","658","C1301937"
"24524","4976","2","3","2","48","170","50","119","444","556","C1301937"
"24525","3239","2","3","3","19","221","321","428","541","667","C1301937"
"24526","3636","2","3","5","80","14","20","25","40","186","C1301937"
"24527","2690","2","5","7","53","14","20","25","40","186","C1301937"
"24528","5456","2","3","3","19","221","321","428","541","667","C1301937"
"24529","3078","2","5","7","53","51","119","395","549","674","C1301937"
"24530","9361","2","3","2","48","170","50","119","444","556","C1301937"
"24531","1908","2","5","4","68","96","326","427","548","672","C1301937"
"24532","6916","2","3","5","91","175","119","167","224","301","C1301937"
"24533","538","2","3","8","63","45","23","103","464","187","C1301959"
"24534","26229","2","3","2","74","205","191","396","408","257","C1301959"
"24535","5604","2","5","7","53","14","20","34","540","68","C1301959"
"24536","2956","2","3","12","19","31","261","116","1","86","C1301959"
"24537","3767","2","5","8","63","36","166","106","110","158","C1301959"
"24538","5972","2","5","5","34","52","216","397","418","568","C1301959"
"24539","51324","2","3","2","48","142","225","142","220","298","C1301959"
"24540","2516","2","3","3","19","151","276","91","433","118","C1301959"
"24541","64240","2","3","5","47","144","185","238","310","392","C1301959"
"24542","596","2","3","12","19","219","339","402","489","416","C1301959"
"24543","5468","2","3","3","19","151","276","91","433","118","C1301959"
"24544","3617","2","5","7","86","221","321","454","311","518","C1301959"
"24545","51715","2","5","7","60","54","24","30","46","72","C1301959"
"24546","1030","2","3","12","19","31","1","426","55","78","C1301959"
"24547","7547","2","3","3","19","221","321","428","541","667","C1301959"
"24548","2261","2","5","7","53","14","20","25","40","186","C1301959"
"24549","5648","2","5","7","53","51","119","395","549","674","C1301959"
"24550","1584","2","3","5","79","159","256","276","353","456","C1301959"
"24551","4287","2","3","12","41","116","268","434","468","215","C1301959"
"24552","1499","2","3","12","19","221","197","259","560","422","C1302995"
"24553","11005","2","1","6","11","142","225","142","220","298","C1302995"
"24554","9401","2","3","12","76","31","261","116","1","86","C1302995"
"24555","6390","2","3","2","48","170","50","119","444","556","C1302999"
"24556","3832","2","3","12","76","153","40","38","54","75","C1302999"
"24557","26119","2","5","7","60","14","184","341","544","669","C1302999"
"24558","5167","2","3","5","32","93","163","207","303","126","C1302999"
"24559","11005","2","1","6","11","142","225","142","220","298","C1303003"
"24560","3047","2","3","12","19","31","118","155","287","116","C1303003"
"24561","5728","2","3","5","80","81","339","156","568","605","C1303003"
"24562","4157","2","5","4","68","96","326","427","548","672","C1303007"
"24563","1806","2","3","2","49","23","186","149","195","61","C1303007"
"24564","4853","2","3","12","19","124","143","428","236","667","C1303007"
"24565","2108","2","3","2","48","170","50","119","444","556","C1303007"
"24566","5116","2","3","12","76","153","40","38","54","75","C1303073"
"24567","3265","2","5","7","60","54","24","30","46","72","C1303073"
"24568","7200","2","5","4","68","96","326","427","548","672","C1305740"
"24569","367","2","3","12","19","31","276","91","433","118","C1305740"
"24570","6338","2","5","8","63","45","23","34","464","187","C1305740"
"24571","7253","2","5","4","68","96","326","427","548","672","C1305740"
"24572","9927","2","3","12","19","31","118","155","287","116","C1306065"
"24573","7124","2","3","12","41","219","339","156","568","697","C1306067"
"24574","94","2","5","7","53","51","342","259","423","389","C1306067"
"24575","4054","2","5","7","53","51","342","454","573","492","C1306067"
"24576","2778","2","5","4","68","96","326","427","548","672","C1306067"
"24577","6390","2","3","2","48","170","50","119","444","556","C1306067"
"24578","9820","2","3","12","41","116","268","434","468","213","C1306122"
"24579","2627","2","3","12","19","31","118","155","287","116","C1306122"
"24580","2626","2","3","12","19","31","118","155","287","116","C1306122"
"24581","54345","2","5","3","19","221","321","428","541","667","C1306122"
"24582","7299","2","3","5","23","18","138","250","332","407","C1306122"
"24583","9652","2","3","2","110","85","237","433","547","671","C1306122"
"24584","2719","2","5","7","53","51","342","454","573","492","C1306122"
"24585","84126","2","3","12","19","31","261","116","1","86","C1306122"
"24586","1027","2","3","12","19","31","1","116","1","86","C1306122"
"24587","1001","2","5","7","53","51","335","444","560","373","C1306122"
"24588","8643","2","5","3","68","221","197","259","560","422","C1306214"
"24589","6664","2","3","3","19","221","321","428","541","667","C1306214"
"24590","1583","2","3","5","79","152","273","375","100","589","C1306214"
"24591","5961","2","5","7","27","51","326","126","414","702","C1306214"
"24592","340024","2","3","8","45","94","199","240","415","666","C1306503"
"24593","54101","2","3","2","48","170","50","347","167","593","C1306503"
"24594","1736","2","3","2","110","85","237","433","547","671","C1306587"
"24595","5832","2","3","2","101","62","189","182","509","252","C1306587"
"24596","8803","2","3","8","67","92","293","55","75","311","C1306587"
"24597","2263","2","5","7","53","14","20","25","40","186","C1306587"
"24598","11285","2","3","2","74","205","191","396","408","620","C1306710"
"24599","6868","2","5","7","53","51","342","454","236","492","C1306710"
"24600","9101","2","3","12","41","219","339","156","568","605","C1306710"
"24601","1280","2","5","7","53","51","342","454","573","492","C1306710"
"24602","2815","2","5","7","53","51","342","454","573","492","C1306710"
"24603","4193","2","3","12","19","31","1","116","89","605","C1306710"
"24604","5077","2","3","3","19","221","321","428","541","667","C1306710"
"24605","3265","2","5","7","60","54","24","30","46","72","C1306710"
"24606","5192","2","3","5","43","161","305","409","208","482","C1306710"
"24607","6899","2","5","7","53","184","335","259","560","373","C1306710"
"24608","1591","2","3","5","92","163","262","136","460","566","C1306710"
"24609","8260","2","3","12","41","85","266","76","287","78","C1306710"
"24610","6392","2","3","2","48","170","50","119","444","556","C1306710"
"24611","160728","2","3","8","45","94","199","240","415","666","C1306710"
"24612","5095","2","3","2","48","40","130","166","127","173","C1306710"
"24613","4487","2","3","3","19","221","321","428","541","667","C1306710"
"24614","9255","2","3","2","110","85","237","433","547","154","C1306710"
"24615","3954","2","3","2","48","170","67","119","444","593","C1306710"
"24616","1544","2","3","5","91","214","271","372","471","586","C1306710"
"24617","5447","2","3","5","91","214","271","372","471","586","C1306710"
"24618","1848","2","3","5","42","81","296","399","201","274","C1306710"
"24619","5144","2","3","4","68","96","326","427","548","672","C1306710"
"24620","85358","2","5","7","60","14","71","341","223","219","C1306710"
"24621","7490","2","3","3","19","221","321","428","541","667","C1306710"
"24622","4893","2","5","7","34","52","24","30","46","72","C1306710"
"24623","9968","2","4","3","24","119","330","214","454","144","C1306710"
"24624","7170","2","5","8","63","45","23","103","464","187","C1306710"
"24625","208","2","5","7","53","14","20","34","540","68","C1306710"
"24626","3265","2","5","7","60","54","24","30","46","72","C1306710"
"24627","9533","2","3","2","19","31","1","426","55","78","C1306710"
"24628","8626","2","3","3","19","221","321","428","541","667","C1306710"
"24629","51114","2","5","5","68","96","326","162","216","290","C1306710"
"24630","5251","2","3","5","80","81","296","474","593","722","C1306837"
"24631","7139","2","5","8","63","45","23","103","464","187","C1306837"
"24632","197322","2","3","2","67","92","265","35","49","174","C1306837"
"24633","51360","2","3","3","26","35","276","91","433","203","C1306837"
"24634","4541","2","3","2","48","170","50","119","444","24","C1306856"
"24635","2303","2","5","3","19","221","321","428","541","667","C1306856"
"24636","5318","2","1","6","11","142","225","142","220","298","C1306857"
"24637","2165","2","5","7","53","51","342","454","573","492","C1306857"
"24638","2176","2","3","12","19","31","261","116","1","86","C1306857"
"24639","7157","2","3","12","19","31","261","402","489","551","C1306857"
"24640","5792","2","5","7","53","51","335","444","560","373","C1306857"
"24641","6334","2","5","8","63","36","166","341","223","158","C1306857"
"24642","7248","2","3","2","48","57","110","141","359","462","C1306857"
"24643","7169","2","5","8","63","45","23","103","464","187","C1306857"
"24644","1612","2","3","12","53","14","20","34","540","68","C1306857"
"24645","6569","2","3","8","45","94","199","240","415","666","C1306889"
"24646","114757","2","3","8","63","45","118","155","287","116","C1306889"
"24647","861","2","3","12","19","31","1","426","55","78","C1306889"
"24648","633","2","5","7","53","51","342","454","573","492","C1306889"
"24649","26012","2","3","12","19","31","261","116","159","211","C1318518"
"24650","5781","2","5","7","53","14","20","25","40","186","C1318518"
"24651","10216","2","3","2","48","170","50","304","167","593","C1318518"
"24652","540","2","5","8","63","45","23","103","464","187","C1318518"
"24653","3984","2","5","7","53","14","20","34","540","68","C1318558"
"24654","2488","2","5","4","68","96","326","427","548","672","C1318558"
"24655","51259","2","3","2","76","153","40","38","54","75","C1319853"
"24656","10021","2","5","8","63","36","166","106","110","158","C1319853"
"24657","3431","2","3","12","53","184","119","156","287","116","C1319853"
"24658","8074","2","5","7","53","14","20","25","40","186","C1319853"
"24659","3606","2","5","7","53","51","119","156","489","416","C1319853"
"24660","351","2","5","4","68","96","326","188","145","193","C1319853"
"24661","6905","2","3","12","76","153","40","38","54","75","C1319853"
"24662","5496","2","3","2","22","33","323","66","101","136","C1319853"
"24663","8838","2","5","7","53","51","342","259","423","389","C1319853"
"24664","3643","2","5","7","53","14","20","25","40","186","C1319853"
"24665","27086","2","3","12","19","221","321","428","541","667","C1319853"
"24666","6899","2","5","7","53","184","335","259","560","373","C1319853"
"24667","10877","2","5","7","53","51","119","395","549","674","C1319853"
"24668","6234","2","3","2","110","85","237","433","547","671","C1321329"
"24669","7249","2","3","7","60","57","110","141","359","462","C1321329"
"24670","23600","2","3","5","80","81","305","409","208","482","C1321329"
"24671","7132","2","3","12","41","219","339","156","568","697","C1321329"
"24672","1131","2","5","4","68","96","326","427","548","672","C1321329"
"24673","9031","2","3","12","19","31","1","426","55","78","C1321329"
"24674","2138","2","3","12","19","31","1","426","55","78","C1321329"
"24675","7508","2","3","12","19","31","261","116","1","664","C1321329"
"24676","23526","2","5","7","34","52","216","395","549","72","C1321329"
"24677","2218","2","5","2","53","123","194","255","560","373","C1321329"
"24678","10815","2","5","7","60","36","71","341","223","666","C1321329"
"24679","224","2","3","5","50","47","39","202","19","233","C1321489"
"24680","8557","2","5","8","63","45","23","103","464","187","C1321489"
"24681","10683","2","5","7","53","51","143","428","560","667","C1321489"
"24682","779","2","5","8","63","36","166","341","390","158","C1321551"
"24683","3576","2","5","4","68","96","326","427","548","672","C1321551"
"24684","10117","2","5","7","53","51","342","454","573","492","C1321884"
"24685","760","2","3","5","35","41","77","40","78","178","C1321884"
"24686","1499","2","3","12","19","221","197","259","560","422","C1321884"
"24687","2131","2","3","2","74","58","112","148","181","416","C1321884"
"24688","2629","2","3","5","80","81","250","291","152","420","C1321884"
"24689","116519","2","5","7","53","51","342","454","573","492","C1321884"
"24690","3284","2","3","2","69","98","169","299","183","243","C1321884"
"24691","1832","2","5","7","34","52","225","142","220","298","C1321884"
"24692","2243","2","5","7","53","51","342","454","573","492","C1321884"
"24693","208","2","5","7","53","14","20","34","540","68","C1321884"
"24694","3265","2","5","7","60","54","24","30","46","72","C1321907"
"24695","1278","2","5","7","53","51","342","454","573","492","C1321907"
"24696","7473","2","5","3","68","221","197","259","560","422","C1328407"
"24697","4692","2","5","7","53","51","119","402","489","416","C1328407"
"24698","64802","2","3","2","73","110","53","59","228","306","C1328407"
"24699","641","2","3","12","19","31","261","116","1","86","C1328440"
"24700","4000","2","3","12","26","105","178","226","297","156","C1328440"
"24701","6949","2","3","2","110","85","237","164","390","311","C1328587"
"24702","1144","2","5","8","27","70","99","162","216","290","C1328587"
"24703","8635","2","5","7","34","52","216","395","549","674","C1328587"
"24704","5075","2","3","3","19","221","321","428","541","667","C1328587"
"24705","1280","2","5","7","53","51","342","454","573","492","C1328587"
"24706","3207","2","3","3","19","221","321","428","541","667","C1328587"
"24707","7390","2","3","5","80","81","166","132","175","473","C1328587"
"24708","10484","2","3","7","60","153","40","38","54","203","C1328587"
"24709","79443","2","3","2","48","57","110","141","359","462","C1328587"
"24710","652","2","5","7","53","51","342","454","573","492","C1328840"
"24711","8878","2","3","12","41","219","339","156","568","697","C1328840"
"24712","5230","2","3","12","72","167","266","367","500","577","C1328840"
"24713","1643","2","3","12","41","116","268","434","468","213","C1328840"
"24714","6664","2","3","3","19","221","321","428","541","667","C1328840"
"24715","4948","2","5","8","63","45","23","250","464","187","C1328840"
"24716","2773","2","5","4","68","96","326","427","548","672","C1328931"
"24717","8557","2","5","8","63","45","23","103","464","187","C1328931"
"24718","54982","2","3","2","48","170","50","399","167","593","C1328931"
"24719","54539","2","3","2","48","170","50","119","444","556","C1328931"
"24720","3569","2","5","7","53","51","342","454","573","416","C1328931"
"24721","5605","2","5","7","53","14","20","34","540","68","C1328931"
"24722","8842","2","5","5","53","82","147","184","179","328","C1328931"
"24723","2313","2","3","12","19","31","276","91","433","118","C1328931"
"24724","6347","2","5","7","53","51","119","427","489","416","C1328931"
"24725","1272","2","5","7","53","51","335","444","236","373","C1328931"
"24726","7421","2","3","3","19","151","276","91","433","118","C1332852"
"24727","22868","2","3","2","48","182","67","76","463","153","C1332852"
"24728","2811","2","5","7","53","51","1","454","573","78","C1332852"
"24729","9896","2","3","5","80","81","296","399","201","274","C1332852"
"24730","7042","2","5","7","53","51","342","454","573","492","C1332852"
"24731","50506","2","3","2","36","48","89","110","400","341","C1332965"
"24732","2719","2","5","7","53","51","342","454","573","492","C1332965"
"24733","26227","2","3","2","41","137","44","208","81","108","C1333985"
"24734","4017","2","3","2","53","51","342","454","573","492","C1333985"
"24735","2316","2","5","7","53","51","342","454","573","702","C1333985"
"24736","58","2","5","8","63","45","23","103","464","187","C1333989"
"24737","3356","2","5","4","68","96","326","427","548","672","C1333989"
"24738","7249","2","3","7","60","57","110","141","359","462","C1333989"
"24739","5781","2","5","7","53","14","20","25","40","186","C1333989"
"24740","4784","2","3","2","22","33","261","116","159","211","C1333990"
"24741","272","2","3","7","34","52","216","395","549","674","C1333990"
"24742","4221","2","3","12","19","31","342","454","573","492","C1333990"
"24743","1299","2","5","7","53","51","342","454","573","492","C1333990"
"24744","9966","2","5","12","41","219","339","156","568","697","C1333990"
"24745","5906","2","5","7","34","52","216","30","46","72","C1333990"
"24746","5896","2","3","12","41","116","268","434","568","605","C1333990"
"24747","23322","2","3","12","76","153","40","38","54","75","C1333990"
"24748","4583","2","3","3","89","206","324","430","429","544","C1333990"
"24749","8398","2","3","5","116","183","40","38","352","455","C1333990"
"24750","9499","2","5","7","53","51","23","103","464","187","C1333990"
"24751","7067","2","3","3","19","151","276","91","433","118","C1335929"
"24752","4359","2","5","7","53","51","342","454","573","492","C1335929"
"24753","27032","2","5","8","63","45","23","103","464","187","C1335929"
"24754","6662","2","3","3","19","221","321","428","541","667","C1335929"
"24755","1497","2","5","2","63","182","50","103","297","628","C1336708"
"24756","4723","2","3","2","48","170","50","119","444","556","C1336708"
"24757","3040","2","5","5","53","51","342","40","78","178","C1336708"
"24758","7957","2","3","5","42","81","296","399","201","274","C1336708"
"24759","25778","2","3","2","41","51","138","79","160","385","C1336708"
"24760","5167","2","3","5","32","93","163","207","303","126","C1336708"
"24761","1410","2","3","12","63","45","23","38","54","187","C1336708"
"24762","111","2","5","4","68","96","326","427","548","672","C1336708"
"24763","4621","2","5","8","63","45","23","103","464","187","C1336708"
"24764","26580","2","5","8","27","70","99","162","216","290","C1336708"
"24765","54949","2","3","2","48","170","50","119","444","556","C1336708"
"24766","1540","2","3","12","41","219","339","156","568","605","C1336708"
"24767","4352","2","5","7","53","14","20","25","40","186","C1336708"
"24768","2879","2","3","5","80","81","166","378","173","229","C1368816"
"24769","4255","2","3","12","19","31","261","116","1","86","C1368816"
"24770","29978","2","5","7","60","116","268","341","544","669","C1368816"
"24771","3123","2","5","7","53","51","119","156","287","116","C1368816"
"24772","3115","2","5","7","53","184","119","156","287","116","C1368816"
"24773","6696","2","5","7","53","51","342","454","573","492","C1368816"
"24774","10269","2","3","2","48","182","50","119","444","556","C1368816"
"24775","5251","2","3","5","80","81","296","474","593","722","C1368816"
"24776","1476","2","5","7","34","52","216","395","549","674","C1368816"
"24777","50937","2","5","7","53","51","335","444","560","373","C1368816"
"24778","8924","2","3","12","41","116","268","434","468","213","C1368816"
"24779","7227","2","3","12","19","31","276","91","433","118","C1368816"
"24780","55636","2","3","3","19","221","321","428","423","389","C1368816"
"24781","2521","2","3","2","22","33","323","66","101","136","C1368816"
"24782","51128","2","5","7","60","153","24","38","46","72","C1368816"
"24783","7422","2","5","7","53","51","342","454","573","702","C1368816"
"24784","25978","2","3","2","48","57","110","141","359","462","C1368816"
"24785","3549","2","5","3","53","51","197","259","560","422","C1368816"
"24786","5295","2","5","7","53","14","20","25","40","186","C1370889"
"24787","2483","2","3","2","22","33","323","66","101","136","C1370889"
"24788","6929","2","3","12","19","31","1","426","55","78","C1370889"
"24789","5447","2","3","5","91","214","271","372","471","586","C1384590"
"24790","3769","2","5","8","63","36","166","106","110","158","C1384590"
"24791","6103","2","3","12","76","153","40","38","54","75","C1384600"
"24792","4893","2","5","7","34","52","24","30","46","72","C1384600"
"24793","6401","2","5","7","53","51","119","454","573","492","C1384600"
"24794","1277","2","5","7","53","51","342","454","573","492","C1384600"
"24795","1962","2","3","5","43","161","305","409","208","482","C1384606"
"24796","3827","2","5","4","68","96","326","427","548","672","C1384606"
"24797","10577","2","5","7","34","52","216","395","549","674","C1384606"
"24798","6261","2","5","8","63","45","23","34","464","187","C1384606"
"24799","5604","2","5","7","53","14","20","34","540","68","C1384606"
"24800","1591","2","3","5","92","163","262","136","460","566","C1384606"
"24801","5314","2","3","12","76","153","40","38","54","75","C1384606"
"24802","6911","2","5","6","19","142","335","259","560","373","C1384606"
"24803","207","2","3","7","53","14","20","34","489","416","C1384606"
"24804","1406","2","3","3","19","221","321","428","541","667","C1384670"
"24805","1490","2","5","7","53","51","342","454","573","492","C1384670"
"24806","2115","2","3","12","19","31","276","91","433","118","C1384670"
"24807","7473","2","5","3","68","221","197","259","560","422","C1384670"
"24808","5443","2","5","4","68","96","326","427","548","672","C1384670"
"24809","5830","2","3","5","43","161","305","409","208","482","C1387532"
"24810","3569","2","5","7","53","51","342","454","573","416","C1387532"
"24811","7080","2","3","3","19","221","321","428","541","667","C1387532"
"24812","3908","2","5","7","53","51","342","454","573","492","C1389016"
"24813","4256","2","5","7","53","51","342","454","573","492","C1389016"
"24814","5830","2","3","5","43","161","305","409","208","482","C1389016"
"24815","1594","2","3","5","92","163","96","363","460","487","C1389016"
"24816","2697","2","3","7","76","153","40","38","54","75","C1389016"
"24817","10161","2","5","4","68","96","326","427","548","672","C1389016"
"24818","9786","2","3","12","76","153","40","38","54","75","C1389016"
"24819","5144","2","3","4","68","96","326","427","548","672","C1389016"
"24820","2812","2","5","7","53","51","342","454","573","492","C1389016"
"24821","567","2","5","7","34","52","119","395","549","674","C1389016"
"24822","714","2","5","7","53","51","119","395","549","674","C1389016"
"24823","8792","2","3","12","41","219","339","156","568","697","C1389016"
"24824","8878","2","3","12","41","219","339","156","568","697","C1389016"
"24825","7415","2","3","7","34","52","216","395","536","445","C1389016"
"24826","22931","2","5","7","34","54","24","30","46","72","C1389016"
"24827","55505","2","3","2","110","85","237","433","547","671","C1389016"
"24828","94","2","5","7","53","51","342","259","423","389","C1389016"
"24829","6575","2","3","8","45","94","199","240","415","666","C1389018"
"24830","23020","2","3","2","22","33","323","66","101","136","C1389018"
"24831","5913","2","5","7","27","36","71","341","223","219","C1389018"
"24832","4913","2","3","12","19","31","261","116","1","86","C1389018"
"24833","8085","2","3","12","19","31","1","426","55","78","C1389018"
"24834","2074","2","3","12","19","31","1","426","55","78","C1389018"
"24835","25782","2","5","7","60","54","24","30","46","72","C1389102"
"24836","546","2","3","12","19","31","261","426","1","86","C1389102"
"24837","1134","2","5","8","27","70","99","162","216","290","C1389113"
"24838","847","2","3","7","34","52","216","395","549","674","C1389113"
"24839","5354","2","5","7","27","36","150","341","223","628","C1389113"
"24840","2811","2","5","7","53","51","1","454","573","78","C1389113"
"24841","1911","2","3","12","19","31","1","426","55","78","C1389113"
"24842","3763","2","5","8","63","36","166","106","110","158","C1389113"
"24843","7283","2","3","12","76","153","40","38","54","75","C1389113"
"24844","55636","2","3","3","19","221","321","428","423","389","C1389113"
"24845","5116","2","3","12","76","153","40","38","54","75","C1389113"
"24846","9031","2","3","12","19","31","1","426","55","78","C1389113"
"24847","1804","2","5","7","27","36","150","341","223","628","C1389113"
"24848","3767","2","5","8","63","36","166","106","110","158","C1389113"
"24849","125","2","3","2","75","120","200","263","251","425","C1389113"
"24850","2074","2","3","12","19","31","1","426","55","78","C1389113"
"24851","1268","2","5","4","68","96","326","427","548","672","C1389113"
"24852","9213","2","5","7","68","96","184","219","380","666","C1389113"
"24853","28960","2","3","2","22","33","323","433","146","194","C1389113"
"24854","54187","2","3","5","80","81","296","272","452","148","C1389113"
"24855","337","2","5","7","11","51","342","454","573","492","C1389113"
"24856","2176","2","3","12","19","31","261","116","1","86","C1389113"
"24857","7273","2","5","7","53","51","342","103","464","702","C1389118"
"24858","5818","2","5","7","53","51","335","444","560","373","C1389118"
"24859","3208","2","5","7","27","36","150","341","223","628","C1389280"
"24860","8302","2","5","7","53","51","119","395","549","674","C1389280"
"24861","5332","2","3","4","68","96","326","427","548","672","C1389280"
"24862","5594","2","5","7","34","14","20","34","540","274","C1389280"
"24863","1890","2","3","5","80","81","296","62","94","150","C1389280"
"24864","3718","2","5","7","53","14","20","25","40","186","C1389280"
"24865","5296","2","5","7","53","14","20","25","40","186","C1389280"
"24866","2706","2","3","12","76","153","40","38","54","75","C1389280"
"24867","9622","2","5","7","68","51","119","395","549","674","C1389280"
"24868","6575","2","3","8","45","94","199","240","415","666","C1389280"
"24869","3190","2","3","2","22","33","323","66","101","136","C1389280"
"24870","1301","2","5","7","53","51","342","454","573","492","C1389280"
"24871","5167","2","3","5","32","93","163","207","303","126","C1389280"
"24872","6718","2","3","2","46","136","227","168","225","490","C1389280"
"24873","5172","2","5","8","45","94","199","240","415","666","C1389280"
"24874","1585","2","3","5","79","159","256","351","100","589","C1389280"
"24875","1392","2","5","4","68","96","326","427","548","672","C1389851"
"24876","1636","2","3","5","80","81","166","397","418","568","C1389851"
"24877","4878","2","3","12","19","31","1","426","55","78","C1389851"
"24878","5956","2","5","4","68","96","326","427","548","672","C1390214"
"24879","326","2","3","12","19","31","261","377","370","269","C1390214"
"24880","673","2","5","7","53","14","20","34","540","68","C1390474"
"24881","2313","2","3","12","19","31","276","91","433","118","C1390474"
"24882","11107","2","3","12","19","31","1","426","55","78","C1390474"
"24883","9652","2","3","2","110","85","237","433","547","671","C1390474"
"24884","5728","2","3","5","80","81","339","156","568","605","C1390474"
"24885","5243","2","3","12","41","116","268","423","536","445","C1390474"
"24886","1743","2","3","2","67","92","293","55","75","311","C1390474"
"24887","22930","2","5","7","60","54","24","30","46","72","C1390474"
"24888","7486","2","3","12","19","31","261","116","1","86","C1390474"
"24889","4351","2","3","2","90","167","266","367","500","577","C1390474"
"24890","3295","2","3","5","43","161","305","409","208","482","C1390474"
"24891","2592","2","3","2","68","117","196","257","326","419","C1390474"
"24892","4277","2","5","7","53","51","119","395","549","674","C1390474"
"24893","5192","2","3","5","43","161","305","409","208","482","C1390474"
"24894","5528","2","3","12","76","153","40","38","54","75","C1390474"
"24895","3691","2","5","7","53","51","342","454","573","492","C1390474"
"24896","7136","2","5","8","63","45","23","103","464","187","C1390474"
"24897","7173","2","3","5","36","48","89","110","400","400","C1390474"
"24898","5892","2","3","12","19","31","261","116","1","86","C1390474"
"24899","26503","2","3","2","89","124","204","272","347","442","C1390474"
"24900","1482","2","3","3","19","221","321","428","541","667","C1390474"
"24901","79188","2","3","2","48","182","50","119","444","666","C1394030"
"24902","10686","2","5","6","42","36","71","177","64","219","C1394030"
"24903","3784","2","5","8","63","36","166","106","110","158","C1394030"
"24904","4654","2","3","12","19","31","276","91","433","118","C1394030"
"24905","10157","2","3","5","71","102","175","222","290","371","C1394691"
"24906","7169","2","5","8","63","45","23","103","464","187","C1394691"
"24907","23426","2","5","7","42","36","71","177","223","219","C1394691"
"24908","3481","2","5","7","53","51","342","454","573","492","C1394691"
"24909","26281","2","5","7","53","14","20","25","40","186","C1394691"
"24910","4088","2","3","12","19","219","339","259","423","605","C1394691"
"24911","3767","2","5","8","63","36","166","106","110","158","C1395674"
"24912","5925","2","3","12","19","31","1","426","55","78","C1395674"
"24913","2162","2","5","7","53","51","342","454","573","702","C1395674"
"24914","8803","2","3","8","67","92","293","55","75","311","C1395674"
"24915","26276","2","3","7","60","81","184","341","66","203","C1395674"
"24916","26154","2","3","5","47","144","185","238","310","392","C1395674"
"24917","1291","2","5","7","53","51","342","454","573","492","C1395852"
"24918","5982","2","3","12","19","31","261","116","1","86","C1395852"
"24919","23405","2","3","2","22","33","323","66","146","194","C1395852"
"24920","6870","2","5","4","68","96","326","427","548","672","C1395852"
"24921","1387","2","3","12","19","31","276","91","433","118","C1395852"
"24922","5130","2","3","2","85","143","286","51","488","102","C1395852"
"24923","6575","2","3","8","45","94","199","240","415","666","C1395852"
"24924","5663","2","5","7","34","52","216","395","549","667","C1395852"
"24925","6785","2","3","5","67","7","5","239","311","393","C1395852"
"24926","81848","2","5","7","53","14","20","25","40","186","C1396126"
"24927","488","2","5","8","63","45","23","103","464","187","C1396126"
"24928","4920","2","5","7","53","14","20","259","560","373","C1396126"
"24929","695","2","5","7","53","14","20","25","40","186","C1396772"
"24930","1015","2","5","7","53","51","335","444","560","373","C1396772"
"24931","200879","2","3","5","116","183","295","398","552","622","C1396772"
"24932","6662","2","3","3","19","221","321","428","541","667","C1396772"
"24933","1736","2","3","2","110","85","237","433","547","671","C1397139"
"24934","1186","2","5","8","63","45","23","34","464","187","C1397139"
"24935","1301","2","5","7","53","51","342","454","573","492","C1397139"
"24936","156","2","5","4","68","96","326","427","548","672","C1397139"
"24937","3952","2","5","3","53","151","276","91","433","118","C1397139"
"24938","2109","2","3","2","48","170","50","119","444","556","C1397139"
"24939","3861","2","1","6","11","142","225","142","220","298","C1398301"
"24940","7057","2","5","7","53","51","342","454","573","492","C1398301"
"24941","1187","2","5","8","63","45","23","34","464","187","C1398301"
"24942","4015","2","5","7","53","51","342","454","573","492","C1398301"
"24943","26191","2","5","7","53","14","20","25","40","186","C1398312"
"24944","57623","2","3","3","24","119","330","214","454","144","C1398312"
"24945","6821","2","3","5","114","211","332","175","556","256","C1398312"
"24946","2717","2","3","7","34","52","216","395","549","674","C1398312"
"24947","1277","2","5","7","53","51","342","454","573","492","C1398312"
"24948","9829","2","5","7","60","14","184","341","544","669","C1398312"
"24949","1298","2","5","7","53","51","342","454","573","492","C1398312"
"24950","5994","2","3","12","19","31","276","91","491","118","C1398312"
"24951","54790","2","3","12","19","31","1","426","55","78","C1398312"
"24952","8504","2","3","5","47","144","185","238","310","392","C1398312"
"24953","2138","2","3","12","19","31","1","426","55","78","C1398312"
"24954","4854","2","5","7","53","51","143","428","236","667","C1398312"
"24955","5314","2","3","12","76","153","40","38","54","75","C1398312"
"24956","2492","2","5","4","68","96","326","427","548","672","C1398312"
"24957","6389","2","3","2","48","170","50","119","444","556","C1398312"
"24958","3954","2","3","2","48","170","67","119","444","593","C1398312"
"24959","6873","2","3","12","19","31","261","116","159","211","C1398312"
"24960","4758","2","3","7","34","52","216","395","549","517","C1398312"
"24961","545","2","3","12","19","31","261","116","1","86","C1398312"
"24962","4728","2","3","2","48","170","50","119","444","556","C1398312"
"24963","3239","2","3","3","19","221","321","428","541","667","C1398325"
"24964","3977","2","5","7","53","51","119","25","40","416","C1398325"
"24965","4000","2","3","12","26","105","178","226","297","156","C1398325"
"24966","177","2","5","7","53","51","339","156","568","697","C1398325"
"24967","4729","2","3","2","48","170","50","119","444","556","C1398325"
"24968","4519","2","3","2","48","170","50","119","508","312","C1398325"
"24969","5443","2","5","4","68","96","326","427","548","672","C1398325"
"24970","3295","2","3","5","43","161","305","409","208","482","C1398325"
"24971","6870","2","5","4","68","96","326","427","548","672","C1398325"
"24972","25886","2","3","12","76","153","76","136","472","435","C1398325"
"24973","3914","2","5","7","53","51","342","454","573","492","C1398325"
"24974","60495","2","5","5","74","51","342","454","573","492","C1398325"
"24975","6908","2","3","12","19","31","1","116","159","211","C1398325"
"24976","8792","2","3","12","41","219","339","156","568","697","C1398325"
"24977","51684","2","3","12","41","116","268","38","54","75","C1398325"
"24978","145226","2","3","2","69","83","101","126","170","224","C1398325"
"24979","55690","2","3","2","48","57","110","141","359","462","C1398325"
"24980","7490","2","3","3","19","221","321","428","541","667","C1398325"
"24981","4852","2","5","4","68","96","326","427","548","672","C1398325"
"24982","8313","2","3","12","41","219","339","156","568","605","C1398325"
"24983","6276","2","5","7","34","52","216","395","572","697","C1398325"
"24984","7401","2","5","7","60","83","101","126","170","224","C1398325"
"24985","4629","2","5","8","63","45","23","103","464","187","C1398325"
"24986","1605","2","5","7","53","51","342","454","573","492","C1398522"
"24987","1723","2","3","2","48","170","50","119","444","556","C1398522"
"24988","7066","2","5","7","53","51","119","25","573","416","C1398522"
"24989","64419","2","3","5","80","81","110","141","359","462","C1398522"
"24990","124583","2","3","7","34","52","216","395","549","674","C1400105"
"24991","3909","2","5","7","53","51","342","454","573","492","C1400105"
"24992","1146","2","5","8","27","70","99","162","216","290","C1400105"
"24993","5913","2","5","7","27","36","71","341","223","219","C1400105"
"24994","354","2","5","7","53","51","342","454","573","492","C1400105"
"24995","9343","2","3","2","22","33","323","66","101","136","C1400105"
"24996","1593","2","3","5","79","152","273","157","333","277","C1400105"
"24997","146059","2","3","12","19","31","261","116","1","86","C1400105"
"24998","27232","2","3","2","19","31","105","106","14","7","C1400105"
"24999","6794","2","3","12","53","14","20","34","540","68","C1400105"
"25000","4650","2","5","7","60","54","24","30","46","72","C1400105"
"25001","2542","2","3","5","80","81","296","399","500","577","C1400105"
"25002","284058","2","3","12","19","31","1","426","55","78","C1400105"
"25003","6253","2","5","4","27","36","326","402","489","187","C1400105"
"25004","1282","2","5","7","53","51","342","454","573","492","C1400105"
"25005","6833","2","5","8","45","36","166","240","415","666","C1400105"
"25006","675","2","3","12","19","31","261","116","1","86","C1400105"
"25007","6664","2","3","3","19","221","321","428","541","667","C1400105"
"25008","474","2","3","12","11","142","225","142","488","673","C1400105"
"25009","55636","2","3","3","19","221","321","428","423","389","C1400105"
"25010","1837","2","5","8","63","45","23","103","464","187","C1400105"
"25011","5573","2","3","12","19","184","118","155","287","116","C1400105"
"25012","2625","2","3","12","19","31","339","155","287","116","C1400105"
"25013","1896","2","5","12","41","219","339","156","568","697","C1400252"
"25014","3764","2","5","8","63","36","166","106","110","158","C1400252"
"25015","1420","2","3","6","63","45","160","362","177","673","C1400252"
"25016","889","2","5","7","60","45","23","306","64","436","C1401086"
"25017","8216","2","3","12","41","119","330","214","454","144","C1401086"
"25018","6338","2","5","8","63","45","23","34","464","187","C1401086"
"25019","5450","2","3","12","19","221","261","116","159","211","C1401086"
"25020","1513","2","5","7","53","51","342","454","573","492","C1403035"
"25021","6340","2","5","8","63","45","23","34","464","187","C1403035"
"25022","2263","2","5","7","53","14","20","25","40","186","C1403035"
"25023","26227","2","3","2","41","137","44","208","81","108","C1403035"
"25024","207","2","3","7","53","14","20","34","489","416","C1403035"
"25025","3845","2","5","7","60","54","24","30","46","72","C1403035"
"25026","51752","2","3","2","41","153","119","156","536","116","C1403035"
"25027","55630","2","3","5","27","81","99","162","216","290","C1403035"
"25028","8379","2","3","12","76","153","40","38","54","75","C1403035"
"25029","3651","2","3","3","19","221","321","428","541","667","C1404521"
"25030","59","2","5","8","63","45","23","103","464","187","C1404521"
"25031","9569","2","3","12","19","31","276","91","433","118","C1405854"
"25032","1146","2","5","8","27","70","99","162","216","290","C1405854"
"25033","135228","2","5","7","53","51","342","454","573","702","C1405854"
"25034","4647","2","5","7","60","83","101","126","170","224","C1405854"
"25035","1145","2","5","8","27","70","99","162","216","290","C1405984"
"25036","7314","2","3","12","41","219","261","409","208","482","C1405984"
"25037","4015","2","5","7","53","51","342","454","573","492","C1405984"
"25038","9939","2","3","2","22","33","323","66","101","136","C1405984"
"25039","23534","2","3","2","22","33","323","66","101","136","C1405984"
"25040","60482","2","5","8","45","94","199","240","415","666","C1405984"
"25041","55651","2","3","2","110","85","237","433","547","671","C1405984"
"25042","10020","2","3","2","89","124","204","42","452","258","C1405984"
"25043","1420","2","3","6","63","45","160","362","177","673","C1405984"
"25044","5604","2","5","7","53","14","20","34","540","68","C1405984"
"25045","4582","2","5","7","53","206","324","430","429","544","C1405984"
"25046","54808","2","3","12","76","153","40","38","54","75","C1405984"
"25047","8792","2","3","12","41","219","339","156","568","697","C1405984"
"25048","2131","2","3","2","74","58","112","148","181","416","C1405984"
"25049","2200","2","5","7","53","51","342","454","573","492","C1405984"
"25050","4193","2","3","12","19","31","1","116","89","605","C1406835"
"25051","23742","2","5","5","68","96","326","427","447","586","C1406835"
"25052","3586","2","5","7","53","51","119","25","489","416","C1406835"
"25053","948","2","5","7","34","52","216","91","433","702","C1406835"
"25054","7428","2","3","12","41","116","268","434","468","213","C1406835"
"25055","2178","2","3","12","19","31","261","116","1","86","C1406921"
"25056","100","2","3","5","33","21","47","56","80","199","C1406921"
"25057","5290","2","3","7","53","14","20","25","40","186","C1406921"
"25058","859","2","5","8","63","45","23","103","464","187","C1408258"
"25059","3861","2","1","6","11","142","225","142","220","298","C1408258"
"25060","10686","2","5","6","42","36","71","177","64","219","C1408258"
"25061","2554","2","5","8","27","70","99","162","216","290","C1408258"
"25062","7390","2","3","5","80","81","166","132","175","473","C1408258"
"25063","10535","2","3","12","76","153","40","38","54","75","C1408258"
"25064","1277","2","5","7","53","51","342","454","573","492","C1408258"
"25065","6473","2","3","3","19","221","321","428","541","667","C1408258"
"25066","1401","2","5","7","53","51","119","395","573","492","C1408258"
"25067","3592","2","5","7","53","51","119","25","489","416","C1408258"
"25068","6598","2","3","12","19","31","1","426","55","78","C1408258"
"25069","54880","2","3","12","19","31","1","426","55","78","C1408258"
"25070","3766","2","5","8","63","36","166","106","110","158","C1408258"
"25071","55612","2","5","7","60","36","71","177","560","701","C1408258"
"25072","1837","2","5","8","63","45","23","103","464","187","C1408258"
"25073","2532","2","5","4","68","96","326","427","548","672","C1408258"
"25074","930","2","5","7","53","14","119","25","40","186","C1408258"
"25075","8493","2","3","12","19","31","293","116","201","664","C1408258"
"25076","9401","2","3","12","76","31","261","116","1","86","C1408258"
"25077","4281","2","5","7","53","184","119","156","287","116","C1408258"
"25078","10907","2","3","2","22","33","323","66","101","136","C1408258"
"25079","60681","2","3","12","48","124","75","136","271","212","C1408258"
"25080","6295","2","3","4","68","45","272","427","518","621","C1408258"
"25081","8086","2","3","12","22","33","323","66","101","664","C1408258"
"25082","9213","2","5","7","68","96","184","219","380","666","C1408258"
"25083","9573","2","5","7","53","51","342","259","423","389","C1408507"
"25084","5317","2","5","7","34","52","216","142","220","298","C1408507"
"25085","4976","2","3","2","48","170","50","119","444","556","C1408507"
"25086","2068","2","3","12","19","31","261","116","159","211","C1408507"
"25087","4626","2","5","8","63","45","23","103","464","187","C1408806"
"25088","10815","2","5","7","60","36","71","341","223","666","C1408806"
"25089","3954","2","3","2","48","170","67","119","444","593","C1411876"
"25090","54551","2","3","12","41","219","197","156","568","422","C1411876"
"25091","5160","2","3","2","67","92","293","55","75","311","C1411876"
"25092","9782","2","3","2","22","33","323","66","101","136","C1411876"
"25093","3265","2","5","7","60","54","24","30","46","72","C1411876"
"25094","8876","2","3","7","34","52","216","395","549","674","C1411876"
"25095","675","2","3","12","19","31","261","116","1","86","C1411876"
"25096","7317","2","3","12","41","116","268","434","468","213","C1411876"
"25097","4313","2","5","7","53","51","342","454","573","492","C1412000"
"25098","5327","2","5","7","53","51","342","454","573","492","C1412000"
"25099","5158","2","3","4","68","45","272","259","518","621","C1442837"
"25100","23169","2","3","2","78","205","112","430","429","544","C1442837"
"25101","4312","2","5","7","53","51","342","454","573","492","C1442903"
"25102","2239","2","3","2","74","51","342","454","573","492","C1442903"
"25103","4017","2","3","2","53","51","342","454","573","492","C1442903"
"25104","1106","2","3","12","19","31","1","426","55","78","C1442903"
"25105","7476","2","5","3","68","221","197","259","560","422","C1442903"
"25106","5077","2","3","3","19","221","321","428","541","667","C1442903"
"25107","4983","2","5","7","60","54","24","30","46","72","C1442903"
"25108","51057","2","3","12","76","153","40","38","54","75","C1442903"
"25109","6392","2","3","2","48","170","50","119","444","556","C1442903"
"25110","10522","2","3","12","19","221","197","259","236","422","C1442903"
"25111","29760","2","5","7","53","14","20","25","40","186","C1442903"
"25112","8516","2","5","7","53","51","342","454","573","492","C1442988"
"25113","51604","2","3","2","61","77","142","176","235","317","C1442988"
"25114","4193","2","3","12","19","31","1","116","89","605","C1442988"
"25115","3553","2","5","7","53","51","119","25","489","416","C1442988"
"25116","3752","2","5","8","63","36","166","106","110","158","C1442988"
"25117","4221","2","3","12","19","31","342","454","573","492","C1442988"
"25118","2353","2","3","12","19","31","1","91","489","416","C1442988"
"25119","7439","2","5","8","63","45","23","34","464","187","C1442988"
"25120","53834","2","5","7","53","51","342","454","573","492","C1442988"
"25121","2896","2","5","7","34","52","216","395","549","674","C1442988"
"25122","7421","2","3","3","19","151","276","91","433","118","C1442988"
"25123","207","2","3","7","53","14","20","34","489","416","C1442988"
"25124","3764","2","5","8","63","36","166","106","110","158","C1442988"
"25125","23746","2","3","12","41","83","101","126","271","356","C1442988"
"25126","2178","2","3","12","19","31","261","116","1","86","C1445953"
"25127","7555","2","3","2","110","85","237","433","547","671","C1445953"
"25128","7167","2","3","2","90","167","266","367","500","577","C1445953"
"25129","2736","2","3","12","41","116","321","428","54","667","C1445953"
"25130","701","2","3","12","76","153","40","38","54","75","C1445953"
"25131","5589","2","5","7","53","51","342","454","573","492","C1445953"
"25132","2629","2","3","5","80","81","250","291","152","420","C1445953"
"25133","2194","2","3","2","41","219","64","347","2","561","C1445953"
"25134","26191","2","5","7","53","14","20","25","40","186","C1445953"
"25135","213","2","5","7","53","51","342","454","573","492","C1445953"
"25136","25794","2","5","6","11","142","225","142","220","673","C1445953"
"25137","8626","2","3","3","19","221","321","428","541","667","C1445953"
"25138","6927","2","3","3","19","221","321","428","541","667","C1446712"
"25139","4005","2","3","12","19","31","1","426","55","78","C1446712"
"25140","5961","2","5","7","27","51","326","126","414","702","C1446712"
"25141","56652","2","3","3","19","151","276","91","433","118","C1446712"
"25142","4338","2","3","2","110","85","75","204","267","352","C1446712"
"25143","8820","2","3","3","19","221","321","428","541","667","C1446712"
"25144","2641","2","5","4","68","96","326","427","548","672","C1446712"
"25145","6335","2","5","8","63","36","166","341","390","158","C1446712"
"25146","7518","2","3","12","19","31","261","116","1","86","C1446712"
"25147","2176","2","3","12","19","31","261","116","1","86","C1446712"
"25148","3736","2","5","8","63","36","166","106","110","158","C1449843"
"25149","3176","2","3","2","19","31","1","426","55","78","C1449843"
"25150","55135","2","3","12","76","137","76","136","472","435","C1449843"
"25151","22995","2","3","12","76","153","40","38","54","75","C1449861"
"25152","3630","2","5","7","53","14","20","25","40","186","C1449861"
"25153","2516","2","3","3","19","151","276","91","433","118","C1449861"
"25154","4337","2","3","2","80","91","75","204","267","352","C1449861"
"25155","7474","2","5","3","68","221","184","259","544","669","C1449861"
"25156","54463","2","3","2","48","57","110","141","359","462","C1449861"
"25157","3172","2","3","3","19","151","276","91","433","118","C1449861"
"25158","5156","2","5","7","53","14","20","25","40","186","C1449861"
"25159","11277","2","3","12","19","31","261","116","1","86","C1449861"
"25160","64778","2","5","7","53","51","335","444","560","373","C1449861"
"25161","9150","2","3","12","19","31","261","116","159","211","C1449861"
"25162","5327","2","5","7","53","51","342","454","573","492","C1449861"
"25163","8820","2","3","3","19","221","321","428","541","667","C1449861"
"25164","5167","2","3","5","32","93","163","207","303","126","C1449861"
"25165","6608","2","3","3","68","221","321","428","560","667","C1449861"
"25166","8622","2","3","4","68","96","326","427","548","672","C1449861"
"25167","4358","2","3","5","43","161","305","409","208","482","C1449861"
"25168","26154","2","3","5","47","144","185","238","310","392","C1449861"
"25169","3835","2","3","12","76","153","40","38","54","75","C1449861"
"25170","55869","2","3","12","19","153","40","38","54","75","C1449861"
"25171","2623","2","3","12","19","31","1","155","287","116","C1449861"
"25172","324","2","3","12","41","219","197","70","255","422","C1449861"
"25173","9101","2","3","12","41","219","339","156","568","605","C1450010"
"25174","55624","2","3","2","78","123","194","255","215","412","C1450010"
"25175","5116","2","3","12","76","153","40","38","54","75","C1450010"
"25176","7353","2","3","12","41","219","339","156","568","605","C1450010"
"25177","25974","2","3","7","48","51","105","139","186","245","C1450010"
"25178","2178","2","3","12","19","31","261","116","1","86","C1450010"
"25179","10195","2","3","2","48","69","99","162","216","290","C1450010"
"25180","2571","2","3","2","67","142","71","152","197","219","C1450010"
"25181","51134","2","3","12","76","153","40","38","54","75","C1450010"
"25182","51816","2","5","7","34","52","216","395","549","674","C1450010"
"25183","2706","2","3","12","76","153","40","38","54","75","C1450010"
"25184","5468","2","3","3","19","151","276","91","433","118","C1450010"
"25185","10060","2","3","8","41","45","23","423","464","445","C1450010"
"25186","10516","2","5","7","53","51","342","454","573","492","C1450010"
"25187","4784","2","3","2","22","33","261","116","159","211","C1450010"
"25188","6748","2","3","2","110","85","237","433","547","671","C1450010"
"25189","1947","2","5","7","53","51","20","25","560","373","C1450010"
"25190","25953","2","3","2","67","92","293","137","75","664","C1450010"
"25191","26608","2","3","2","22","170","50","119","463","153","C1450010"
"25192","3172","2","3","3","19","151","276","91","433","118","C1450010"
"25193","4129","2","3","5","63","63","120","197","203","350","C1455734"
"25194","6775","2","5","7","53","14","119","25","40","186","C1455734"
"25195","1641","2","5","7","60","221","321","428","560","373","C1456240"
"25196","4784","2","3","2","22","33","261","116","159","211","C1456240"
"25197","5309","2","3","3","19","221","321","428","541","667","C1456240"
"25198","6016","2","5","7","60","54","24","30","46","72","C1456240"
"25199","3240","2","5","7","34","52","216","395","549","674","C1456784"
"25200","257","2","3","3","19","221","321","428","541","667","C1456784"
"25201","2778","2","5","4","68","96","326","427","548","672","C1456784"
"25202","5908","2","5","7","34","52","216","30","46","72","C1456784"
"25203","3106","2","5","7","34","52","119","395","549","674","C1456784"
"25204","1947","2","5","7","53","51","20","25","560","373","C1456784"
"25205","23203","2","3","5","80","81","50","304","167","593","C1456784"
"25206","1280","2","5","7","53","51","342","454","573","492","C1456784"
"25207","1291","2","5","7","53","51","342","454","573","492","C1456784"
"25208","2147","2","5","7","68","51","342","454","573","492","C1456784"
"25209","5979","2","5","7","53","14","20","25","40","186","C1456784"
"25210","5189","2","3","5","43","161","305","409","208","482","C1456784"
"25211","3195","2","3","3","19","221","321","428","541","667","C1456784"
"25212","4683","2","3","12","19","31","261","116","1","86","C1456784"
"25213","2778","2","5","4","68","96","326","427","548","672","C1456784"
"25214","7253","2","5","4","68","96","326","427","548","672","C1456784"
"25215","4001","2","3","12","76","31","40","38","54","75","C1456784"
"25216","55135","2","3","12","76","137","76","136","472","435","C1456784"
"25217","5327","2","5","7","53","51","342","454","573","492","C1456784"
"25218","2099","2","3","12","19","151","276","91","433","118","C1456784"
"25219","2248","2","5","7","53","14","20","25","40","186","C1456865"
"25220","3257","2","5","7","60","54","24","30","46","72","C1456865"
"25221","5745","2","5","4","68","96","326","427","548","672","C1456865"
"25222","5828","2","3","5","43","161","305","409","208","482","C1456865"
"25223","6229","2","3","2","110","85","237","433","547","671","C1504382"
"25224","1029","2","3","12","19","31","1","116","1","664","C1504382"
"25225","2296","2","3","3","19","221","321","428","541","667","C1504405"
"25226","472","2","3","12","19","31","261","116","1","86","C1504405"
"25227","7421","2","3","3","19","151","276","91","433","118","C1507149"
"25228","2782","2","5","4","68","96","326","427","548","672","C1507149"
"25229","4694","2","3","2","48","170","50","119","444","556","C1507149"
"25230","6121","2","3","2","69","83","101","126","170","224","C1507149"
"25231","7476","2","5","3","68","221","197","259","560","422","C1507149"
"25232","2263","2","5","7","53","14","20","25","40","186","C1507149"
"25233","3981","2","3","12","19","31","261","116","1","86","C1507149"
"25234","1594","2","3","5","92","163","96","363","460","487","C1507149"
"25235","11186","2","5","7","60","54","24","30","46","72","C1510431"
"25236","26154","2","3","5","47","144","185","238","310","392","C1510431"
"25237","2138","2","3","12","19","31","1","426","55","78","C1510455"
"25238","1475","2","1","6","11","142","225","142","220","298","C1510455"
"25239","10555","2","3","7","34","52","216","395","549","622","C1510502"
"25240","5663","2","5","7","34","52","216","395","549","667","C1510502"
"25241","7043","2","5","7","53","51","342","454","573","492","C1512419"
"25242","5649","2","5","7","53","51","342","444","560","373","C1512419"
"25243","1836","2","3","2","35","41","94","260","330","375","C1512419"
"25244","4683","2","3","12","19","31","261","116","1","86","C1512419"
"25245","6905","2","3","12","76","153","40","38","54","75","C1512419"
"25246","1144","2","5","8","27","70","99","162","216","290","C1512419"
"25247","4690","2","5","7","60","14","20","25","40","215","C1512419"
"25248","11277","2","3","12","19","31","261","116","1","86","C1512419"
"25249","673","2","5","7","53","14","20","34","540","68","C1512419"
"25250","4668","2","3","5","21","111","188","242","313","396","C1512419"
"25251","1836","2","3","2","35","41","94","260","330","375","C1512419"
"25252","9782","2","3","2","22","33","323","66","101","136","C1512419"
"25253","6654","2","5","7","60","54","24","30","46","72","C1519176"
"25254","7737","2","3","12","22","33","268","434","468","213","C1519176"
"25255","55636","2","3","3","19","221","321","428","423","389","C1527249"
"25256","7456","2","5","7","60","14","20","25","40","215","C1527249"
"25257","6928","2","3","3","19","221","321","428","541","667","C1527249"
"25258","3549","2","5","3","53","51","197","259","560","422","C1527249"
"25259","6892","2","3","12","41","116","119","156","568","116","C1527249"
"25260","3209","2","3","3","19","221","321","428","541","667","C1527249"
"25261","5728","2","3","5","80","81","339","156","568","605","C1527249"
"25262","860","2","3","12","19","31","276","91","433","118","C1527249"
"25263","29954","2","5","2","27","206","324","430","215","290","C1527304"
"25264","23529","2","5","7","53","51","119","25","40","416","C1527304"
"25265","2022","2","5","7","53","51","342","259","423","389","C1527311"
"25266","2629","2","3","5","80","81","250","291","152","420","C1527311"
"25267","9150","2","3","12","19","31","261","116","159","211","C1527311"
"25268","207","2","3","7","53","14","20","34","489","416","C1527311"
"25269","25974","2","3","7","48","51","105","139","186","245","C1527311"
"25270","6342","2","3","5","80","161","305","409","208","482","C1527311"
"25271","2969","2","3","12","19","31","276","91","433","118","C1527311"
"25272","10008","2","5","8","63","36","166","341","223","158","C1527311"
"25273","4851","2","3","12","19","221","143","428","236","667","C1527311"
"25274","7157","2","3","12","19","31","261","402","489","551","C1527311"
"25275","64135","2","3","12","41","219","339","156","568","605","C1527311"
"25276","53834","2","5","7","53","51","342","454","573","492","C1527311"
"25277","2492","2","5","4","68","96","326","427","548","672","C1527311"
"25278","5264","2","3","5","43","161","305","409","208","482","C1527311"
"25279","26128","2","3","12","76","153","40","38","54","154","C1527311"
"25280","3123","2","5","7","53","51","119","156","287","116","C1527311"
"25281","55670","2","3","5","43","161","305","409","208","482","C1527311"
"25282","1893","2","5","7","53","51","342","454","573","702","C1527311"
"25283","54982","2","3","2","48","170","50","399","167","593","C1527311"
"25284","1758","2","5","7","53","51","342","454","573","492","C1527311"
"25285","11315","2","3","2","48","170","50","399","201","229","C1527311"
"25286","50964","2","5","3","68","221","197","259","423","422","C1527311"
"25287","1788","2","3","12","19","31","1","426","55","78","C1527311"
"25288","7072","2","3","2","22","33","323","66","101","136","C1527311"
"25289","8195","2","3","12","76","153","76","38","54","75","C1527311"
"25290","2956","2","3","12","19","31","261","116","1","86","C1527311"
"25291","9049","2","3","3","41","151","276","378","271","356","C1527311"
"25292","2064","2","5","7","53","14","20","25","40","186","C1527311"
"25293","11232","2","3","3","19","151","276","91","433","118","C1527311"
"25294","3991","2","3","5","80","81","166","57","83","658","C1527311"
"25295","7422","2","5","7","53","51","342","454","573","702","C1527311"
"25296","10815","2","5","7","60","36","71","341","223","666","C1527311"
"25297","6121","2","3","2","69","83","101","126","170","224","C1527336"
"25298","54880","2","3","12","19","31","1","426","55","78","C1527336"
"25299","5158","2","3","4","68","45","272","259","518","621","C1527336"
"25300","26005","2","3","12","76","153","40","38","54","75","C1527336"
"25301","54820","2","3","12","76","153","40","38","54","75","C1527336"
"25302","50485","2","3","12","19","31","261","116","1","86","C1527336"
"25303","2074","2","3","12","19","31","1","426","55","78","C1527336"
"25304","7015","2","3","12","19","31","1","426","55","78","C1527336"
"25305","1462","2","5","7","53","51","342","454","573","492","C1527336"
"25306","356","2","5","7","53","219","339","25","489","697","C1527336"
"25307","2693","2","5","4","68","96","326","427","548","672","C1527336"
"25308","26146","2","3","12","76","153","40","38","54","75","C1527336"
"25309","2290","2","3","3","19","221","321","428","541","667","C1527344"
"25310","3949","2","5","7","60","14","184","341","544","669","C1527344"
"25311","3852","2","1","6","11","142","225","142","220","298","C1527344"
"25312","1311","2","5","7","53","51","342","454","573","492","C1527344"
"25313","2628","2","3","8","45","94","199","240","415","666","C1527344"
"25314","567","2","5","7","34","52","119","395","549","674","C1527344"
"25315","55704","2","3","12","76","153","40","38","54","75","C1527344"
"25316","29954","2","5","2","27","206","324","430","215","290","C1527348"
"25317","10749","2","3","7","76","153","40","38","54","75","C1527348"
"25318","51082","2","3","2","19","31","1","426","55","78","C1527366"
"25319","6335","2","5","8","63","36","166","341","390","158","C1527366"
"25320","10117","2","5","7","53","51","342","454","573","492","C1527388"
"25321","695","2","5","7","53","14","20","25","40","186","C1527388"
"25322","1280","2","5","7","53","51","342","454","573","492","C1527388"
"25323","10743","2","3","3","19","151","276","91","433","118","C1527388"
"25324","9420","2","3","5","79","159","256","215","282","366","C1527405"
"25325","8878","2","3","12","41","219","339","156","568","697","C1527405"
"25326","9187","2","5","8","45","94","199","240","415","666","C1527405"
"25327","4854","2","5","7","53","51","143","428","236","667","C1527405"
"25328","3889","2","1","6","11","142","225","142","220","298","C1527405"
"25329","1278","2","5","7","53","51","342","454","573","492","C1527405"
"25330","182","2","5","7","53","51","143","428","236","667","C1527405"
"25331","6575","2","3","8","45","94","199","240","415","666","C1527405"
"25332","4638","2","5","7","53","45","23","103","464","187","C1531773"
"25333","4948","2","5","8","63","45","23","250","464","187","C1531773"
"25334","1497","2","5","2","63","182","50","103","297","628","C1533041"
"25335","22995","2","3","12","76","153","40","38","54","75","C1533041"
"25336","846","2","5","4","68","96","326","427","548","672","C1536451"
"25337","7124","2","3","12","41","219","339","156","568","697","C1536451"
"25338","538","2","3","8","63","45","23","103","464","187","C1540912"
"25339","1063","2","3","12","76","153","40","38","54","75","C1540912"
"25340","3293","2","3","2","69","83","169","94","133","70","C1542327"
"25341","7050","2","3","12","19","31","321","428","541","667","C1542327"
"25342","1029","2","3","12","19","31","1","116","1","664","C1560305"
"25343","6571","2","3","8","60","36","71","341","223","624","C1560305"
"25344","1378","2","5","7","34","52","216","395","549","674","C1561643"
"25345","3239","2","3","3","19","221","321","428","541","667","C1561643"
"25346","2317","2","5","7","63","45","23","103","287","664","C1561643"
"25347","5781","2","5","7","53","14","20","25","40","186","C1561643"
"25348","6135","2","3","2","110","85","237","433","547","671","C1561643"
"25349","324","2","3","12","41","219","197","70","255","422","C1561643"
"25350","3329","2","3","2","48","170","50","304","167","593","C1561643"
"25351","2318","2","5","7","53","45","23","103","464","187","C1561643"
"25352","5982","2","3","12","19","31","261","116","1","86","C1561643"
"25353","5205","2","3","8","63","45","23","103","464","619","C1561643"
"25354","467","2","3","12","19","31","276","91","433","118","C1561643"
"25355","79042","2","3","12","22","33","323","66","101","664","C1561643"
"25356","10483","2","3","7","60","54","24","30","46","72","C1561643"
"25357","8195","2","3","12","76","153","76","38","54","75","C1562761"
"25358","9652","2","3","2","110","85","237","433","547","671","C1562761"
"25359","5566","2","3","12","76","14","20","34","540","75","C1562894"
"25360","2697","2","3","7","76","153","40","38","54","75","C1563715"
"25361","54982","2","3","2","48","170","50","399","167","593","C1563715"
"25362","5122","2","5","4","27","36","184","141","359","411","C1563720"
"25363","1832","2","5","7","34","52","225","142","220","298","C1563720"
"25364","56652","2","3","3","19","151","276","91","433","118","C1563720"
"25365","3090","2","3","12","19","31","1","426","55","664","C1563720"
"25366","3115","2","5","7","53","184","119","156","287","116","C1563720"
"25367","2263","2","5","7","53","14","20","25","40","186","C1563720"
"25368","4247","2","3","2","68","67","320","98","180","279","C1563720"
"25369","1301","2","5","7","53","51","342","454","573","492","C1563720"
"25370","5443","2","5","4","68","96","326","427","548","672","C1563720"
"25371","1736","2","3","2","110","85","237","433","547","671","C1563720"
"25372","4583","2","3","3","89","206","324","430","429","544","C1563720"
"25373","1021","2","3","12","19","31","1","426","55","78","C1563720"
"25374","3329","2","3","2","48","170","50","304","167","593","C1563720"
"25375","3339","2","5","7","53","51","342","454","573","492","C1563720"
"25376","6473","2","3","3","19","221","321","428","541","667","C1563720"
"25377","8398","2","3","5","116","183","40","38","352","455","C1563720"
"25378","4157","2","5","4","68","96","326","427","548","672","C1563720"
"25379","4143","2","3","5","80","81","105","426","129","2","C1563720"
"25380","9244","2","5","7","53","51","119","25","40","416","C1567435"
"25381","3674","2","5","7","53","51","342","454","573","492","C1567435"
"25382","2162","2","5","7","53","51","342","454","573","702","C1567435"
"25383","7317","2","3","12","41","116","268","434","468","213","C1567435"
"25384","10939","2","3","2","48","170","50","119","444","593","C1567435"
"25385","3481","2","5","7","53","51","342","454","573","492","C1567435"
"25386","4054","2","5","7","53","51","342","454","573","492","C1567435"
"25387","3852","2","1","6","11","142","225","142","220","298","C1567435"
"25388","7039","2","3","12","19","31","1","426","55","203","C1567435"
"25389","6875","2","3","12","19","31","261","116","159","211","C1567435"
"25390","3691","2","5","7","53","51","342","454","573","492","C1567435"
"25391","80324","2","3","2","110","85","152","129","252","154","C1567435"
"25392","9215","2","5","2","27","36","150","430","215","628","C1567435"
"25393","2488","2","5","4","68","96","326","427","548","672","C1567435"
"25394","2912","2","5","4","68","96","326","427","548","672","C1567435"
"25395","5116","2","3","12","76","153","40","38","54","75","C1567435"
"25396","6399","2","5","7","60","54","24","30","46","72","C1567435"
"25397","5015","2","3","3","19","221","321","428","541","667","C1567435"
"25398","7476","2","5","3","68","221","197","259","560","422","C1567743"
"25399","4692","2","5","7","53","51","119","402","489","416","C1567743"
"25400","5173","2","5","4","68","96","326","427","548","672","C1567744"
"25401","5154","2","5","7","53","51","342","454","573","186","C1567744"
"25402","7456","2","5","7","60","14","20","25","40","215","C1568247"
"25403","5993","2","3","12","19","31","1","426","55","78","C1568247"
"25404","356","2","5","7","53","219","339","25","489","697","C1568247"
"25405","6314","2","3","12","19","31","1","426","568","78","C1568247"
"25406","3758","2","5","8","63","36","166","106","110","158","C1568247"
"25407","255520","2","5","7","60","14","20","25","40","72","C1568247"
"25408","1340","2","3","2","48","170","50","141","359","462","C1568248"
"25409","6772","2","3","12","53","184","119","156","287","116","C1568248"
"25410","9569","2","3","12","19","31","276","91","433","118","C1568249"
"25411","55505","2","3","2","110","85","237","433","547","671","C1568249"
"25412","9997","2","3","2","48","170","50","119","444","556","C1568249"
"25413","2697","2","3","7","76","153","40","38","54","75","C1568249"
"25414","5979","2","5","7","53","14","20","25","40","186","C1568249"
"25415","9197","2","3","2","67","92","293","55","75","311","C1608393"
"25416","2584","2","3","2","72","117","196","257","326","46","C1608393"
"25417","28952","2","3","12","41","116","268","434","468","213","C1608410"
"25418","51601","2","3","2","67","92","293","55","75","311","C1608410"
"25419","3815","2","5","7","53","14","20","25","40","186","C1608410"
"25420","950","2","5","7","60","14","184","341","544","669","C1609433"
"25421","51715","2","5","7","60","54","24","30","46","72","C1609433"
"25422","5602","2","3","12","19","14","150","34","540","68","C1609433"
"25423","9990","2","5","8","45","94","199","240","415","666","C1609433"
"25424","5624","2","5","7","53","51","342","454","573","492","C1609433"
"25425","51199","2","3","12","76","153","40","38","54","75","C1609528"
"25426","4724","2","3","2","48","170","50","119","444","556","C1609528"
"25427","4128","2","3","5","80","81","119","402","489","416","C1609528"
"25428","4322","2","5","7","53","51","342","454","573","492","C1610065"
"25429","1277","2","5","7","53","51","342","454","573","492","C1610065"
"25430","421","2","5","7","42","51","335","444","560","373","C1610065"
"25431","673","2","5","7","53","14","20","34","540","68","C1610065"
"25432","2208","2","5","7","53","51","119","25","489","416","C1611184"
"25433","4313","2","5","7","53","51","342","454","573","492","C1611184"
"25434","4023","2","3","5","24","51","342","91","20","27","C1611184"
"25435","25978","2","3","2","48","57","110","141","359","462","C1619692"
"25436","5742","2","3","5","91","175","134","167","224","301","C1619692"
"25437","2492","2","5","4","68","96","326","427","548","672","C1619692"
"25438","2324","2","5","7","53","14","20","25","40","186","C1619700"
"25439","4983","2","5","7","60","54","24","30","46","72","C1619700"
"25440","5830","2","3","5","43","161","305","409","208","482","C1619700"
"25441","7140","2","5","8","63","45","23","103","464","187","C1619700"
"25442","5626","2","3","3","19","221","321","428","541","667","C1619700"
"25443","127534","2","3","12","76","153","40","38","54","75","C1619700"
"25444","6772","2","3","12","53","184","119","156","287","116","C1619700"
"25445","6311","2","3","2","22","33","323","66","362","468","C1619700"
"25446","226","2","5","7","34","52","216","395","549","702","C1619700"
"25447","4047","2","3","3","19","151","276","91","433","118","C1619700"
"25448","4692","2","5","7","53","51","119","402","489","416","C1619700"
"25449","22995","2","3","12","76","153","40","38","54","75","C1619700"
"25450","4842","2","3","5","63","45","71","177","464","219","C1619700"
"25451","2153","2","5","7","53","51","342","454","573","492","C1619700"
"25452","7043","2","5","7","53","51","342","454","573","492","C1619700"
"25453","1281","2","5","7","53","51","342","454","573","492","C1619700"
"25454","1954","2","5","7","53","51","342","454","573","492","C1619700"
"25455","3594","2","5","7","53","51","119","25","560","373","C1619700"
"25456","54101","2","3","2","48","170","50","347","167","593","C1619700"
"25457","2717","2","3","7","34","52","216","395","549","674","C1619700"
"25458","2157","2","5","7","53","51","342","454","573","702","C1619700"
"25459","3816","2","5","7","53","51","342","454","573","492","C1619700"
"25460","7157","2","3","12","19","31","261","402","489","551","C1619700"
"25461","9394","2","3","2","74","58","112","148","193","263","C1619700"
"25462","5192","2","3","5","43","161","305","409","208","482","C1619711"
"25463","974","2","5","7","53","51","119","395","549","674","C1619711"
"25464","6261","2","5","8","63","45","23","34","464","187","C1621895"
"25465","4352","2","5","7","53","14","20","25","40","186","C1621895"
"25466","546","2","3","12","19","31","261","426","1","86","C1621895"
"25467","1908","2","5","4","68","96","326","427","548","672","C1621895"
"25468","4222","2","3","3","19","221","321","428","541","667","C1621895"
"25469","23426","2","5","7","42","36","71","177","223","219","C1621895"
"25470","7132","2","3","12","41","219","339","156","568","697","C1621895"
"25471","6314","2","3","12","19","31","1","426","568","78","C1621895"
"25472","55172","2","5","7","27","36","150","341","223","628","C1621895"
"25473","51204","2","3","2","48","170","50","119","444","556","C1621895"
"25474","778","2","5","8","63","36","166","341","223","158","C1621895"
"25475","958","2","5","7","53","51","119","156","568","697","C1621895"
"25476","9187","2","5","8","45","94","199","240","415","666","C1621895"
"25477","9414","2","5","7","42","36","71","177","223","219","C1621920"
"25478","3914","2","5","7","53","51","342","454","573","492","C1621920"
"25479","7249","2","3","7","60","57","110","141","359","462","C1621920"
"25480","9897","2","3","12","76","18","75","38","1","212","C1621920"
"25481","25836","2","3","12","76","153","40","38","54","75","C1631597"
"25482","3110","2","3","3","19","221","321","428","541","667","C1631597"
"25483","3908","2","5","7","53","51","342","454","573","492","C1631597"
"25484","8818","2","3","2","61","77","142","176","280","363","C1631597"
"25485","5727","2","3","12","68","221","197","259","560","422","C1631597"
"25486","2033","2","3","12","19","31","1","91","433","118","C1631597"
"25487","6567","2","5","8","35","41","77","40","57","80","C1631597"
"25488","860","2","3","12","19","31","276","91","433","118","C1654921"
"25489","26137","2","5","7","63","45","184","103","572","658","C1654921"
"25490","1188","2","5","8","63","45","23","34","464","187","C1654921"
"25491","4952","2","3","5","60","54","184","30","544","669","C1654921"
"25492","3700","2","5","7","53","51","342","454","573","702","C1654921"
"25493","22943","2","5","3","68","221","197","259","560","422","C1656427"
"25494","2214","2","5","7","53","51","119","395","549","674","C1656427"
"25495","3265","2","5","7","60","54","24","30","46","72","C1656427"
"25496","3481","2","5","7","53","51","342","454","573","492","C1691228"
"25497","8036","2","5","7","60","54","296","399","359","658","C1691228"
"25498","7157","2","3","12","19","31","261","402","489","551","C1691228"
"25499","11277","2","3","12","19","31","261","116","1","86","C1691228"
"25500","3717","2","5","7","53","14","20","25","40","186","C1691228"
"25501","1756","2","5","8","63","45","23","103","464","187","C1691228"
"25502","8517","2","3","12","41","219","339","156","568","697","C1695776"
"25503","5578","2","5","7","53","14","20","34","540","621","C1695776"
"25504","9569","2","3","12","19","31","276","91","433","118","C1695776"
"25505","6253","2","5","4","27","36","326","402","489","187","C1695776"
"25506","861","2","3","12","19","31","1","426","55","78","C1696466"
"25507","7039","2","3","12","19","31","1","426","55","203","C1696466"
"25508","8200","2","5","7","53","51","342","259","423","389","C1697450"
"25509","1497","2","5","2","63","182","50","103","297","628","C1697450"
"25510","7421","2","3","3","19","151","276","91","433","118","C1697450"
"25511","5295","2","5","7","53","14","20","25","40","186","C1697453"
"25512","1412","2","5","6","11","142","225","243","177","673","C1697453"
"25513","8871","2","3","5","80","14","184","341","544","669","C1697453"
"25514","4547","2","5","7","53","51","342","454","573","492","C1697453"
"25515","8822","2","5","7","53","14","20","25","40","186","C1697453"
"25516","1289","2","5","7","53","51","342","454","573","492","C1697453"
"25517","2263","2","5","7","53","14","20","25","40","186","C1697453"
"25518","9897","2","3","12","76","18","75","38","1","212","C1697453"
"25519","1545","2","3","5","91","175","271","372","443","558","C1698196"
"25520","1387","2","3","12","19","31","276","91","433","118","C1698196"
"25521","3119","2","5","7","53","153","119","156","287","116","C1698196"
"25522","5048","2","3","12","76","153","40","38","54","75","C1698196"
"25523","5727","2","3","12","68","221","197","259","560","422","C1698196"
"25524","51259","2","3","2","76","153","40","38","54","75","C1698196"
"25525","2719","2","5","7","53","51","342","454","573","492","C1704317"
"25526","5818","2","5","7","53","51","335","444","560","373","C1704317"
"25527","4359","2","5","7","53","51","342","454","573","492","C1704317"
"25528","2263","2","5","7","53","14","20","25","40","186","C1704317"
"25529","2775","2","5","4","68","36","150","341","223","628","C1704317"
"25530","585","2","3","12","76","153","40","38","54","75","C1704317"
"25531","6197","2","3","12","19","14","20","34","540","68","C1704317"
"25532","5130","2","3","2","85","143","286","51","488","102","C1704317"
"25533","29929","2","3","2","48","69","99","162","216","290","C1704317"
"25534","54463","2","3","2","48","57","110","141","359","462","C1704317"
"25535","5080","2","3","3","19","221","321","428","541","667","C1704317"
"25536","6718","2","3","2","46","136","227","168","225","490","C1704317"
"25537","3549","2","5","3","53","51","197","259","560","422","C1704317"
"25538","8626","2","3","3","19","221","321","428","541","667","C1704317"
"25539","4724","2","3","2","48","170","50","119","444","556","C1704317"
"25540","23395","2","3","2","110","85","67","76","252","154","C1704317"
"25541","1387","2","3","12","19","31","276","91","433","118","C1704317"
"25542","10733","2","3","12","76","153","40","38","54","75","C1704317"
"25543","8292","2","5","5","27","51","342","454","573","492","C1704317"
"25544","55636","2","3","3","19","221","321","428","423","389","C1704375"
"25545","29954","2","5","2","27","206","324","430","215","290","C1704375"
"25546","51527","2","3","7","60","58","112","148","362","263","C1704375"
"25547","5568","2","3","12","53","14","20","34","540","68","C1704375"
"25548","5604","2","5","7","53","14","20","34","540","68","C1704375"
"25549","1896","2","5","12","41","219","339","156","568","697","C1704375"
"25550","212","2","3","2","67","92","293","55","487","116","C1704375"
"25551","4297","2","3","12","19","31","1","426","55","78","C1704375"
"25552","5080","2","3","3","19","221","321","428","541","667","C1704375"
"25553","50506","2","3","2","36","48","89","110","400","341","C1704375"
"25554","1736","2","3","2","110","85","237","433","547","671","C1704375"
"25555","4072","2","5","7","53","51","119","454","573","492","C1704380"
"25556","5654","2","5","7","53","51","342","454","573","492","C1704380"
"25557","5015","2","3","3","19","221","321","428","541","667","C1704380"
"25558","1141","2","5","8","27","70","99","162","216","290","C1704423"
"25559","5447","2","3","5","91","214","271","372","471","586","C1704423"
"25560","1594","2","3","5","92","163","96","363","460","487","C1704423"
"25561","2316","2","5","7","53","51","342","454","573","702","C1704429"
"25562","4790","2","3","7","34","52","216","166","129","697","C1704429"
"25563","2006","2","5","7","53","51","342","454","573","492","C1704436"
"25564","26277","2","3","12","19","31","1","426","1","78","C1704436"
"25565","5447","2","3","5","91","214","271","372","471","586","C1704436"
"25566","9321","2","3","12","76","153","40","38","54","203","C1706004"
"25567","7461","2","3","7","60","153","40","38","93","75","C1706004"
"25568","1312","2","3","2","87","79","105","426","129","25","C1707291"
"25569","7849","2","3","3","19","221","321","428","541","667","C1707291"
"25570","6338","2","5","8","63","45","23","34","464","187","C1708349"
"25571","164656","2","5","7","53","51","342","454","573","492","C1708349"
"25572","5568","2","3","12","53","14","20","34","540","68","C1708349"
"25573","3691","2","5","7","53","51","342","454","573","492","C1708371"
"25574","54","2","3","5","80","81","178","195","256","342","C1708371"
"25575","5277","2","3","2","61","77","142","176","235","317","C1708604"
"25576","1289","2","5","7","53","51","342","454","573","492","C1708604"
"25577","4287","2","3","12","41","116","268","434","468","215","C1708604"
"25578","4629","2","5","8","63","45","23","103","464","187","C1710096"
"25579","4204","2","3","12","19","31","1","426","55","78","C1710096"
"25580","5518","2","3","12","76","153","40","38","54","435","C1720037"
"25581","4041","2","5","3","68","221","197","259","560","422","C1720037"
"25582","23400","2","5","8","63","45","23","103","464","187","C1720037"
"25583","4221","2","3","12","19","31","342","454","573","492","C1720037"
"25584","6888","2","3","2","90","167","266","367","500","577","C1720037"
"25585","54453","2","5","7","60","54","24","30","46","72","C1720037"
"25586","3690","2","5","7","53","51","342","454","573","492","C1720189"
"25587","6329","2","5","8","63","36","166","341","390","158","C1720189"
"25588","9343","2","3","2","22","33","323","66","101","136","C1720189"
"25589","3559","2","5","7","53","14","20","25","40","186","C1720189"
"25590","1954","2","5","7","53","51","342","454","573","492","C1720189"
"25591","9364","2","5","7","60","54","24","30","46","72","C1720189"
"25592","8792","2","3","12","41","219","339","156","568","697","C1720189"
"25593","1184","2","5","8","63","45","23","34","464","187","C1720189"
"25594","3309","2","3","12","41","219","342","347","271","702","C1720771"
"25595","6712","2","5","7","60","153","40","341","223","203","C1720771"
"25596","7442","2","5","8","63","45","193","306","390","158","C1720771"
"25597","6926","2","5","7","53","51","335","259","560","373","C1720771"
"25598","355","2","3","7","41","219","339","156","568","697","C1720771"
"25599","5333","2","3","5","18","16","40","417","103","58","C1720771"
"25600","2778","2","5","4","68","96","326","427","548","672","C1720771"
"25601","4552","2","3","7","48","81","105","139","186","245","C1720771"
"25602","5897","2","3","12","41","116","268","141","568","605","C1720821"
"25603","25953","2","3","2","67","92","293","137","75","664","C1720821"
"25604","23171","2","3","5","116","183","295","398","552","622","C1720887"
"25605","4338","2","3","2","110","85","75","204","267","352","C1720887"
"25606","4843","2","3","5","43","161","305","409","489","416","C1720887"
"25607","55651","2","3","2","110","85","237","433","547","671","C1720887"
"25608","7291","2","3","12","19","151","276","91","489","416","C1720887"
"25609","6709","2","5","7","34","52","216","395","572","158","C1720887"
"25610","5307","2","3","3","19","221","321","428","541","667","C1720887"
"25611","2255","2","5","7","53","14","20","25","40","186","C1720887"
"25612","4255","2","3","12","19","31","261","116","1","86","C1720887"
"25613","4536","2","3","2","48","170","50","119","444","556","C1720887"
"25614","55109","2","5","7","42","81","184","118","543","214","C1720887"
"25615","1758","2","5","7","53","51","342","454","573","492","C1720887"
"25616","5264","2","3","5","43","161","305","409","208","482","C1720887"
"25617","8842","2","5","5","53","82","147","184","179","328","C1720887"
"25618","10262","2","3","2","22","33","323","66","101","136","C1720887"
"25619","7401","2","5","7","60","83","101","126","170","224","C1720887"
"25620","5660","2","5","7","34","52","326","427","548","702","C1720887"
"25621","2628","2","3","8","45","94","199","240","415","666","C1720887"
"25622","673","2","5","7","53","14","20","34","540","68","C1720965"
"25623","10225","2","5","7","53","51","119","395","549","674","C1720965"
"25624","1759","2","5","7","60","14","184","341","544","669","C1721005"
"25625","8302","2","5","7","53","51","119","395","549","674","C1721005"
"25626","925","2","5","7","53","51","119","395","549","674","C1721006"
"25627","1027","2","3","12","19","31","1","116","1","86","C1721006"
"25628","2120","2","3","12","19","31","193","306","148","624","C1721006"
"25629","2562","2","5","8","27","70","99","162","216","290","C1735901"
"25630","6223","2","3","2","110","85","237","433","547","671","C1735901"
"25631","5832","2","3","2","101","62","189","182","509","252","C1737260"
"25632","9973","2","3","5","80","81","110","378","173","229","C1737260"
"25633","23299","2","3","12","76","153","40","38","54","75","C1740801"
"25634","8139","2","3","12","41","116","268","434","468","213","C1740801"
"25635","1080","2","3","12","41","219","339","156","544","669","C1740801"
"25636","6647","2","3","2","95","2","342","378","173","702","C1740801"
"25637","2627","2","3","12","19","31","118","155","287","116","C1740801"
"25638","3295","2","3","5","43","161","305","409","208","482","C1740801"
"25639","3954","2","3","2","48","170","67","119","444","593","C1740801"
"25640","950","2","5","7","60","14","184","341","544","669","C1740801"
"25641","23090","2","3","12","19","151","276","91","433","118","C1800706"
"25642","9409","2","3","5","43","161","305","409","208","482","C1800706"
"25643","9469","2","3","2","103","189","303","29","475","467","C1800706"
"25644","9126","2","3","12","76","153","40","38","54","75","C1800706"
"25645","2316","2","5","7","53","51","342","454","573","702","C1800706"
"25646","2006","2","5","7","53","51","342","454","573","492","C1800706"
"25647","1748","2","3","3","19","221","321","428","541","667","C1800706"
"25648","650","2","5","7","53","51","342","259","423","389","C1800706"
"25649","7291","2","3","12","19","151","276","91","489","416","C1800706"
"25650","7155","2","3","12","19","31","261","116","1","664","C1800706"
"25651","8792","2","3","12","41","219","339","156","568","697","C1800706"
"25652","5444","2","3","5","80","147","236","328","411","229","C1800706"
"25653","6925","2","3","12","19","31","225","142","220","298","C1800706"
"25654","5325","2","3","12","19","31","198","261","146","118","C1800706"
"25655","23247","2","3","12","76","153","71","34","540","68","C1801950"
"25656","547","2","3","7","76","153","40","38","54","75","C1806780"
"25657","50484","2","3","5","80","109","182","235","307","506","C1806780"
"25658","9968","2","4","3","24","119","330","214","454","144","C1806780"
"25659","6239","2","3","12","19","119","330","214","454","144","C1806780"
"25660","10165","2","3","2","48","170","50","304","167","593","C1806780"
"25661","50964","2","5","3","68","221","197","259","423","422","C1806780"
"25662","4893","2","5","7","34","52","24","30","46","72","C1806780"
"25663","6261","2","5","8","63","45","23","34","464","187","C1806780"
"25664","54332","2","3","2","60","170","40","98","66","203","C1806780"
"25665","1588","2","3","5","79","159","256","350","27","44","C1806780"
"25666","5897","2","3","12","41","116","268","141","568","605","C1806780"
"25667","3984","2","5","7","53","14","20","34","540","68","C1806780"
"25668","715","2","5","7","53","51","119","395","549","674","C1806780"
"25669","6817","2","3","2","37","105","92","113","154","201","C1806780"
"25670","3035","2","3","2","110","85","237","433","547","154","C1828017"
"25671","10718","2","5","7","53","14","20","25","40","186","C1828017"
"25672","6855","2","5","7","27","36","150","341","223","628","C1828210"
"25673","2263","2","5","7","53","14","20","25","40","186","C1828210"
"25674","6928","2","3","3","19","221","321","428","541","667","C1829460"
"25675","5173","2","5","4","68","96","326","427","548","672","C1829460"
"25676","3552","2","3","12","53","51","119","156","489","416","C1832117"
"25677","9440","2","4","3","24","119","330","214","454","144","C1832117"
"25678","1278","2","5","7","53","51","342","454","573","492","C1832117"
"25679","3543","2","5","7","53","51","119","395","549","674","C1832117"
"25680","6390","2","3","2","48","170","50","119","444","556","C1832117"
"25681","3930","2","3","2","22","33","323","66","3","464","C1832117"
"25682","2651","2","3","2","78","184","202","124","337","434","C1832117"
"25683","1080","2","3","12","41","219","339","156","544","669","C1832117"
"25684","5328","2","5","7","34","52","216","395","549","674","C1832117"
"25685","4137","2","3","7","27","36","150","341","223","628","C1832117"
"25686","5290","2","3","7","53","14","20","25","40","186","C1832117"
"25687","3767","2","5","8","63","36","166","106","110","158","C1832117"
"25688","1545","2","3","5","91","175","271","372","443","558","C1832117"
"25689","3690","2","5","7","53","51","342","454","573","492","C1832117"
"25690","3630","2","5","7","53","14","20","25","40","186","C1832117"
"25691","1836","2","3","2","35","41","94","260","330","375","C1832117"
"25692","26519","2","3","2","48","170","50","304","167","593","C1832119"
"25693","720","2","5","7","53","51","342","454","573","492","C1832119"
"25694","5908","2","5","7","34","52","216","30","46","72","C1832119"
"25695","55636","2","3","3","19","221","321","428","423","389","C1832119"
"25696","5518","2","3","12","76","153","40","38","54","435","C1832119"
"25697","5595","2","3","7","53","14","20","34","540","68","C1832119"
"25698","5828","2","3","5","43","161","305","409","208","482","C1832119"
"25699","2146","2","3","12","19","31","1","426","55","78","C1832119"
"25700","10716","2","5","7","53","51","335","444","560","373","C1832119"
"25701","3655","2","5","7","53","51","342","454","573","492","C1832127"
"25702","8481","2","3","12","76","153","40","38","54","75","C1832127"
"25703","3593","2","5","7","53","51","119","25","489","416","C1832127"
"25704","2627","2","3","12","19","31","118","155","287","116","C1832130"
"25705","9573","2","5","7","53","51","342","259","423","389","C1832130"
"25706","1440","2","5","7","53","51","119","25","489","416","C1832160"
"25707","55636","2","3","3","19","221","321","428","423","389","C1832160"
"25708","1674","2","5","8","63","45","23","103","464","187","C1832160"
"25709","345","2","5","7","53","51","342","454","573","492","C1832160"
"25710","183","2","5","4","68","96","326","427","548","672","C1832160"
"25711","6900","2","5","7","53","51","342","454","223","373","C1832160"
"25712","5122","2","5","4","27","36","184","141","359","411","C1832160"
"25713","7133","2","5","7","34","52","216","395","549","697","C1832160"
"25714","55315","2","3","5","80","81","296","62","94","150","C1832160"
"25715","54101","2","3","2","48","170","50","347","167","593","C1832160"
"25716","2778","2","5","4","68","96","326","427","548","672","C1832174"
"25717","59","2","5","8","63","45","23","103","464","187","C1832174"
"25718","3030","2","3","2","48","57","339","44","65","31","C1832174"
"25719","3257","2","5","7","60","54","24","30","46","72","C1832200"
"25720","6239","2","3","12","19","119","330","214","454","144","C1832200"
"25721","367","2","3","12","19","31","276","91","433","118","C1832200"
"25722","5077","2","3","3","19","221","321","428","541","667","C1832200"
"25723","4604","2","5","8","63","45","23","103","464","187","C1832200"
"25724","9469","2","3","2","103","189","303","29","475","467","C1832200"
"25725","4843","2","3","5","43","161","305","409","489","416","C1832200"
"25726","7050","2","3","12","19","31","321","428","541","667","C1832200"
"25727","207","2","3","7","53","14","20","34","489","416","C1832200"
"25728","1294","2","5","7","53","51","342","454","573","492","C1832200"
"25729","4668","2","3","5","21","111","188","242","313","396","C1832200"
"25730","4744","2","3","6","27","36","150","399","223","628","C1832276"
"25731","4221","2","3","12","19","31","342","454","573","492","C1832276"
"25732","5311","2","5","8","63","45","166","306","390","158","C1832277"
"25733","5605","2","5","7","53","14","20","34","540","68","C1832277"
"25734","5728","2","3","5","80","81","339","156","568","605","C1832278"
"25735","4023","2","3","5","24","51","342","91","20","27","C1832278"
"25736","3239","2","3","3","19","221","321","428","541","667","C1832279"
"25737","10269","2","3","2","48","182","50","119","444","556","C1832279"
"25738","2969","2","3","12","19","31","276","91","433","118","C1832322"
"25739","3600","2","5","7","53","51","119","25","40","186","C1832322"
"25740","55505","2","3","2","110","85","237","433","547","671","C1832323"
"25741","546","2","3","12","19","31","261","426","1","86","C1832323"
"25742","3172","2","3","3","19","151","276","91","433","118","C1832323"
"25743","5830","2","3","5","43","161","305","409","208","482","C1832323"
"25744","3552","2","3","12","53","51","119","156","489","416","C1832324"
"25745","8481","2","3","12","76","153","40","38","54","75","C1832324"
"25746","1106","2","3","12","19","31","1","426","55","78","C1832324"
"25747","26580","2","5","8","27","70","99","162","216","290","C1832324"
"25748","6390","2","3","2","48","170","50","119","444","556","C1832324"
"25749","7015","2","3","12","19","31","1","426","55","78","C1832327"
"25750","8626","2","3","3","19","221","321","428","541","667","C1832327"
"25751","9570","2","3","7","60","153","40","38","66","203","C1832327"
"25752","54585","2","3","12","76","153","76","38","54","75","C1832327"
"25753","668","2","3","12","19","221","321","428","541","664","C1832338"
"25754","4929","2","3","3","19","151","276","91","433","118","C1832338"
"25755","1890","2","3","5","80","81","296","62","94","150","C1832338"
"25756","23322","2","3","12","76","153","40","38","54","75","C1832338"
"25757","6620","2","5","7","27","36","150","341","223","628","C1832338"
"25758","5308","2","3","3","19","221","321","428","541","667","C1832338"
"25759","6197","2","3","12","19","14","20","34","540","68","C1832338"
"25760","5468","2","3","3","19","151","276","91","433","118","C1832348"
"25761","5828","2","3","5","43","161","305","409","208","482","C1832348"
"25762","22858","2","3","7","53","14","20","34","540","68","C1832348"
"25763","51324","2","3","2","48","142","225","142","220","298","C1832348"
"25764","3162","2","3","5","53","51","119","402","489","416","C1832348"
"25765","7097","2","5","7","34","52","216","395","549","674","C1832348"
"25766","9215","2","5","2","27","36","150","430","215","628","C1832348"
"25767","3822","2","5","7","53","51","119","395","549","674","C1832348"
"25768","6792","2","5","7","53","14","20","34","540","68","C1832348"
"25769","29893","2","3","12","19","31","1","426","55","78","C1832348"
"25770","6295","2","3","4","68","45","272","427","518","621","C1832348"
"25771","55630","2","3","5","27","81","99","162","216","290","C1832348"
"25772","27235","2","3","2","48","170","50","304","167","593","C1832348"
"25773","9968","2","4","3","24","119","330","214","454","144","C1832348"
"25774","8504","2","3","5","47","144","185","238","310","392","C1832348"
"25775","5741","2","5","4","68","96","326","427","548","672","C1832348"
"25776","6899","2","5","7","53","184","335","259","560","373","C1832348"
"25777","10262","2","3","2","22","33","323","66","101","136","C1832348"
"25778","7248","2","3","2","48","57","110","141","359","462","C1832348"
"25779","6392","2","3","2","48","170","50","119","444","556","C1832386"
"25780","6303","2","3","2","67","118","160","261","188","423","C1832386"
"25781","3117","2","5","7","53","153","119","156","287","116","C1832386"
"25782","9786","2","3","12","76","153","40","38","54","75","C1832386"
"25783","26608","2","3","2","22","170","50","119","463","153","C1832390"
"25784","7840","2","3","12","76","153","40","38","54","75","C1832390"
"25785","590","2","3","5","85","143","286","51","488","604","C1832394"
"25786","6329","2","5","8","63","36","166","341","390","158","C1832394"
"25787","23384","2","3","12","63","45","184","103","572","658","C1832409"
"25788","3908","2","5","7","53","51","342","454","573","492","C1832409"
"25789","7465","2","3","12","19","31","118","155","287","116","C1832451"
"25790","2178","2","3","12","19","31","261","116","1","86","C1832451"
"25791","3630","2","5","7","53","14","20","25","40","186","C1832451"
"25792","2263","2","5","7","53","14","20","25","40","186","C1832451"
"25793","10483","2","3","7","60","54","24","30","46","72","C1832451"
"25794","4683","2","3","12","19","31","261","116","1","86","C1832451"
"25795","3753","2","5","8","63","36","166","341","223","158","C1832451"
"25796","57113","2","5","8","11","142","193","306","390","158","C1832466"
"25797","26353","2","3","12","76","45","160","347","271","356","C1832466"
"25798","3605","2","5","7","53","51","119","25","489","416","C1832544"
"25799","90","2","5","7","53","51","342","259","423","389","C1832587"
"25800","6492","2","3","3","19","151","276","91","433","118","C1832587"
"25801","5604","2","5","7","53","14","20","34","540","68","C1832588"
"25802","5604","2","5","7","53","14","20","34","540","68","C1832588"
"25803","5194","2","3","5","43","161","305","409","208","482","C1832588"
"25804","7076","2","5","7","53","51","342","454","573","492","C1832598"
"25805","2626","2","3","12","19","31","118","155","287","116","C1832598"
"25806","7490","2","3","3","19","221","321","428","541","667","C1832598"
"25807","7782","2","5","4","68","96","326","141","359","586","C1832598"
"25808","9966","2","5","12","41","219","339","156","568","697","C1832648"
"25809","7436","2","5","7","53","51","342","341","544","669","C1832648"
"25810","1134","2","5","8","27","70","99","162","216","290","C1832648"
"25811","567","2","5","7","34","52","119","395","549","674","C1832661"
"25812","1911","2","3","12","19","31","1","426","55","78","C1832661"
"25813","718","2","5","7","34","51","119","395","549","674","C1832669"
"25814","3674","2","5","7","53","51","342","454","573","492","C1832690"
"25815","7253","2","5","4","68","96","326","427","548","672","C1832690"
"25816","54806","2","5","7","76","153","40","38","54","75","C1832690"
"25817","6616","2","5","7","34","52","216","341","223","628","C1832702"
"25818","1594","2","3","5","92","163","96","363","460","487","C1832702"
"25819","8322","2","5","3","68","221","184","259","544","669","C1832702"
"25820","29978","2","5","7","60","116","268","341","544","669","C1832776"
"25821","158326","2","5","7","53","51","342","454","573","492","C1832776"
"25822","5594","2","5","7","34","14","20","34","540","274","C1832776"
"25823","6514","2","5","7","90","216","337","448","565","562","C1832776"
"25824","3949","2","5","7","60","14","184","341","544","669","C1832776"
"25825","5728","2","3","5","80","81","339","156","568","605","C1832841"
"25826","4838","2","5","3","53","221","321","259","423","389","C1832841"
"25827","5243","2","3","12","41","116","268","423","536","445","C1832845"
"25828","4990","2","3","3","19","221","321","428","541","667","C1832845"
"25829","4703","2","5","7","60","45","23","103","464","187","C1832855"
"25830","5468","2","3","3","19","151","276","91","433","118","C1832976"
"25831","6949","2","3","2","110","85","237","164","390","311","C1832976"
"25832","1967","2","3","2","110","85","237","433","547","671","C1832983"
"25833","7518","2","3","12","19","31","261","116","1","86","C1832983"
"25834","6869","2","5","4","68","96","326","427","548","672","C1832983"
"25835","3265","2","5","7","60","54","24","30","46","72","C1832988"
"25836","3043","2","5","7","34","52","216","395","549","116","C1832988"
"25837","773","2","5","8","27","36","166","341","223","628","C1833030"
"25838","6947","2","5","7","34","52","216","395","549","674","C1833030"
"25839","7084","2","3","2","72","109","115","62","268","353","C1833058"
"25840","2261","2","5","7","53","14","20","25","40","186","C1833058"
"25841","567","2","5","7","34","52","119","395","549","674","C1833058"
"25842","1548","2","3","5","91","214","226","326","447","586","C1833058"
"25843","5116","2","3","12","76","153","40","38","54","75","C1833058"
"25844","3000","2","5","4","68","96","326","427","548","672","C1833058"
"25845","8642","2","5","7","53","51","335","444","560","373","C1833058"
"25846","26119","2","5","7","60","14","184","341","544","669","C1833058"
"25847","4882","2","3","4","68","96","326","427","548","672","C1833058"
"25848","1308","2","5","7","53","51","119","454","573","492","C1833058"
"25849","3516","2","3","12","19","31","143","428","236","667","C1833058"
"25850","4001","2","3","12","76","31","40","38","54","75","C1833058"
"25851","146862","2","3","12","41","116","268","347","271","356","C1833058"
"25852","472","2","3","12","19","31","261","116","1","86","C1833058"
"25853","10082","2","3","2","74","51","342","454","573","492","C1833058"
"25854","4613","2","3","12","19","31","1","426","55","78","C1833058"
"25855","7415","2","3","7","34","52","216","395","536","445","C1833104"
"25856","10661","2","3","12","19","31","1","426","55","78","C1833104"
"25857","2627","2","3","12","19","31","118","155","287","116","C1833104"
"25858","443","2","3","5","80","81","189","182","509","409","C1833104"
"25859","9723","2","5","7","53","51","342","79","560","373","C1833104"
"25860","6239","2","3","12","19","119","330","214","454","144","C1833118"
"25861","160851","2","3","2","60","30","193","306","148","624","C1833118"
"25862","596","2","3","12","19","219","339","402","489","416","C1833118"
"25863","9895","2","3","2","48","57","110","141","359","462","C1833118"
"25864","6663","2","3","3","19","221","321","428","541","667","C1833118"
"25865","81839","2","3","2","41","36","71","259","64","422","C1833118"
"25866","4157","2","5","4","68","96","326","427","548","672","C1833118"
"25867","7852","2","5","4","68","96","326","427","548","672","C1833118"
"25868","5238","2","3","2","80","141","221","111","385","501","C1833118"
"25869","28952","2","3","12","41","116","268","434","468","213","C1833118"
"25870","10312","2","3","7","34","52","216","395","549","674","C1833118"
"25871","7291","2","3","12","19","151","276","91","489","416","C1833144"
"25872","3953","2","5","7","53","14","20","25","40","186","C1833144"
"25873","5621","2","5","8","27","36","342","454","573","628","C1833144"
"25874","2317","2","5","7","63","45","23","103","287","664","C1833144"
"25875","4513","2","3","2","48","170","110","141","359","532","C1833144"
"25876","6731","2","3","2","110","85","237","433","547","671","C1833144"
"25877","3691","2","5","7","53","51","342","454","573","492","C1833144"
"25878","5351","2","5","7","53","51","342","454","573","492","C1833144"
"25879","4351","2","3","2","90","167","266","367","500","577","C1833144"
"25880","7468","2","3","12","19","31","1","426","55","78","C1833144"
"25881","1308","2","5","7","53","51","119","454","573","492","C1833144"
"25882","3845","2","5","7","60","54","24","30","46","72","C1833144"
"25883","6391","2","3","2","48","170","50","119","444","556","C1833144"
"25884","6628","2","3","2","22","33","323","66","101","136","C1833144"
"25885","8863","2","3","3","19","151","276","91","208","118","C1833144"
"25886","1280","2","5","7","53","51","342","454","573","492","C1833144"
"25887","4703","2","5","7","60","45","23","103","464","187","C1833144"
"25888","25914","2","3","12","41","116","339","409","359","187","C1833144"
"25889","55904","2","3","12","19","31","1","426","55","78","C1833144"
"25890","5774","2","5","7","60","81","296","399","201","274","C1833144"
"25891","4990","2","3","3","19","221","321","428","541","667","C1833144"
"25892","5805","2","3","2","43","91","75","204","267","352","C1833222"
"25893","5663","2","5","7","34","52","216","395","549","667","C1833222"
"25894","23545","2","3","5","29","88","132","85","222","346","C1833225"
"25895","4068","2","5","7","53","51","119","25","549","674","C1833225"
"25896","5663","2","5","7","34","52","216","395","549","667","C1833225"
"25897","9210","2","5","7","53","51","342","454","573","492","C1833225"
"25898","3756","2","5","8","63","36","166","106","110","158","C1833225"
"25899","54209","2","5","7","53","51","119","395","549","674","C1833225"
"25900","5468","2","3","3","19","151","276","91","433","118","C1833225"
"25901","7466","2","5","7","53","51","342","454","573","492","C1833225"
"25902","51360","2","3","3","26","35","276","91","433","203","C1833225"
"25903","57135","2","3","2","22","33","323","66","101","136","C1833225"
"25904","2201","2","5","7","53","51","342","454","573","492","C1833225"
"25905","4625","2","3","8","63","45","23","103","464","187","C1833225"
"25906","10555","2","3","7","34","52","216","395","549","622","C1833275"
"25907","2260","2","5","7","53","14","20","25","40","186","C1833275"
"25908","2799","2","3","7","34","52","216","395","549","33","C1833275"
"25909","2033","2","3","12","19","31","1","91","433","118","C1833297"
"25910","790","2","3","12","41","219","339","347","206","627","C1833297"
"25911","55650","2","3","2","61","77","142","176","235","557","C1833297"
"25912","10269","2","3","2","48","182","50","119","444","556","C1833308"
"25913","8671","2","5","8","45","94","199","240","415","666","C1833308"
"25914","1499","2","3","12","19","221","197","259","560","422","C1833323"
"25915","10847","2","3","12","19","31","1","426","55","78","C1833323"
"25916","4536","2","3","2","48","170","50","119","444","556","C1833324"
"25917","1586","2","3","5","79","98","256","335","425","540","C1833324"
"25918","5295","2","5","7","53","14","20","25","40","186","C1833324"
"25919","5824","2","3","5","47","144","185","238","310","392","C1833325"
"25920","51082","2","3","2","19","31","1","426","55","78","C1833325"
"25921","4512","2","3","2","48","170","110","141","359","8","C1833325"
"25922","5578","2","5","7","53","14","20","34","540","621","C1833325"
"25923","2147","2","5","7","68","51","342","454","573","492","C1833325"
"25924","4613","2","3","12","19","31","1","426","55","78","C1833325"
"25925","3636","2","3","5","80","14","20","25","40","186","C1833325"
"25926","6658","2","3","12","19","221","321","428","541","667","C1833325"
"25927","6519","2","3","5","45","94","199","240","415","666","C1833325"
"25928","3576","2","5","4","68","96","326","427","548","672","C1833328"
"25929","2243","2","5","7","53","51","342","454","573","492","C1833328"
"25930","673","2","5","7","53","14","20","34","540","68","C1833328"
"25931","5824","2","3","5","47","144","185","238","310","392","C1833328"
"25932","1490","2","5","7","53","51","342","454","573","492","C1833329"
"25933","2146","2","3","12","19","31","1","426","55","78","C1833329"
"25934","1371","2","3","5","17","24","261","116","164","6","C1833329"
"25935","83706","2","5","7","53","51","342","454","573","702","C1833331"
"25936","5076","2","3","3","19","221","321","428","541","667","C1833331"
"25937","1581","2","3","5","19","151","276","91","433","118","C1833340"
"25938","11311","2","3","12","19","31","118","155","287","116","C1833340"
"25939","2688","2","5","7","53","51","119","25","40","186","C1833340"
"25940","5832","2","3","2","101","62","189","182","509","252","C1833340"
"25941","215","2","3","5","47","144","185","238","310","392","C1833340"
"25942","3663","2","3","12","53","184","119","156","287","116","C1833340"
"25943","7403","2","3","12","19","31","1","426","55","78","C1833340"
"25944","5696","2","3","12","41","116","268","156","568","116","C1833340"
"25945","5832","2","3","2","101","62","189","182","509","252","C1833362"
"25946","7042","2","5","7","53","51","342","454","573","492","C1833362"
"25947","10908","2","3","2","97","173","275","377","473","592","C1833362"
"25948","2720","2","3","7","34","52","216","395","21","599","C1833362"
"25949","3155","2","3","5","43","161","305","409","208","482","C1833362"
"25950","4893","2","5","7","34","52","24","30","46","72","C1833431"
"25951","8878","2","3","12","41","219","339","156","568","697","C1833431"
"25952","5116","2","3","12","76","153","40","38","54","75","C1833431"
"25953","4693","2","5","7","53","51","342","454","573","492","C1833488"
"25954","3845","2","5","7","60","54","24","30","46","72","C1833488"
"25955","51702","2","3","12","19","31","1","426","55","78","C1833488"
"25956","2175","2","3","12","19","31","261","116","1","86","C1833488"
"25957","6606","2","3","2","22","33","323","66","101","136","C1833488"
"25958","1678","2","3","2","48","170","50","304","167","593","C1833488"
"25959","23414","2","3","12","19","31","118","155","287","116","C1833488"
"25960","2218","2","5","2","53","123","194","255","560","373","C1833488"
"25961","2697","2","3","7","76","153","40","38","54","75","C1833488"
"25962","2623","2","3","12","19","31","1","155","287","116","C1833661"
"25963","6335","2","5","8","63","36","166","341","390","158","C1833661"
"25964","57216","2","3","12","41","116","268","259","568","422","C1833661"
"25965","7249","2","3","7","60","57","110","141","359","462","C1833662"
"25966","4541","2","3","2","48","170","50","119","444","24","C1833662"
"25967","7035","2","5","7","68","51","119","395","549","674","C1833662"
"25968","51741","2","3","2","22","33","323","66","101","127","C1833667"
"25969","5428","2","3","2","48","170","50","119","167","593","C1833667"
"25970","2317","2","5","7","63","45","23","103","287","664","C1833667"
"25971","10555","2","3","7","34","52","216","395","549","622","C1833667"
"25972","6575","2","3","8","45","94","199","240","415","666","C1833683"
"25973","10019","2","5","7","53","14","20","25","40","116","C1833683"
"25974","1789","2","3","12","19","31","1","426","55","78","C1833683"
"25975","2110","2","3","2","48","170","50","119","444","556","C1833683"
"25976","3949","2","5","7","60","14","184","341","544","669","C1833683"
"25977","10577","2","5","7","34","52","216","395","549","674","C1833693"
"25978","7170","2","5","8","63","45","23","103","464","187","C1833693"
"25979","3575","2","5","7","53","51","184","341","544","669","C1833734"
"25980","5805","2","3","2","43","91","75","204","267","352","C1833734"
"25981","6718","2","3","2","46","136","227","168","225","490","C1833735"
"25982","54880","2","3","12","19","31","1","426","55","78","C1833735"
"25983","4846","2","3","5","41","219","75","243","44","64","C1833753"
"25984","1861","2","5","7","60","14","184","341","544","669","C1833753"
"25985","627","2","5","7","53","51","335","444","423","373","C1833754"
"25986","4692","2","5","7","53","51","119","402","489","416","C1833754"
"25987","10312","2","3","7","34","52","216","395","549","674","C1833762"
"25988","51360","2","3","3","26","35","276","91","433","203","C1833762"
"25989","6845","2","5","7","60","14","184","341","544","669","C1833762"
"25990","324","2","3","12","41","219","197","70","255","422","C1833762"
"25991","7841","2","3","2","41","116","178","423","536","445","C1833762"
"25992","51204","2","3","2","48","170","50","119","444","556","C1833762"
"25993","9719","2","5","7","53","51","342","454","573","492","C1833762"
"25994","1281","2","5","7","53","51","342","454","573","492","C1833762"
"25995","658","2","5","7","53","51","342","259","423","389","C1833921"
"25996","30061","2","3","5","25","44","165","101","274","358","C1833921"
"25997","27429","2","3","12","41","219","339","156","568","697","C1833921"
"25998","1630","2","5","7","53","51","335","444","560","373","C1833999"
"25999","10982","2","3","12","76","153","40","38","54","75","C1833999"
"26000","3565","2","5","7","53","51","119","25","489","416","C1833999"
"26001","1137","2","5","8","27","70","99","162","216","290","C1833999"
"26002","8314","2","3","12","41","31","1","426","55","78","C1833999"
"26003","8643","2","5","3","68","221","197","259","560","422","C1833999"
"26004","6223","2","3","2","110","85","237","433","547","671","C1833999"
"26005","1235","2","5","4","68","96","326","427","548","672","C1833999"
"26006","11322","2","5","7","34","52","216","395","549","674","C1833999"
"26007","10616","2","3","12","41","116","268","434","468","213","C1833999"
"26008","7015","2","3","12","19","31","1","426","55","78","C1833999"
"26009","1298","2","5","7","53","51","342","454","573","492","C1834002"
"26010","2316","2","5","7","53","51","342","454","573","702","C1834002"
"26011","2737","2","3","12","19","116","321","428","54","667","C1834034"
"26012","5069","2","5","7","53","51","342","454","573","492","C1834034"
"26013","355","2","3","7","41","219","339","156","568","697","C1834034"
"26014","51124","2","5","4","68","96","326","427","548","672","C1834034"
"26015","1349","2","3","2","48","170","110","141","359","462","C1834060"
"26016","2131","2","3","2","74","58","112","148","181","416","C1834060"
"26017","2627","2","3","12","19","31","118","155","287","116","C1834060"
"26018","26137","2","5","7","63","45","184","103","572","658","C1834060"
"26019","8622","2","3","4","68","96","326","427","548","672","C1834060"
"26020","1280","2","5","7","53","51","342","454","573","492","C1834060"
"26021","2627","2","3","12","19","31","118","155","287","116","C1834060"
"26022","26012","2","3","12","19","31","261","116","159","211","C1834060"
"26023","3655","2","5","7","53","51","342","454","573","492","C1834060"
"26024","4629","2","5","8","63","45","23","103","464","187","C1834060"
"26025","5243","2","3","12","41","116","268","423","536","445","C1834060"
"26026","6424","2","5","7","53","51","342","454","573","492","C1834060"
"26027","406","2","3","3","19","151","276","91","433","118","C1834060"
"26028","3458","2","5","7","53","184","119","156","287","116","C1834062"
"26029","8629","2","3","12","19","221","1","428","541","667","C1834062"
"26030","641","2","3","12","19","31","261","116","1","86","C1834062"
"26031","699","2","3","12","76","153","40","38","54","75","C1834124"
"26032","4233","2","5","7","53","14","20","25","40","186","C1834124"
"26033","6473","2","3","3","19","221","321","428","541","667","C1834124"
"26034","8398","2","3","5","116","183","40","38","352","455","C1834124"
"26035","54808","2","3","12","76","153","40","38","54","75","C1834124"
"26036","55130","2","3","12","76","153","76","38","54","75","C1834124"
"26037","6689","2","3","12","19","31","276","91","433","118","C1834124"
"26038","4854","2","5","7","53","51","143","428","236","667","C1834124"
"26039","2074","2","3","12","19","31","1","426","55","78","C1834372"
"26040","392255","2","5","7","53","51","342","259","423","389","C1834386"
"26041","57545","2","3","12","76","153","40","38","54","75","C1834386"
"26042","652","2","5","7","53","51","342","454","573","492","C1834386"
"26043","4976","2","3","2","48","170","50","119","444","556","C1834424"
"26044","9215","2","5","2","27","36","150","430","215","628","C1834424"
"26045","5428","2","3","2","48","170","50","119","167","593","C1834433"
"26046","6335","2","5","8","63","36","166","341","390","158","C1834433"
"26047","4000","2","3","12","26","105","178","226","297","156","C1834433"
"26048","5582","2","5","7","53","14","20","34","540","68","C1834433"
"26049","6663","2","3","3","19","221","321","428","541","667","C1834523"
"26050","5580","2","5","7","34","52","216","395","287","116","C1834523"
"26051","51715","2","5","7","60","54","24","30","46","72","C1834523"
"26052","4654","2","3","12","19","31","276","91","433","118","C1834523"
"26053","6496","2","3","3","19","221","321","428","541","667","C1834523"
"26054","10743","2","3","3","19","151","276","91","433","118","C1834558"
"26055","3350","2","5","4","68","96","326","427","548","672","C1834558"
"26056","4758","2","3","7","34","52","216","395","549","517","C1834558"
"26057","2668","2","5","7","53","14","20","25","40","186","C1834558"
"26058","9723","2","5","7","53","51","342","79","560","373","C1834558"
"26059","54880","2","3","12","19","31","1","426","55","78","C1834570"
"26060","6125","2","3","2","110","85","237","433","547","671","C1834570"
"26061","3868","2","1","6","11","142","225","142","220","298","C1834570"
"26062","51128","2","5","7","60","153","24","38","46","72","C1834570"
"26063","440854","2","5","7","53","51","342","454","573","492","C1834582"
"26064","443","2","3","5","80","81","189","182","509","409","C1834671"
"26065","4720","2","3","2","48","170","50","119","444","556","C1834671"
"26066","472","2","3","12","19","31","261","116","1","86","C1834674"
"26067","4976","2","3","2","48","170","50","119","444","556","C1834674"
"26068","4173","2","3","12","76","31","261","116","1","86","C1834674"
"26069","6772","2","3","12","53","184","119","156","287","116","C1834674"
"26070","4436","2","3","12","19","31","261","116","1","86","C1834696"
"26071","9663","2","3","5","80","81","296","51","488","102","C1834696"
"26072","7421","2","3","3","19","151","276","91","433","118","C1834696"
"26073","23322","2","3","12","76","153","40","38","54","75","C1834696"
"26074","3481","2","5","7","53","51","342","454","573","492","C1834696"
"26075","23400","2","5","8","63","45","23","103","464","187","C1834696"
"26076","10161","2","5","4","68","96","326","427","548","672","C1834696"
"26077","3417","2","3","7","34","52","216","395","549","319","C1834696"
"26078","1289","2","5","7","53","51","342","454","573","492","C1834696"
"26079","5023","2","5","7","34","52","216","395","549","674","C1834696"
"26080","2043","2","5","7","53","14","20","25","560","373","C1834728"
"26081","23554","2","5","3","68","221","197","259","518","492","C1834728"
"26082","22930","2","5","7","60","54","24","30","46","72","C1834737"
"26083","4204","2","3","12","19","31","1","426","55","78","C1834737"
"26084","60","2","3","12","60","45","184","155","287","78","C1834737"
"26085","51085","2","3","2","48","57","110","141","359","462","C1834752"
"26086","7421","2","3","3","19","151","276","91","433","118","C1834752"
"26087","3553","2","5","7","53","51","119","25","489","416","C1834752"
"26088","8050","2","3","2","67","92","293","55","75","311","C1834752"
"26089","3953","2","5","7","53","14","20","25","40","186","C1834752"
"26090","142","2","3","12","19","31","261","116","1","86","C1834752"
"26091","4000","2","3","12","26","105","178","226","297","156","C1834752"
"26092","2773","2","5","4","68","96","326","427","548","672","C1834752"
"26093","5828","2","3","5","43","161","305","409","208","482","C1834752"
"26094","11081","2","3","2","89","60","342","430","429","544","C1834752"
"26095","2700","2","3","6","76","153","40","38","54","75","C1834752"
"26096","1848","2","3","5","42","81","296","399","201","274","C1834846"
"26097","3265","2","5","7","60","54","24","30","46","72","C1834846"
"26098","8795","2","5","7","41","219","339","156","568","697","C1834846"
"26099","4512","2","3","2","48","170","110","141","359","8","C1834846"
"26100","3914","2","5","7","53","51","342","454","573","492","C1834846"
"26101","6927","2","3","3","19","221","321","428","541","667","C1834954"
"26102","7051","2","1","6","11","142","225","142","220","298","C1834954"
"26103","635","2","3","8","45","94","199","240","415","666","C1834954"
"26104","5538","2","3","2","115","18","340","269","342","444","C1834954"
"26105","5290","2","3","7","53","14","20","25","40","186","C1834954"
"26106","5277","2","3","2","61","77","142","176","235","317","C1834954"
"26107","2255","2","5","7","53","14","20","25","40","186","C1834954"
"26108","3576","2","5","4","68","96","326","427","548","672","C1834954"
"26109","6016","2","5","7","60","54","24","30","46","72","C1834980"
"26110","5781","2","5","7","53","14","20","25","40","186","C1834980"
"26111","7291","2","3","12","19","151","276","91","489","416","C1835047"
"26112","6521","2","5","8","35","41","199","40","415","666","C1835047"
"26113","5422","2","3","12","19","31","261","116","1","86","C1835047"
"26114","6683","2","3","12","76","153","40","38","54","75","C1835047"
"26115","1896","2","5","12","41","219","339","156","568","697","C1835047"
"26116","7422","2","5","7","53","51","342","454","573","702","C1835047"
"26117","10117","2","5","7","53","51","342","454","573","492","C1835047"
"26118","2798","2","5","4","68","96","326","427","548","672","C1835047"
"26119","860","2","3","12","19","31","276","91","433","118","C1835047"
"26120","4519","2","3","2","48","170","50","119","508","312","C1835047"
"26121","1954","2","5","7","53","51","342","454","573","492","C1835047"
"26122","10743","2","3","3","19","151","276","91","433","118","C1835047"
"26123","8481","2","3","12","76","153","40","38","54","75","C1835047"
"26124","6913","2","3","3","19","221","321","428","541","667","C1835095"
"26125","25915","2","3","2","48","170","50","119","444","556","C1835095"
"26126","6901","2","3","2","48","170","50","304","167","593","C1835095"
"26127","9997","2","3","2","48","170","50","119","444","556","C1835117"
"26128","5076","2","3","3","19","221","321","428","541","667","C1835117"
"26129","627","2","5","7","53","51","335","444","423","373","C1835121"
"26130","8625","2","3","12","19","31","276","91","236","118","C1835121"
"26131","90","2","5","7","53","51","342","259","423","389","C1835121"
"26132","2632","2","3","2","28","22","48","232","82","114","C1835121"
"26133","3077","2","5","7","53","51","119","395","549","674","C1835121"
"26134","7476","2","5","3","68","221","197","259","560","422","C1835121"
"26135","3030","2","3","2","48","57","339","44","65","31","C1835148"
"26136","1906","2","5","4","68","96","326","427","548","672","C1835148"
"26137","51750","2","3","12","19","31","261","116","1","86","C1835157"
"26138","7099","2","5","7","41","219","339","156","568","697","C1835157"
"26139","4000","2","3","12","26","105","178","226","297","156","C1835157"
"26140","1281","2","5","7","53","51","342","454","573","492","C1835157"
"26141","55812","2","3","12","76","181","160","38","54","75","C1835157"
"26142","4157","2","5","4","68","96","326","427","548","672","C1835157"
"26143","9451","2","3","2","110","51","335","226","297","380","C1835157"
"26144","22954","2","3","12","41","116","268","434","468","213","C1835171"
"26145","7249","2","3","7","60","57","110","141","359","462","C1835171"
"26146","727897","2","3","2","89","206","324","430","429","544","C1835171"
"26147","4853","2","3","12","19","124","143","428","236","667","C1835171"
"26148","9227","2","3","2","69","51","101","126","170","224","C1835194"
"26149","4000","2","3","12","26","105","178","226","297","156","C1835194"
"26150","1717","2","3","2","19","151","276","48","69","204","C1835194"
"26151","3105","2","5","7","53","51","119","156","287","116","C1835228"
"26152","4255","2","3","12","19","31","261","116","1","86","C1835228"
"26153","64805","2","5","4","68","96","326","427","548","672","C1835228"
"26154","59","2","5","8","63","45","23","103","464","187","C1835229"
"26155","6899","2","5","7","53","184","335","259","560","373","C1835229"
"26156","7415","2","3","7","34","52","216","395","536","445","C1835229"
"26157","26608","2","3","2","22","170","50","119","463","153","C1835229"
"26158","11200","2","3","12","19","31","261","116","1","86","C1835229"
"26159","51062","2","5","7","27","36","150","402","489","373","C1835229"
"26160","10280","2","3","2","110","85","52","57","86","119","C1835229"
"26161","5831","2","3","2","101","62","189","182","566","409","C1835229"
"26162","860","2","3","12","19","31","276","91","433","118","C1835229"
"26163","5573","2","3","12","19","184","118","155","287","116","C1835229"
"26164","4313","2","5","7","53","51","342","454","573","492","C1835229"
"26165","1678","2","3","2","48","170","50","304","167","593","C1835229"
"26166","2146","2","3","12","19","31","1","426","55","78","C1835229"
"26167","51702","2","3","12","19","31","1","426","55","78","C1835229"
"26168","5116","2","3","12","76","153","40","38","54","75","C1835229"
"26169","22854","2","5","5","27","51","335","444","560","373","C1835229"
"26170","54768","2","3","12","41","92","197","57","198","517","C1835229"
"26171","1717","2","3","2","19","151","276","48","69","204","C1835229"
"26172","229","2","3","2","90","167","266","367","500","577","C1835229"
"26173","4868","2","5","7","53","51","335","25","560","373","C1835229"
"26174","1290","2","5","7","53","51","342","454","573","492","C1835229"
"26175","6310","2","3","12","22","142","225","366","362","468","C1835384"
"26176","84529","2","3","12","19","31","1","426","55","78","C1835384"
"26177","4853","2","3","12","19","124","143","428","236","667","C1835390"
"26178","2068","2","3","12","19","31","261","116","159","211","C1835390"
"26179","710","2","5","7","53","51","342","454","573","702","C1835390"
"26180","1947","2","5","7","53","51","20","25","560","373","C1835398"
"26181","4791","2","3","12","41","219","339","156","568","697","C1835398"
"26182","6928","2","3","3","19","221","321","428","541","667","C1835407"
"26183","2588","2","3","7","34","52","216","395","549","674","C1835452"
"26184","7456","2","5","7","60","14","20","25","40","215","C1835452"
"26185","6690","2","5","7","68","51","119","395","549","674","C1835452"
"26186","54806","2","5","7","76","153","40","38","54","75","C1835452"
"26187","4763","2","5","7","60","54","24","30","46","214","C1835452"
"26188","9451","2","3","2","110","51","335","226","297","380","C1835452"
"26189","7849","2","3","3","19","221","321","428","541","667","C1835452"
"26190","2074","2","3","12","19","31","1","426","55","78","C1835452"
"26191","3737","2","5","8","63","36","166","106","110","158","C1835452"
"26192","2064","2","5","7","53","14","20","25","40","186","C1835452"
"26193","1293","2","5","7","53","51","342","454","573","492","C1835452"
"26194","355","2","3","7","41","219","339","156","568","697","C1835452"
"26195","8452","2","3","12","41","116","268","434","468","213","C1835452"
"26196","55699","2","3","2","110","85","67","76","252","154","C1835452"
"26197","4720","2","3","2","48","170","50","119","444","556","C1835452"
"26198","3945","2","3","2","62","137","76","136","212","286","C1835452"
"26199","9842","2","3","5","76","155","76","291","152","420","C1835452"
"26200","3265","2","5","7","60","54","24","30","46","72","C1835452"
"26201","3425","2","3","5","80","81","166","454","573","492","C1835452"
"26202","6786","2","5","8","63","45","23","103","464","187","C1835452"
"26203","8642","2","5","7","53","51","335","444","560","373","C1835452"
"26204","50511","2","3","12","19","31","1","426","55","78","C1835452"
"26205","641","2","3","12","19","31","261","116","1","86","C1835452"
"26206","5443","2","5","4","68","96","326","427","548","672","C1835452"
"26207","1312","2","3","2","87","79","105","426","129","25","C1835452"
"26208","3691","2","5","7","53","51","342","454","573","492","C1835452"
"26209","2811","2","5","7","53","51","1","454","573","78","C1835452"
"26210","811","2","3","2","41","116","342","423","536","342","C1835452"
"26211","2006","2","5","7","53","51","342","454","573","492","C1835452"
"26212","825","2","5","7","53","51","342","454","573","492","C1835452"
"26213","23299","2","3","12","76","153","40","38","54","75","C1835473"
"26214","148738","2","5","7","53","51","342","444","560","373","C1835473"
"26215","324","2","3","12","41","219","197","70","255","422","C1835473"
"26216","5832","2","3","2","101","62","189","182","509","252","C1835473"
"26217","3033","2","3","2","67","80","145","179","239","618","C1835473"
"26218","7042","2","5","7","53","51","342","454","573","492","C1835473"
"26219","10483","2","3","7","60","54","24","30","46","72","C1835473"
"26220","25942","2","3","12","19","31","1","426","55","78","C1835473"
"26221","3952","2","5","3","53","151","276","91","433","118","C1835473"
"26222","6532","2","5","8","45","94","199","240","415","666","C1835473"
"26223","4613","2","3","12","19","31","1","426","55","78","C1835473"
"26224","673","2","5","7","53","14","20","34","540","68","C1835570"
"26225","10020","2","3","2","89","124","204","42","452","258","C1835570"
"26226","1188","2","5","8","63","45","23","34","464","187","C1835570"
"26227","4893","2","5","7","34","52","24","30","46","72","C1835573"
"26228","2624","2","3","12","19","31","1","155","287","116","C1835573"
"26229","3990","2","3","5","26","35","178","9","414","220","C1835574"
"26230","130340","2","5","7","60","153","184","341","544","669","C1835574"
"26231","3689","2","5","7","34","52","216","395","549","674","C1835579"
"26232","29899","2","5","4","68","96","326","427","548","672","C1835579"
"26233","94","2","5","7","53","51","342","259","423","389","C1835580"
"26234","6581","2","3","8","45","94","199","240","415","666","C1835580"
"26235","3914","2","5","7","53","51","342","454","573","492","C1835583"
"26236","5913","2","5","7","27","36","71","341","223","219","C1835583"
"26237","2554","2","5","8","27","70","99","162","216","290","C1835614"
"26238","54567","2","5","7","53","51","143","428","236","667","C1835614"
"26239","9469","2","3","2","103","189","303","29","475","467","C1835614"
"26240","1896","2","5","12","41","219","339","156","568","697","C1835614"
"26241","4540","2","3","2","48","170","50","119","444","556","C1835662"
"26242","50","2","3","5","80","81","50","304","167","593","C1835662"
"26243","4010","2","3","3","19","221","321","428","541","667","C1835672"
"26244","6392","2","3","2","48","170","50","119","444","556","C1835686"
"26245","27329","2","5","7","53","51","342","454","573","492","C1835686"
"26246","326","2","3","12","19","31","261","377","370","269","C1835686"
"26247","1499","2","3","12","19","221","197","259","560","422","C1835686"
"26248","8216","2","3","12","41","119","330","214","454","144","C1835686"
"26249","7157","2","3","12","19","31","261","402","489","551","C1835686"
"26250","3240","2","5","7","34","52","216","395","549","674","C1835686"
"26251","176","2","5","7","53","51","342","454","573","492","C1835686"
"26252","335","2","5","7","53","51","342","454","573","492","C1835762"
"26253","3845","2","5","7","60","54","24","30","46","72","C1835762"
"26254","22930","2","5","7","60","54","24","30","46","72","C1835762"
"26255","4864","2","3","5","48","152","184","341","544","669","C1835763"
"26256","1145","2","5","8","27","70","99","162","216","290","C1835763"
"26257","29968","2","3","8","67","94","199","182","509","666","C1835763"
"26258","4929","2","3","3","19","151","276","91","433","118","C1835763"
"26259","6392","2","3","2","48","170","50","119","444","556","C1835763"
"26260","58","2","5","8","63","45","23","103","464","187","C1835763"
"26261","6519","2","3","5","45","94","199","240","415","666","C1835763"
"26262","1134","2","5","8","27","70","99","162","216","290","C1835763"
"26263","1778","2","3","7","76","153","40","38","54","75","C1835763"
"26264","4221","2","3","12","19","31","342","454","573","492","C1835763"
"26265","9723","2","5","7","53","51","342","79","560","373","C1835763"
"26266","5828","2","3","5","43","161","305","409","208","482","C1835763"
"26267","4626","2","5","8","63","45","23","103","464","187","C1835763"
"26268","55636","2","3","3","19","221","321","428","423","389","C1835763"
"26269","6905","2","3","12","76","153","40","38","54","75","C1835763"
"26270","25923","2","3","2","48","184","50","119","444","116","C1835763"
"26271","5295","2","5","7","53","14","20","25","40","186","C1835763"
"26272","8878","2","3","12","41","219","339","156","568","697","C1835763"
"26273","2316","2","5","7","53","51","342","454","573","702","C1835763"
"26274","2033","2","3","12","19","31","1","91","433","118","C1835763"
"26275","4626","2","5","8","63","45","23","103","464","187","C1835763"
"26276","1232","2","5","4","68","96","326","427","548","672","C1835763"
"26277","9569","2","3","12","19","31","276","91","433","118","C1835763"
"26278","8626","2","3","3","19","221","321","428","541","667","C1835763"
"26279","4038","2","5","7","53","51","342","454","573","492","C1835763"
"26280","134","2","5","4","68","96","326","427","548","672","C1835796"
"26281","5354","2","5","7","27","36","150","341","223","628","C1835796"
"26282","9782","2","3","2","22","33","323","66","101","136","C1835798"
"26283","175","2","3","7","34","52","216","395","549","674","C1835798"
"26284","26160","2","3","12","76","153","40","38","54","75","C1835801"
"26285","3691","2","5","7","53","51","342","454","573","492","C1835801"
"26286","51339","2","3","12","41","116","268","434","568","605","C1835801"
"26287","4297","2","3","12","19","31","1","426","55","78","C1835801"
"26288","1487","2","3","12","19","31","1","426","55","340","C1835807"
"26289","701","2","3","12","76","153","40","38","54","75","C1835807"
"26290","4535","2","3","2","48","170","50","119","444","556","C1835807"
"26291","4703","2","5","7","60","45","23","103","464","187","C1835807"
"26292","650","2","5","7","53","51","342","259","423","389","C1835807"
"26293","54101","2","3","2","48","170","50","347","167","593","C1835807"
"26294","1186","2","5","8","63","45","23","34","464","187","C1835828"
"26295","8985","2","5","7","53","51","342","454","573","492","C1835828"
"26296","54567","2","5","7","53","51","143","428","236","667","C1835993"
"26297","2033","2","3","12","19","31","1","91","433","118","C1835993"
"26298","1410","2","3","12","63","45","23","38","54","187","C1835995"
"26299","652","2","5","7","53","51","342","454","573","492","C1835995"
"26300","4204","2","3","12","19","31","1","426","55","78","C1835995"
"26301","5605","2","5","7","53","14","20","34","540","68","C1835995"
"26302","2719","2","5","7","53","51","342","454","573","492","C1835995"
"26303","6440","2","5","5","68","96","185","238","310","272","C1836003"
"26304","2517","2","3","7","34","52","216","395","549","674","C1836003"
"26305","4000","2","3","12","26","105","178","226","297","156","C1836003"
"26306","6448","2","3","5","74","160","294","376","453","567","C1836003"
"26307","2767","2","5","4","68","96","326","427","548","672","C1836003"
"26308","4256","2","5","7","53","51","342","454","573","492","C1836003"
"26309","5159","2","5","7","53","14","20","25","40","186","C1836003"
"26310","4221","2","3","12","19","31","342","454","573","492","C1836003"
"26311","55699","2","3","2","110","85","67","76","252","154","C1836003"
"26312","1401","2","5","7","53","51","119","395","573","492","C1836003"
"26313","9896","2","3","5","80","81","296","399","201","274","C1836010"
"26314","23384","2","3","12","63","45","184","103","572","658","C1836014"
"26315","6687","2","3","2","48","170","50","119","444","593","C1836014"
"26316","488","2","5","8","63","45","23","103","464","187","C1836014"
"26317","7139","2","5","8","63","45","23","103","464","187","C1836014"
"26318","8260","2","3","12","41","85","266","76","287","78","C1836014"
"26319","9342","2","5","7","34","52","216","395","549","674","C1836014"
"26320","8200","2","5","7","53","51","342","259","423","389","C1836014"
"26321","9968","2","4","3","24","119","330","214","454","144","C1836014"
"26322","579","2","3","3","19","221","321","428","541","667","C1836023"
"26323","2099","2","3","12","19","151","276","91","433","118","C1836023"
"26324","5830","2","3","5","43","161","305","409","208","482","C1836038"
"26325","6390","2","3","2","48","170","50","119","444","556","C1836038"
"26326","1717","2","3","2","19","151","276","48","69","204","C1836038"
"26327","2260","2","5","7","53","14","20","25","40","186","C1836038"
"26328","3766","2","5","8","63","36","166","106","110","158","C1836038"
"26329","7274","2","3","5","43","161","99","162","216","290","C1836038"
"26330","10011","2","3","12","19","31","276","91","433","118","C1836038"
"26331","5626","2","3","3","19","221","321","428","541","667","C1836038"
"26332","6925","2","3","12","19","31","225","142","220","298","C1836038"
"26333","23095","2","3","7","76","153","40","38","54","75","C1836038"
"26334","134","2","5","4","68","96","326","427","548","672","C1836038"
"26335","2304","2","3","12","19","221","321","428","541","667","C1836038"
"26336","5745","2","5","4","68","96","326","427","548","672","C1836038"
"26337","3552","2","3","12","53","51","119","156","489","416","C1836038"
"26338","5075","2","3","3","19","221","321","428","541","667","C1836057"
"26339","3064","2","3","12","48","170","50","444","91","439","C1836057"
"26340","5373","2","3","2","90","167","123","158","207","278","C1836057"
"26341","3786","2","5","8","63","36","166","106","110","158","C1836057"
"26342","28958","2","3","2","48","170","50","119","444","556","C1836057"
"26343","7476","2","5","3","68","221","197","259","560","422","C1836057"
"26344","1759","2","5","7","60","14","184","341","544","669","C1836057"
"26345","6234","2","3","2","110","85","237","433","547","671","C1836149"
"26346","5519","2","3","12","76","153","40","38","54","75","C1836149"
"26347","2218","2","5","2","53","123","194","255","560","373","C1836149"
"26348","3845","2","5","7","60","54","24","30","46","72","C1836150"
"26349","3479","2","5","7","53","51","342","454","573","492","C1836150"
"26350","51684","2","3","12","41","116","268","38","54","75","C1836150"
"26351","1146","2","5","8","27","70","99","162","216","290","C1836150"
"26352","9427","2","5","5","53","51","119","252","489","416","C1836150"
"26353","56623","2","3","5","80","81","296","118","543","214","C1836150"
"26354","50964","2","5","3","68","221","197","259","423","422","C1836150"
"26355","283","2","5","7","53","51","335","444","560","373","C1836150"
"26356","2937","2","3","2","83","171","97","381","478","597","C1836150"
"26357","6138","2","3","2","110","85","237","433","547","671","C1836150"
"26358","3440","2","3","12","19","184","118","155","287","116","C1836150"
"26359","29899","2","5","4","68","96","326","427","548","672","C1836150"
"26360","1293","2","5","7","53","51","342","454","573","492","C1836150"
"26361","1280","2","5","7","53","51","342","454","573","492","C1836150"
"26362","7319","2","3","12","41","116","268","434","468","213","C1836150"
"26363","11186","2","5","7","60","54","24","30","46","72","C1836150"
"26364","23322","2","3","12","76","153","40","38","54","75","C1836150"
"26365","3764","2","5","8","63","36","166","106","110","158","C1836174"
"26366","7043","2","5","7","53","51","342","454","573","492","C1836174"
"26367","3887","2","1","6","11","142","225","142","220","298","C1836184"
"26368","23025","2","5","7","60","36","71","341","223","624","C1836184"
"26369","3815","2","5","7","53","14","20","25","40","186","C1836184"
"26370","6611","2","3","2","58","55","25","46","329","198","C1836184"
"26371","7534","2","3","2","48","57","110","141","359","411","C1836184"
"26372","1019","2","3","12","19","31","1","116","1","86","C1836184"
"26373","1371","2","3","5","17","24","261","116","164","6","C1836184"
"26374","5333","2","3","5","18","16","40","417","103","58","C1836184"
"26375","545","2","3","12","19","31","261","116","1","86","C1836184"
"26376","355","2","3","7","41","219","339","156","568","697","C1836184"
"26377","6356","2","5","7","53","51","326","427","489","416","C1836184"
"26378","3239","2","3","3","19","221","321","428","541","667","C1836184"
"26379","51119","2","3","2","110","85","237","433","547","671","C1836184"
"26380","2317","2","5","7","63","45","23","103","287","664","C1836184"
"26381","2984","2","3","4","68","96","326","427","548","672","C1836184"
"26382","551","2","5","4","68","96","326","427","548","672","C1836186"
"26383","1778","2","3","7","76","153","40","38","54","75","C1836186"
"26384","6392","2","3","2","48","170","50","119","444","556","C1836186"
"26385","1947","2","5","7","53","51","20","25","560","373","C1836186"
"26386","8820","2","3","3","19","221","321","428","541","667","C1836186"
"26387","9968","2","4","3","24","119","330","214","454","144","C1836186"
"26388","2623","2","3","12","19","31","1","155","287","116","C1836192"
"26389","5205","2","3","8","63","45","23","103","464","619","C1836192"
"26390","7227","2","3","12","19","31","276","91","433","118","C1836192"
"26391","4054","2","5","7","53","51","342","454","573","492","C1836192"
"26392","53834","2","5","7","53","51","342","454","573","492","C1836192"
"26393","6845","2","5","7","60","14","184","341","544","669","C1836193"
"26394","1778","2","3","7","76","153","40","38","54","75","C1836193"
"26395","6311","2","3","2","22","33","323","66","362","468","C1836193"
"26396","190","2","3","3","19","151","276","91","433","118","C1836193"
"26397","867","2","5","7","53","14","184","25","40","669","C1836193"
"26398","4000","2","3","12","26","105","178","226","297","156","C1836193"
"26399","7941","2","3","5","7","218","338","450","567","696","C1836193"
"26400","686","2","3","5","80","81","166","166","127","173","C1836193"
"26401","3549","2","5","3","53","51","197","259","560","422","C1836193"
"26402","3110","2","3","3","19","221","321","428","541","667","C1836195"
"26403","51085","2","3","2","48","57","110","141","359","462","C1836195"
"26404","2588","2","3","7","34","52","216","395","549","674","C1836195"
"26405","4792","2","3","12","41","219","339","156","568","605","C1836195"
"26406","3630","2","5","7","53","14","20","25","40","186","C1836195"
"26407","23729","2","3","2","90","167","148","36","51","383","C1836195"
"26408","23426","2","5","7","42","36","71","177","223","219","C1836195"
"26409","1586","2","3","5","79","98","256","335","425","540","C1836195"
"26410","58508","2","3","12","19","31","1","426","55","78","C1836195"
"26411","182","2","5","7","53","51","143","428","236","667","C1836195"
"26412","9321","2","3","12","76","153","40","38","54","203","C1836195"
"26413","23418","2","5","7","53","36","71","177","560","373","C1836195"
"26414","1294","2","5","7","53","51","342","454","573","492","C1836195"
"26415","641","2","3","12","19","31","261","116","1","86","C1836195"
"26416","6231","2","3","2","110","85","237","433","547","671","C1836195"
"26417","54453","2","5","7","60","54","24","30","46","72","C1836195"
"26418","5627","2","5","7","53","51","342","454","573","702","C1836195"
"26419","1281","2","5","7","53","51","342","454","573","492","C1836195"
"26420","9719","2","5","7","53","51","342","454","573","492","C1836195"
"26421","3914","2","5","7","53","51","342","454","573","492","C1836195"
"26422","10564","2","5","7","60","54","24","30","46","72","C1836195"
"26423","1146","2","5","8","27","70","99","162","216","290","C1836195"
"26424","9095","2","5","7","53","51","335","444","560","373","C1836195"
"26425","6473","2","3","3","19","221","321","428","541","667","C1836195"
"26426","27031","2","3","6","11","142","225","38","331","506","C1836195"
"26427","3977","2","5","7","53","51","119","25","40","416","C1836195"
"26428","593","2","3","2","67","92","293","55","75","311","C1836195"
"26429","128674","2","5","4","68","96","326","427","548","672","C1836195"
"26430","5896","2","3","12","41","116","268","434","568","605","C1836195"
"26431","2353","2","3","12","19","31","1","91","489","416","C1836195"
"26432","153","2","5","4","68","96","326","427","548","672","C1836212"
"26433","2260","2","5","7","53","14","20","25","40","186","C1836212"
"26434","5428","2","3","2","48","170","50","119","167","593","C1836219"
"26435","5728","2","3","5","80","81","339","156","568","605","C1836219"
"26436","152330","2","5","7","27","51","335","444","560","373","C1836296"
"26437","4536","2","3","2","48","170","50","119","444","556","C1836296"
"26438","6663","2","3","3","19","221","321","428","541","667","C1836296"
"26439","4001","2","3","12","76","31","40","38","54","75","C1836296"
"26440","1967","2","3","2","110","85","237","433","547","671","C1836296"
"26441","1807","2","3","5","80","23","186","79","560","273","C1836296"
"26442","8481","2","3","12","76","153","40","38","54","75","C1836296"
"26443","5321","2","3","5","116","183","295","398","243","327","C1836296"
"26444","7124","2","3","12","41","219","339","156","568","697","C1836296"
"26445","7253","2","5","4","68","96","326","427","548","672","C1836296"
"26446","10913","2","3","12","41","219","339","156","568","697","C1836296"
"26447","7015","2","3","12","19","31","1","426","55","78","C1836296"
"26448","5428","2","3","2","48","170","50","119","167","593","C1836296"
"26449","6390","2","3","2","48","170","50","119","444","556","C1836296"
"26450","23636","2","3","12","22","33","323","66","101","664","C1836296"
"26451","23064","2","3","6","11","31","261","142","220","664","C1836296"
"26452","4745","2","5","7","53","51","342","454","573","492","C1836296"
"26453","1584","2","3","5","79","159","256","276","353","456","C1836296"
"26454","1544","2","3","5","91","214","271","372","471","586","C1836296"
"26455","3248","2","3","2","69","83","133","167","224","301","C1836296"
"26456","2697","2","3","7","76","153","40","38","54","75","C1836296"
"26457","301","2","5","4","68","96","326","427","548","672","C1836296"
"26458","55505","2","3","2","110","85","237","433","547","671","C1836296"
"26459","4851","2","3","12","19","221","143","428","236","667","C1836296"
"26460","4282","2","5","7","34","52","216","395","549","674","C1836296"
"26461","5015","2","3","3","19","221","321","428","541","667","C1836296"
"26462","5654","2","5","7","53","51","342","454","573","492","C1836296"
"26463","5993","2","3","12","19","31","1","426","55","78","C1836308"
"26464","55505","2","3","2","110","85","237","433","547","671","C1836308"
"26465","28952","2","3","12","41","116","268","434","468","213","C1836308"
"26466","6813","2","5","7","53","51","342","454","573","702","C1836308"
"26467","540","2","5","8","63","45","23","103","464","187","C1836308"
"26468","3052","2","3","2","48","170","50","119","444","556","C1836308"
"26469","9227","2","3","2","69","51","101","126","170","224","C1836392"
"26470","8625","2","3","12","19","31","276","91","236","118","C1836392"
"26471","7546","2","5","3","19","221","321","79","560","373","C1836392"
"26472","8481","2","3","12","76","153","40","38","54","75","C1836392"
"26473","1736","2","3","2","110","85","237","433","547","671","C1836392"
"26474","3476","2","3","12","76","137","76","136","472","435","C1836392"
"26475","7473","2","5","3","68","221","197","259","560","422","C1836392"
"26476","51185","2","3","2","22","33","323","66","101","136","C1836392"
"26477","5506","2","3","12","76","137","76","136","82","658","C1836395"
"26478","7439","2","5","8","63","45","23","34","464","187","C1836447"
"26479","5745","2","5","4","68","96","326","427","548","672","C1836447"
"26480","1589","2","3","5","79","186","215","297","379","491","C1836448"
"26481","1296","2","5","7","53","51","342","454","573","492","C1836448"
"26482","4541","2","3","2","48","170","50","119","444","24","C1836450"
"26483","3717","2","5","7","53","14","20","25","40","186","C1836450"
"26484","3569","2","5","7","53","51","342","454","573","416","C1836450"
"26485","54888","2","3","2","110","85","152","129","252","154","C1836450"
"26486","51761","2","5","8","63","45","23","103","464","187","C1836450"
"26487","51524","2","5","7","45","94","199","240","415","666","C1836450"
"26488","103","2","3","2","110","184","119","156","287","116","C1836451"
"26489","2263","2","5","7","53","14","20","25","40","186","C1836451"
"26490","6654","2","5","7","60","54","24","30","46","72","C1836451"
"26491","55651","2","3","2","110","85","237","433","547","671","C1836451"
"26492","359787","2","3","2","22","33","323","104","146","194","C1836451"
"26493","3872","2","1","6","11","142","225","142","220","298","C1836451"
"26494","3162","2","3","5","53","51","119","402","489","416","C1836451"
"26495","3592","2","5","7","53","51","119","25","489","416","C1836451"
"26496","8818","2","3","2","61","77","142","176","280","363","C1836479"
"26497","6674","2","3","12","48","57","50","38","54","462","C1836479"
"26498","720","2","5","7","53","51","342","454","573","492","C1836479"
"26499","10516","2","5","7","53","51","342","454","573","492","C1836508"
"26500","4846","2","3","5","41","219","75","243","44","64","C1836508"
"26501","2218","2","5","2","53","123","194","255","560","373","C1836508"
"26502","2776","2","5","4","68","96","326","427","548","672","C1836508"
"26503","1161","2","3","12","41","116","268","434","468","213","C1836508"
"26504","4851","2","3","12","19","221","143","428","236","667","C1836508"
"26505","171023","2","3","12","41","116","268","426","55","78","C1836508"
"26506","4313","2","5","7","53","51","342","454","573","492","C1836508"
"26507","368","2","3","12","41","116","268","423","536","445","C1836509"
"26508","2184","2","3","5","76","153","138","236","332","407","C1836509"
"26509","2033","2","3","12","19","31","1","91","433","118","C1836509"
"26510","1909","2","5","4","68","96","326","427","548","672","C1836509"
"26511","60482","2","5","8","45","94","199","240","415","666","C1836509"
"26512","3741","2","5","8","63","36","166","106","110","158","C1836509"
"26513","51816","2","5","7","34","52","216","395","549","674","C1836509"
"26514","6647","2","3","2","95","2","342","378","173","702","C1836509"
"26515","8557","2","5","8","63","45","23","103","464","187","C1836509"
"26516","324","2","3","12","41","219","197","70","255","422","C1836509"
"26517","6606","2","3","2","22","33","323","66","101","136","C1836509"
"26518","5894","2","5","7","60","54","23","34","464","187","C1836527"
"26519","4306","2","3","3","19","151","276","91","433","118","C1836527"
"26520","71","2","5","7","60","14","184","103","544","669","C1836527"
"26521","10342","2","3","7","60","219","40","202","66","203","C1836527"
"26522","3553","2","5","7","53","51","119","25","489","416","C1836527"
"26523","1678","2","3","2","48","170","50","304","167","593","C1836527"
"26524","7518","2","3","12","19","31","261","116","1","86","C1836527"
"26525","10558","2","3","2","50","47","39","100","321","209","C1836533"
"26526","3953","2","5","7","53","14","20","25","40","186","C1836533"
"26527","10743","2","3","3","19","151","276","91","433","118","C1836543"
"26528","7263","2","3","2","14","156","168","439","242","256","C1836543"
"26529","8805","2","3","3","19","151","276","91","433","118","C1836543"
"26530","8600","2","5","7","41","219","339","156","568","697","C1836543"
"26531","4000","2","3","12","26","105","178","226","297","156","C1836543"
"26532","26608","2","3","2","22","170","50","119","463","153","C1836543"
"26533","2876","2","3","5","80","81","110","378","173","229","C1836543"
"26534","4001","2","3","12","76","31","40","38","54","75","C1836543"
"26535","7840","2","3","12","76","153","40","38","54","75","C1836543"
"26536","8642","2","5","7","53","51","335","444","560","373","C1836543"
"26537","6785","2","3","5","67","7","5","239","311","393","C1836543"
"26538","4998","2","3","12","76","31","261","116","1","86","C1836543"
"26539","1482","2","3","3","19","221","321","428","541","667","C1836543"
"26540","1281","2","5","7","53","51","342","454","573","492","C1836543"
"26541","8086","2","3","12","22","33","323","66","101","664","C1836543"
"26542","3284","2","3","2","69","98","169","299","183","243","C1836543"
"26543","3084","2","5","7","53","14","20","25","40","186","C1836543"
"26544","1062","2","3","12","76","153","40","38","54","75","C1836543"
"26545","5296","2","5","7","53","14","20","25","40","186","C1836543"
"26546","54756","2","5","7","41","219","238","118","543","214","C1836543"
"26547","6657","2","3","12","19","221","321","428","541","667","C1836543"
"26548","23495","2","3","12","41","219","339","156","568","697","C1836543"
"26549","6622","2","3","7","27","36","150","341","223","628","C1836543"
"26550","8195","2","3","12","76","153","76","38","54","75","C1836543"
"26551","1528","2","3","5","91","214","271","372","471","586","C1836543"
"26552","26191","2","5","7","53","14","20","25","40","186","C1836573"
"26553","847","2","3","7","34","52","216","395","549","674","C1836573"
"26554","2998","2","3","2","28","22","48","232","82","114","C1836576"
"26555","3954","2","3","2","48","170","67","119","444","593","C1836576"
"26556","10585","2","5","2","27","206","324","430","215","290","C1836589"
"26557","2255","2","5","7","53","14","20","25","40","186","C1836589"
"26558","4340","2","5","7","53","51","119","341","223","628","C1836589"
"26559","9187","2","5","8","45","94","199","240","415","666","C1836609"
"26560","5296","2","5","7","53","14","20","25","40","186","C1836609"
"26561","4846","2","3","5","41","219","75","243","44","64","C1836623"
"26562","51684","2","3","12","41","116","268","38","54","75","C1836623"
"26563","2074","2","3","12","19","31","1","426","55","78","C1836623"
"26564","9031","2","3","12","19","31","1","426","55","78","C1836623"
"26565","1294","2","5","7","53","51","342","454","573","492","C1836623"
"26566","1674","2","5","8","63","45","23","103","464","187","C1836623"
"26567","11234","2","3","5","60","18","184","341","544","669","C1836623"
"26568","10512","2","5","3","53","51","342","79","560","373","C1836623"
"26569","5728","2","3","5","80","81","339","156","568","605","C1836623"
"26570","3105","2","5","7","53","51","119","156","287","116","C1836623"
"26571","9095","2","5","7","53","51","335","444","560","373","C1836623"
"26572","641","2","3","12","19","31","261","116","1","86","C1836623"
"26573","1813","2","5","4","68","96","326","427","548","672","C1836635"
"26574","5885","2","3","12","76","153","40","38","54","75","C1836635"
"26575","1411","2","3","6","63","45","160","362","177","673","C1836635"
"26576","9184","2","3","12","76","153","40","38","54","75","C1836635"
"26577","4860","2","3","7","34","52","216","395","549","150","C1836635"
"26578","3208","2","5","7","27","36","150","341","223","628","C1836635"
"26579","8241","2","3","2","22","33","323","66","101","136","C1836635"
"26580","478","2","3","8","63","45","23","366","464","187","C1836635"
"26581","7369","2","5","7","53","51","119","395","549","674","C1836635"
"26582","64072","2","5","7","53","51","335","444","560","373","C1836635"
"26583","22926","2","3","12","19","31","276","91","433","118","C1836635"
"26584","4541","2","3","2","48","170","50","119","444","24","C1836635"
"26585","158","2","3","4","96","177","61","373","341","142","C1836635"
"26586","443","2","3","5","80","81","189","182","509","409","C1836646"
"26587","3295","2","3","5","43","161","305","409","208","482","C1836646"
"26588","3248","2","3","2","69","83","133","167","224","301","C1836646"
"26589","7345","2","3","12","41","116","268","341","223","628","C1836646"
"26590","6578","2","3","5","35","41","77","40","57","80","C1836651"
"26591","8799","2","3","5","43","161","305","409","208","482","C1836651"
"26592","6658","2","3","12","19","221","321","428","541","667","C1836653"
"26593","8312","2","3","12","41","219","339","156","568","605","C1836653"
"26594","25923","2","3","2","48","184","50","119","444","116","C1836653"
"26595","1644","2","3","2","88","79","239","333","258","345","C1836653"
"26596","50617","2","3","5","29","88","100","125","168","223","C1836653"
"26597","54982","2","3","2","48","170","50","399","167","593","C1836653"
"26598","58","2","5","8","63","45","23","103","464","187","C1836653"
"26599","3440","2","3","12","19","184","118","155","287","116","C1836653"
"26600","5648","2","5","7","53","51","119","395","549","674","C1836653"
"26601","10572","2","3","12","41","219","339","402","489","697","C1836653"
"26602","2121","2","3","12","41","116","268","434","568","605","C1836653"
"26603","1909","2","5","4","68","96","326","427","548","672","C1836653"
"26604","6622","2","3","7","27","36","150","341","223","628","C1836653"
"26605","7461","2","3","7","60","153","40","38","93","75","C1836674"
"26606","9841","2","3","6","11","142","225","142","220","298","C1836674"
"26607","5573","2","3","12","19","184","118","155","287","116","C1836678"
"26608","5697","2","5","4","68","96","326","427","548","672","C1836678"
"26609","51119","2","3","2","110","85","237","433","547","671","C1836678"
"26610","3954","2","3","2","48","170","67","119","444","593","C1836688"
"26611","23414","2","3","12","19","31","118","155","287","116","C1836688"
"26612","7546","2","5","3","19","221","321","79","560","373","C1836688"
"26613","23592","2","3","12","26","105","342","259","423","389","C1836688"
"26614","3094","2","3","2","48","170","266","367","500","78","C1836688"
"26615","6530","2","5","8","45","94","199","240","415","666","C1836688"
"26616","1586","2","3","5","79","98","256","335","425","540","C1836688"
"26617","8945","2","3","12","41","116","268","434","468","213","C1836696"
"26618","4038","2","5","7","53","51","342","454","573","492","C1836696"
"26619","23767","2","5","7","53","14","20","25","40","186","C1836696"
"26620","3166","2","3","3","19","221","321","428","541","667","C1836696"
"26621","6722","2","3","12","76","153","40","38","54","75","C1836696"
"26622","9790","2","3","2","110","85","237","433","547","671","C1836696"
"26623","4487","2","3","3","19","221","321","428","541","667","C1836696"
"26624","1643","2","3","12","41","116","268","434","468","213","C1836696"
"26625","368","2","3","12","41","116","268","423","536","445","C1836696"
"26626","3949","2","5","7","60","14","184","341","544","669","C1836696"
"26627","2731","2","3","2","106","104","214","234","67","53","C1836705"
"26628","5328","2","5","7","34","52","216","395","549","674","C1836729"
"26629","6736","2","3","12","19","31","276","91","433","667","C1836729"
"26630","1588","2","3","5","79","159","256","350","27","44","C1836729"
"26631","7837","2","3","5","80","51","342","454","573","492","C1836729"
"26632","1387","2","3","12","19","31","276","91","433","118","C1836729"
"26633","54551","2","3","12","41","219","197","156","568","422","C1836729"
"26634","1834","2","5","7","53","51","342","454","573","492","C1836736"
"26635","3663","2","3","12","53","184","119","156","287","116","C1836736"
"26636","673","2","5","7","53","14","20","34","540","68","C1836736"
"26637","11067","2","5","6","11","142","225","142","220","298","C1836736"
"26638","1280","2","5","7","53","51","342","454","573","492","C1836736"
"26639","1592","2","3","5","91","214","101","126","460","224","C1836737"
"26640","4358","2","3","5","43","161","305","409","208","482","C1836737"
"26641","3908","2","5","7","53","51","342","454","573","492","C1836737"
"26642","4340","2","5","7","53","51","119","341","223","628","C1836737"
"26643","207","2","3","7","53","14","20","34","489","416","C1836737"
"26644","10763","2","3","12","76","36","150","74","73","100","C1836742"
"26645","5339","2","5","7","53","51","342","454","573","492","C1836742"
"26646","23729","2","3","2","90","167","148","36","51","383","C1836743"
"26647","4869","2","3","12","110","85","237","433","547","664","C1836743"
"26648","4157","2","5","4","68","96","326","427","548","672","C1836765"
"26649","54585","2","3","12","76","153","76","38","54","75","C1836767"
"26650","4593","2","5","7","53","14","20","454","573","492","C1836767"
"26651","596","2","3","12","19","219","339","402","489","416","C1836767"
"26652","1371","2","3","5","17","24","261","116","164","6","C1836842"
"26653","1281","2","5","7","53","51","342","454","573","492","C1836842"
"26654","3543","2","5","7","53","51","119","395","549","674","C1836842"
"26655","1490","2","5","7","53","51","342","454","573","492","C1836842"
"26656","2022","2","5","7","53","51","342","259","423","389","C1836851"
"26657","10280","2","3","2","110","85","52","57","86","119","C1836851"
"26658","551","2","5","4","68","96","326","427","548","672","C1836851"
"26659","7124","2","3","12","41","219","339","156","568","697","C1836852"
"26660","1161","2","3","12","41","116","268","434","468","213","C1836852"
"26661","54345","2","5","3","19","221","321","428","541","667","C1836852"
"26662","1813","2","5","4","68","96","326","427","548","672","C1836852"
"26663","7515","2","3","12","19","31","261","116","1","86","C1836852"
"26664","5189","2","3","5","43","161","305","409","208","482","C1836855"
"26665","26047","2","5","7","27","36","335","341","223","373","C1836855"
"26666","7078","2","5","7","53","51","342","454","573","702","C1836855"
"26667","4053","2","5","7","53","51","342","454","573","492","C1836855"
"26668","6885","2","3","12","41","219","339","156","568","697","C1836855"
"26669","2737","2","3","12","19","116","321","428","54","667","C1836855"
"26670","4625","2","3","8","63","45","23","103","464","187","C1836855"
"26671","5244","2","3","3","41","151","276","91","433","118","C1836855"
"26672","4318","2","5","7","34","52","216","395","573","492","C1836868"
"26673","5447","2","3","5","91","214","271","372","471","586","C1836868"
"26674","7036","2","3","5","29","88","132","85","222","346","C1836923"
"26675","472","2","3","12","19","31","261","116","1","86","C1836923"
"26676","2316","2","5","7","53","51","342","454","573","702","C1836923"
"26677","6529","2","5","8","45","94","199","240","415","666","C1836923"
"26678","55636","2","3","3","19","221","321","428","423","389","C1836923"
"26679","7290","2","3","12","19","31","1","426","55","78","C1836926"
"26680","2623","2","3","12","19","31","1","155","287","116","C1836926"
"26681","3845","2","5","7","60","54","24","30","46","72","C1836926"
"26682","3845","2","5","7","60","54","24","30","46","72","C1836926"
"26683","5580","2","5","7","34","52","216","395","287","116","C1836926"
"26684","7372","2","3","2","68","119","109","266","182","182","C1836926"
"26685","3764","2","5","8","63","36","166","106","110","158","C1836926"
"26686","50484","2","3","5","80","109","182","235","307","506","C1836926"
"26687","4689","2","5","7","60","14","20","25","40","215","C1836926"
"26688","2239","2","3","2","74","51","342","454","573","492","C1836926"
"26689","51128","2","5","7","60","153","24","38","46","72","C1836926"
"26690","3852","2","1","6","11","142","225","142","220","298","C1836926"
"26691","54903","2","3","12","76","153","40","38","54","75","C1836940"
"26692","1380","2","5","7","53","51","119","395","549","674","C1836940"
"26693","22827","2","3","2","22","33","323","66","101","136","C1836940"
"26694","7287","2","5","7","11","142","71","341","560","219","C1836940"
"26695","3594","2","5","7","53","51","119","25","560","373","C1836940"
"26696","411","2","3","7","34","52","216","395","549","674","C1836940"
"26697","3439","2","3","12","19","184","118","155","287","116","C1836940"
"26698","6794","2","3","12","53","14","20","34","540","68","C1836940"
"26699","23090","2","3","12","19","151","276","91","433","118","C1836940"
"26700","1281","2","5","7","53","51","342","454","573","492","C1836940"
"26701","1493","2","5","7","53","51","119","25","40","186","C1836940"
"26702","5428","2","3","2","48","170","50","119","167","593","C1836940"
"26703","7259","2","3","12","19","31","1","426","55","78","C1836940"
"26704","1184","2","5","8","63","45","23","34","464","187","C1836940"
"26705","5173","2","5","4","68","96","326","427","548","672","C1836940"
"26706","2033","2","3","12","19","31","1","91","433","118","C1836940"
"26707","3248","2","3","2","69","83","133","167","224","301","C1836940"
"26708","3730","2","5","7","53","14","20","25","40","186","C1836940"
"26709","1299","2","5","7","53","51","342","454","573","492","C1836940"
"26710","54806","2","5","7","76","153","40","38","54","75","C1836940"
"26711","3000","2","5","4","68","96","326","427","548","672","C1836940"
"26712","6607","2","3","2","22","33","323","66","101","664","C1836940"
"26713","5295","2","5","7","53","14","20","25","40","186","C1836940"
"26714","1130","2","5","7","60","54","326","141","359","462","C1836940"
"26715","2022","2","5","7","53","51","342","259","423","389","C1836940"
"26716","5625","2","3","2","101","103","177","225","271","356","C1836940"
"26717","5327","2","5","7","53","51","342","454","573","492","C1836940"
"26718","213","2","5","7","53","51","342","454","573","492","C1836940"
"26719","7259","2","3","12","19","31","1","426","55","78","C1836940"
"26720","10861","2","3","2","35","142","225","142","220","673","C1836940"
"26721","4158","2","5","4","68","96","326","427","548","672","C1836996"
"26722","2936","2","3","2","48","57","110","141","359","229","C1836996"
"26723","3481","2","5","7","53","51","342","454","573","492","C1836996"
"26724","3815","2","5","7","53","14","20","25","40","186","C1836996"
"26725","2130","2","3","2","22","33","323","66","491","609","C1836996"
"26726","6521","2","5","8","35","41","199","40","415","666","C1836996"
"26727","25939","2","3","12","53","184","119","156","287","116","C1836996"
"26728","8820","2","3","3","19","221","321","428","541","667","C1836996"
"26729","4000","2","3","12","26","105","178","226","297","156","C1836996"
"26730","1161","2","3","12","41","116","268","434","468","213","C1836996"
"26731","80169","2","3","12","19","31","261","116","1","86","C1836996"
"26732","9215","2","5","2","27","36","150","430","215","628","C1837014"
"26733","4514","2","3","2","48","57","110","141","359","5","C1837014"
"26734","6938","2","3","12","19","31","1","426","55","78","C1837028"
"26735","10484","2","3","7","60","153","40","38","54","203","C1837028"
"26736","7461","2","3","7","60","153","40","38","93","75","C1837028"
"26737","1879","2","3","3","19","151","276","91","433","118","C1837028"
"26738","1756","2","5","8","63","45","23","103","464","187","C1837028"
"26739","731","2","5","7","53","51","119","395","549","674","C1837066"
"26740","1380","2","5","7","53","51","119","395","549","674","C1837066"
"26741","3557","2","3","12","41","219","339","156","568","697","C1837066"
"26742","2260","2","5","7","53","14","20","25","40","186","C1837066"
"26743","1001","2","5","7","53","51","335","444","560","373","C1837066"
"26744","55131","2","3","2","110","85","237","433","547","671","C1837066"
"26745","1848","2","3","5","42","81","296","399","201","274","C1837066"
"26746","8000","2","5","8","53","51","342","259","423","389","C1837066"
"26747","54938","2","3","2","110","85","67","76","252","154","C1837066"
"26748","10020","2","3","2","89","124","204","42","452","258","C1837066"
"26749","595","2","3","12","19","31","1","426","489","416","C1837066"
"26750","427","2","3","7","34","52","216","395","549","420","C1837066"
"26751","2120","2","3","12","19","31","193","306","148","624","C1837066"
"26752","8892","2","3","2","110","85","237","433","547","671","C1837066"
"26753","1487","2","3","12","19","31","1","426","55","340","C1837066"
"26754","3172","2","3","3","19","151","276","91","433","118","C1837078"
"26755","2812","2","5","7","53","51","342","454","573","492","C1837078"
"26756","3508","2","3","12","19","31","261","116","1","86","C1837078"
"26757","7170","2","5","8","63","45","23","103","464","187","C1837081"
"26758","54806","2","5","7","76","153","40","38","54","75","C1837081"
"26759","7299","2","3","5","23","18","138","250","332","407","C1837081"
"26760","60","2","3","12","60","45","184","155","287","78","C1837081"
"26761","23169","2","3","2","78","205","112","430","429","544","C1837081"
"26762","6718","2","3","2","46","136","227","168","225","490","C1837081"
"26763","2243","2","5","7","53","51","342","454","573","492","C1837081"
"26764","2588","2","3","7","34","52","216","395","549","674","C1837081"
"26765","2022","2","5","7","53","51","342","259","423","389","C1837081"
"26766","7403","2","3","12","19","31","1","426","55","78","C1837081"
"26767","3763","2","5","8","63","36","166","106","110","158","C1837081"
"26768","2555","2","5","8","27","70","99","162","216","290","C1837081"
"26769","4000","2","3","12","26","105","178","226","297","156","C1837081"
"26770","367","2","3","12","19","31","276","91","433","118","C1837081"
"26771","2261","2","5","7","53","14","20","25","40","186","C1837081"
"26772","6329","2","5","8","63","36","166","341","390","158","C1837081"
"26773","10225","2","5","7","53","51","119","395","549","674","C1837081"
"26774","8200","2","5","7","53","51","342","259","423","389","C1837081"
"26775","4000","2","3","12","26","105","178","226","297","156","C1837081"
"26776","9791","2","3","8","45","94","199","240","415","666","C1837082"
"26777","7099","2","5","7","41","219","339","156","568","697","C1837082"
"26778","11200","2","3","12","19","31","261","116","1","86","C1837082"
"26779","6340","2","5","8","63","45","23","34","464","187","C1837082"
"26780","9184","2","3","12","76","153","40","38","54","75","C1837082"
"26781","4359","2","5","7","53","51","342","454","573","492","C1837082"
"26782","54757","2","5","7","53","51","342","454","573","492","C1837082"
"26783","50807","2","5","7","60","14","24","25","40","215","C1837082"
"26784","8398","2","3","5","116","183","40","38","352","455","C1837082"
"26785","5745","2","5","4","68","96","326","427","548","672","C1837082"
"26786","3458","2","5","7","53","184","119","156","287","116","C1837087"
"26787","7248","2","3","2","48","57","110","141","359","462","C1837087"
"26788","4784","2","3","2","22","33","261","116","159","211","C1837087"
"26789","4158","2","5","4","68","96","326","427","548","672","C1837087"
"26790","8291","2","5","8","63","45","23","103","464","187","C1837087"
"26791","5657","2","5","7","34","52","216","395","549","674","C1837087"
"26792","1184","2","5","8","63","45","23","34","464","187","C1837087"
"26793","4068","2","5","7","53","51","119","25","549","674","C1837087"
"26794","7422","2","5","7","53","51","342","454","573","702","C1837087"
"26795","3664","2","5","7","53","184","119","156","287","116","C1837087"
"26796","4609","2","3","12","19","31","1","160","107","416","C1837087"
"26797","1029","2","3","12","19","31","1","116","1","664","C1837087"
"26798","207","2","3","7","53","14","20","34","489","416","C1837087"
"26799","4000","2","3","12","26","105","178","226","297","156","C1837087"
"26800","617","2","3","2","48","170","50","304","167","593","C1837087"
"26801","25978","2","3","2","48","57","110","141","359","462","C1837087"
"26802","2517","2","3","7","34","52","216","395","549","674","C1837091"
"26803","9255","2","3","2","110","85","237","433","547","154","C1837091"
"26804","617","2","3","2","48","170","50","304","167","593","C1837091"
"26805","4000","2","3","12","26","105","178","226","297","156","C1837091"
"26806","987","2","3","6","48","94","279","347","330","304","C1837098"
"26807","2316","2","5","7","53","51","342","454","573","702","C1837098"
"26808","5605","2","5","7","53","14","20","34","540","68","C1837098"
"26809","846","2","5","4","68","96","326","427","548","672","C1837098"
"26810","3047","2","3","12","19","31","118","155","287","116","C1837098"
"26811","4692","2","5","7","53","51","119","402","489","416","C1837098"
"26812","2138","2","3","12","19","31","1","426","55","78","C1837098"
"26813","4313","2","5","7","53","51","342","454","573","492","C1837098"
"26814","54982","2","3","2","48","170","50","399","167","593","C1837098"
"26815","5332","2","3","4","68","96","326","427","548","672","C1837098"
"26816","3043","2","5","7","34","52","216","395","549","116","C1837098"
"26817","10166","2","3","2","84","97","167","210","278","360","C1837098"
"26818","7422","2","5","7","53","51","342","454","573","702","C1837098"
"26819","2395","2","3","2","48","170","50","304","167","593","C1837098"
"26820","1277","2","5","7","53","51","342","454","573","492","C1837098"
"26821","4929","2","3","3","19","151","276","91","433","118","C1837098"
"26822","1356","2","3","7","53","51","342","454","573","492","C1837098"
"26823","8626","2","3","3","19","221","321","428","541","667","C1837098"
"26824","3892","2","1","6","11","142","225","142","220","298","C1837108"
"26825","1413","2","3","6","63","45","160","362","177","673","C1837108"
"26826","11113","2","5","7","53","14","20","34","540","68","C1837108"
"26827","7841","2","3","2","41","116","178","423","536","445","C1837108"
"26828","3265","2","5","7","60","54","24","30","46","72","C1837108"
"26829","3759","2","5","8","63","36","166","106","110","158","C1837108"
"26830","435","2","3","8","84","97","167","210","278","360","C1837108"
"26831","8626","2","3","3","19","221","321","428","541","667","C1837108"
"26832","1584","2","3","5","79","159","256","276","353","456","C1837108"
"26833","3973","2","5","4","68","96","326","427","548","672","C1837108"
"26834","2200","2","5","7","53","51","342","454","573","492","C1837108"
"26835","4541","2","3","2","48","170","50","119","444","24","C1837108"
"26836","367","2","3","12","19","31","276","91","433","118","C1837108"
"26837","29108","2","5","7","34","52","216","395","549","674","C1837108"
"26838","1636","2","3","5","80","81","166","397","418","568","C1837108"
"26839","1938","2","3","7","34","52","216","395","549","671","C1837108"
"26840","2187","2","3","12","19","31","261","116","1","86","C1837108"
"26841","5982","2","3","12","19","31","261","116","1","86","C1837108"
"26842","1277","2","5","7","53","51","342","454","573","492","C1837108"
"26843","3425","2","3","5","80","81","166","454","573","492","C1837108"
"26844","55572","2","3","2","48","170","50","119","444","556","C1837108"
"26845","7046","2","3","12","41","219","339","259","423","605","C1837108"
"26846","2588","2","3","7","34","52","216","395","549","674","C1837108"
"26847","1026","2","3","12","19","31","1","116","489","416","C1837108"
"26848","10060","2","3","8","41","45","23","423","464","445","C1837108"
"26849","1289","2","5","7","53","51","342","454","573","492","C1837108"
"26850","1548","2","3","5","91","214","226","326","447","586","C1837108"
"26851","617","2","3","2","48","170","50","304","167","593","C1837108"
"26852","5837","2","3","5","80","81","23","103","464","658","C1837108"
"26853","23556","2","3","2","61","77","142","176","235","317","C1837122"
"26854","4915","2","5","7","53","14","20","25","40","186","C1837122"
"26855","5116","2","3","12","76","153","40","38","54","75","C1837122"
"26856","9562","2","3","5","80","81","296","248","317","405","C1837142"
"26857","23545","2","3","5","29","88","132","85","222","346","C1837142"
"26858","54714","2","5","8","63","36","166","106","110","158","C1837142"
"26859","268","2","5","7","53","51","342","259","423","389","C1837142"
"26860","220","2","3","5","75","120","10","165","432","297","C1837142"
"26861","846","2","5","4","68","96","326","427","548","672","C1837142"
"26862","5932","2","3","12","19","31","261","116","1","86","C1837142"
"26863","6102","2","3","2","76","109","182","235","307","506","C1837142"
"26864","5205","2","3","8","63","45","23","103","464","619","C1837142"
"26865","1123","2","5","7","60","54","24","30","46","72","C1837142"
"26866","10518","2","3","2","22","170","50","119","444","556","C1837142"
"26867","2068","2","3","12","19","31","261","116","159","211","C1837142"
"26868","3073","2","3","5","105","155","250","291","152","420","C1837142"
"26869","23534","2","3","2","22","33","323","66","101","136","C1837142"
"26870","26040","2","3","12","19","31","1","116","297","78","C1837142"
"26871","8200","2","5","7","53","51","342","259","423","389","C1837142"
"26872","6548","2","3","2","45","94","199","240","415","326","C1837142"
"26873","2706","2","3","12","76","153","40","38","54","75","C1837142"
"26874","9516","2","3","2","48","116","110","141","152","462","C1837229"
"26875","9049","2","3","3","41","151","276","378","271","356","C1837229"
"26876","3299","2","3","12","42","81","296","399","201","274","C1837229"
"26877","1277","2","5","7","53","51","342","454","573","492","C1837229"
"26878","2006","2","5","7","53","51","342","454","573","492","C1837229"
"26879","4548","2","3","2","15","85","105","139","186","245","C1837246"
"26880","9968","2","4","3","24","119","330","214","454","144","C1837246"
"26881","2629","2","3","5","80","81","250","291","152","420","C1837249"
"26882","57514","2","5","7","60","54","24","30","46","72","C1837249"
"26883","5193","2","3","5","43","161","305","409","208","482","C1837249"
"26884","8639","2","3","5","80","81","114","290","367","475","C1837249"
"26885","55636","2","3","3","19","221","321","428","423","389","C1837249"
"26886","6790","2","3","12","76","153","40","34","540","68","C1837249"
"26887","7040","2","5","7","53","51","342","454","573","492","C1837249"
"26888","1548","2","3","5","91","214","226","326","447","586","C1837249"
"26889","4893","2","5","7","34","52","24","30","46","72","C1837249"
"26890","5447","2","3","5","91","214","271","372","471","586","C1837249"
"26891","4214","2","3","12","41","219","339","34","540","117","C1837249"
"26892","1302","2","5","7","53","51","342","454","573","492","C1837249"
"26893","3730","2","5","7","53","14","20","25","40","186","C1837249"
"26894","55572","2","3","2","48","170","50","119","444","556","C1837249"
"26895","1302","2","5","7","53","51","342","454","573","492","C1837249"
"26896","23426","2","5","7","42","36","71","177","223","219","C1837249"
"26897","4329","2","3","2","67","92","293","229","381","496","C1837249"
"26898","51025","2","3","2","48","170","50","304","167","593","C1837249"
"26899","1356","2","3","7","53","51","342","454","573","492","C1837249"
"26900","1301","2","5","7","53","51","342","454","573","492","C1837249"
"26901","219736","2","3","2","63","171","97","129","478","597","C1837249"
"26902","3565","2","5","7","53","51","119","25","489","416","C1837249"
"26903","1959","2","3","3","19","151","276","91","433","118","C1837249"
"26904","547","2","3","7","76","153","40","38","54","75","C1837249"
"26905","3074","2","3","7","34","52","216","395","549","607","C1837249"
"26906","8803","2","3","8","67","92","293","55","75","311","C1837249"
"26907","2006","2","5","7","53","51","342","454","573","492","C1837249"
"26908","10269","2","3","2","48","182","50","119","444","556","C1837249"
"26909","6197","2","3","12","19","14","20","34","540","68","C1837249"
"26910","2653","2","3","2","67","104","214","234","306","388","C1837249"
"26911","2071","2","3","12","19","31","261","116","159","211","C1837249"
"26912","4000","2","3","12","26","105","178","226","297","156","C1837251"
"26913","2121","2","3","12","41","116","268","434","568","605","C1837251"
"26914","3251","2","3","4","68","96","326","427","341","150","C1837256"
"26915","8573","2","5","7","53","36","71","341","223","219","C1837256"
"26916","2556","2","5","8","27","70","99","162","216","290","C1837256"
"26917","6929","2","3","12","19","31","1","426","55","78","C1837256"
"26918","7036","2","3","5","29","88","132","85","222","346","C1837279"
"26919","3674","2","5","7","53","51","342","454","573","492","C1837279"
"26920","4053","2","5","7","53","51","342","454","573","492","C1837279"
"26921","10082","2","3","2","74","51","342","454","573","492","C1837279"
"26922","54902","2","3","2","48","182","50","119","444","556","C1837279"
"26923","4038","2","5","7","53","51","342","454","573","492","C1837279"
"26924","3630","2","5","7","53","14","20","25","40","186","C1837279"
"26925","11020","2","5","7","60","54","24","30","46","72","C1837279"
"26926","23742","2","5","5","68","96","326","427","447","586","C1837279"
"26927","2175","2","3","12","19","31","261","116","1","86","C1837279"
"26928","4512","2","3","2","48","170","110","141","359","8","C1837279"
"26929","345","2","5","7","53","51","342","454","573","492","C1837279"
"26930","2261","2","5","7","53","14","20","25","40","186","C1837279"
"26931","1373","2","3","8","84","97","167","210","271","536","C1837279"
"26932","5468","2","3","3","19","151","276","91","433","118","C1837279"
"26933","10013","2","3","12","19","31","143","91","236","311","C1837279"
"26934","3930","2","3","2","22","33","323","66","3","464","C1837279"
"26935","23534","2","3","2","22","33","323","66","101","136","C1837279"
"26936","55112","2","3","12","76","153","40","38","54","75","C1837279"
"26937","6223","2","3","2","110","85","237","433","547","671","C1837279"
"26938","9509","2","5","7","53","51","342","454","573","492","C1837279"
"26939","10087","2","3","7","50","47","39","100","321","255","C1837279"
"26940","4838","2","5","3","53","221","321","259","423","389","C1837323"
"26941","5621","2","5","8","27","36","342","454","573","628","C1837323"
"26942","3892","2","1","6","11","142","225","142","220","298","C1837388"
"26943","9939","2","3","2","22","33","323","66","101","136","C1837388"
"26944","4952","2","3","5","60","54","184","30","544","669","C1837388"
"26945","2263","2","5","7","53","14","20","25","40","186","C1837388"
"26946","23414","2","3","12","19","31","118","155","287","116","C1837388"
"26947","3748","2","5","8","63","36","166","106","110","158","C1837388"
"26948","2261","2","5","7","53","14","20","25","40","186","C1837388"
"26949","4129","2","3","5","63","63","120","197","203","350","C1837388"
"26950","57822","2","3","12","19","31","1","426","55","78","C1837388"
"26951","23426","2","5","7","42","36","71","177","223","219","C1837388"
"26952","18","2","3","8","67","94","199","182","509","666","C1837388"
"26953","8260","2","3","12","41","85","266","76","287","78","C1837388"
"26954","6495","2","3","3","19","221","321","428","541","667","C1837388"
"26955","358","2","3","5","80","81","166","397","374","486","C1837388"
"26956","9368","2","5","7","42","36","71","177","223","219","C1837388"
"26957","6523","2","3","8","45","216","337","448","565","562","C1837388"
"26958","26047","2","5","7","27","36","335","341","223","373","C1837388"
"26959","1501","2","5","7","27","36","150","341","223","628","C1837388"
"26960","7480","2","5","3","68","221","197","259","560","422","C1837388"
"26961","9871","2","3","7","60","153","40","38","54","203","C1837388"
"26962","2961","2","3","12","19","31","261","116","159","211","C1837402"
"26963","3620","2","3","5","91","214","183","307","391","507","C1837402"
"26964","585","2","3","12","76","153","40","38","54","75","C1837402"
"26965","2033","2","3","12","19","31","1","91","433","118","C1837402"
"26966","6016","2","5","7","60","54","24","30","46","72","C1837402"
"26967","8242","2","3","12","19","31","1","426","55","78","C1837402"
"26968","2263","2","5","7","53","14","20","25","40","186","C1837402"
"26969","11041","2","3","2","27","36","150","341","223","628","C1837402"
"26970","4247","2","3","2","68","67","320","98","180","279","C1837402"
"26971","3630","2","5","7","53","14","20","25","40","186","C1837402"
"26972","7704","2","3","12","41","116","268","434","468","213","C1837402"
"26973","10262","2","3","2","22","33","323","66","101","136","C1837402"
"26974","6469","2","5","3","53","221","197","259","560","422","C1837402"
"26975","8626","2","3","3","19","221","321","428","541","667","C1837402"
"26976","2720","2","3","7","34","52","216","395","21","599","C1837402"
"26977","26580","2","5","8","27","70","99","162","216","290","C1837402"
"26978","1411","2","3","6","63","45","160","362","177","673","C1837402"
"26979","2218","2","5","2","53","123","194","255","560","373","C1837402"
"26980","10225","2","5","7","53","51","119","395","549","674","C1837402"
"26981","6853","2","5","7","27","36","150","341","223","628","C1837402"
"26982","4514","2","3","2","48","57","110","141","359","5","C1837402"
"26983","88","2","5","7","53","45","23","103","464","702","C1837402"
"26984","4508","2","3","2","48","170","50","119","444","556","C1837402"
"26985","3949","2","5","7","60","14","184","341","544","669","C1837402"
"26986","28234","2","5","8","35","41","77","40","57","80","C1837402"
"26987","7461","2","3","7","60","153","40","38","93","75","C1837402"
"26988","29954","2","5","2","27","206","324","430","215","290","C1837404"
"26989","5310","2","5","7","53","51","335","444","560","373","C1837404"
"26990","1277","2","5","7","53","51","342","454","573","492","C1837404"
"26991","6310","2","3","12","22","142","225","366","362","468","C1837404"
"26992","1134","2","5","8","27","70","99","162","216","290","C1837404"
"26993","1406","2","3","3","19","221","321","428","541","667","C1837404"
"26994","57178","2","3","12","19","31","276","91","433","118","C1837404"
"26995","55636","2","3","3","19","221","321","428","423","389","C1837404"
"26996","10512","2","5","3","53","51","342","79","560","373","C1837404"
"26997","1785","2","5","7","60","14","184","341","544","669","C1837404"
"26998","1356","2","3","7","53","51","342","454","573","492","C1837404"
"26999","1639","2","3","12","76","153","40","38","54","75","C1837404"
"27000","326","2","3","12","19","31","261","377","370","269","C1837404"
"27001","23133","2","3","12","19","31","1","426","55","78","C1837404"
"27002","115352","2","5","7","34","52","20","25","40","186","C1837404"
"27003","3787","2","5","8","63","36","166","106","110","158","C1837404"
"27004","1280","2","5","7","53","51","342","454","573","492","C1837404"
"27005","23534","2","3","2","22","33","323","66","101","136","C1837404"
"27006","6392","2","3","2","48","170","50","119","444","556","C1837404"
"27007","5443","2","5","4","68","96","326","427","548","672","C1837404"
"27008","1399","2","5","7","53","14","20","25","40","186","C1837404"
"27009","7015","2","3","12","19","31","1","426","55","78","C1837404"
"27010","7020","2","3","12","19","31","276","91","433","664","C1837404"
"27011","1670","2","5","9","70","100","238","332","420","536","C1837404"
"27012","8626","2","3","3","19","221","321","428","541","667","C1837404"
"27013","617","2","3","2","48","170","50","304","167","593","C1837404"
"27014","1910","2","5","4","68","96","326","427","548","672","C1837404"
"27015","1175","2","5","7","60","14","184","341","544","669","C1837404"
"27016","4914","2","3","2","22","18","266","202","252","252","C1837404"
"27017","2166","2","3","2","11","142","152","142","570","298","C1837404"
"27018","5346","2","3","3","19","151","276","91","433","118","C1837404"
"27019","5696","2","3","12","41","116","268","156","568","116","C1837404"
"27020","10320","2","5","7","19","119","143","214","236","389","C1837406"
"27021","3239","2","3","3","19","221","321","428","541","667","C1837406"
"27022","2146","2","3","12","19","31","1","426","55","78","C1837406"
"27023","203228","2","3","2","48","57","110","141","359","462","C1837407"
"27024","25782","2","5","7","60","54","24","30","46","72","C1837407"
"27025","54487","2","3","2","22","33","323","66","101","136","C1837407"
"27026","1106","2","3","12","19","31","1","426","55","78","C1837407"
"27027","4508","2","3","2","48","170","50","119","444","556","C1837407"
"27028","1301","2","5","7","53","51","342","454","573","492","C1837407"
"27029","8797","2","5","7","41","219","339","156","568","697","C1837407"
"27030","55651","2","3","2","110","85","237","433","547","671","C1837407"
"27031","9940","2","3","5","68","221","321","428","447","586","C1837407"
"27032","6334","2","5","8","63","36","166","341","223","158","C1837458"
"27033","10195","2","3","2","48","69","99","162","216","290","C1837458"
"27034","5696","2","3","12","41","116","268","156","568","116","C1837458"
"27035","6710","2","5","7","60","14","20","25","40","186","C1837458"
"27036","7068","2","3","3","19","151","276","91","433","118","C1837458"
"27037","5739","2","5","4","68","96","326","427","548","672","C1837458"
"27038","4125","2","3","7","34","52","216","395","549","674","C1837458"
"27039","5395","2","3","12","19","31","261","116","1","86","C1837458"
"27040","2671","2","3","2","48","170","50","304","167","593","C1837458"
"27041","51324","2","3","2","48","142","225","142","220","298","C1837458"
"27042","11280","2","5","8","63","36","166","341","390","158","C1837458"
"27043","2720","2","3","7","34","52","216","395","21","599","C1837458"
"27044","10318","2","3","12","41","219","339","156","568","697","C1837458"
"27045","10269","2","3","2","48","182","50","119","444","556","C1837482"
"27046","3257","2","5","7","60","54","24","30","46","72","C1837482"
"27047","8842","2","5","5","53","82","147","184","179","328","C1837482"
"27048","10743","2","3","3","19","151","276","91","433","118","C1837482"
"27049","5250","2","3","2","48","170","50","119","444","593","C1837482"
"27050","3655","2","5","7","53","51","342","454","573","492","C1837482"
"27051","6663","2","3","3","19","221","321","428","541","667","C1837482"
"27052","5144","2","3","4","68","96","326","427","548","672","C1837482"
"27053","6557","2","5","8","45","94","199","240","415","666","C1837482"
"27054","8878","2","3","12","41","219","339","156","568","697","C1837482"
"27055","4625","2","3","8","63","45","23","103","464","187","C1837482"
"27056","4929","2","3","3","19","151","276","91","433","118","C1837482"
"27057","89795","2","5","5","27","36","150","105","52","628","C1837482"
"27058","1649","2","3","12","19","31","276","91","433","118","C1837482"
"27059","4204","2","3","12","19","31","1","426","55","78","C1837483"
"27060","6523","2","3","8","45","216","337","448","565","562","C1837483"
"27061","3094","2","3","2","48","170","266","367","500","78","C1837483"
"27062","6657","2","3","12","19","221","321","428","541","667","C1837483"
"27063","81858","2","5","7","60","36","71","341","223","219","C1837483"
"27064","7171","2","5","8","63","45","23","103","464","187","C1837485"
"27065","9049","2","3","3","41","151","276","378","271","356","C1837485"
"27066","2629","2","3","5","80","81","250","291","152","420","C1837485"
"27067","80271","2","3","2","18","16","83","99","177","191","C1837485"
"27068","7469","2","3","12","19","31","261","116","159","211","C1837485"
"27069","5979","2","5","7","53","14","20","25","40","186","C1837485"
"27070","7276","2","5","7","34","52","216","395","549","674","C1837485"
"27071","6443","2","5","8","63","45","23","103","464","187","C1837485"
"27072","182","2","5","7","53","51","143","428","236","667","C1837485"
"27073","23426","2","5","7","42","36","71","177","223","219","C1837485"
"27074","1736","2","3","2","110","85","237","433","547","671","C1837496"
"27075","55240","2","3","5","29","88","132","402","489","551","C1837496"
"27076","6473","2","3","3","19","221","321","428","541","667","C1837496"
"27077","9928","2","3","12","76","153","40","38","54","75","C1837496"
"27078","4803","2","5","7","60","54","24","30","46","72","C1837496"
"27079","5573","2","3","12","19","184","118","155","287","116","C1837496"
"27080","1584","2","3","5","79","159","256","276","353","456","C1837496"
"27081","7466","2","5","7","53","51","342","454","573","492","C1837512"
"27082","8892","2","3","2","110","85","237","433","547","671","C1837512"
"27083","355","2","3","7","41","219","339","156","568","697","C1837522"
"27084","37","2","3","2","110","105","178","226","297","380","C1837522"
"27085","50846","2","3","3","68","221","197","259","560","422","C1837522"
"27086","7249","2","3","7","60","57","110","141","359","462","C1837522"
"27087","10758","2","3","12","41","219","339","156","568","697","C1837522"
"27088","2255","2","5","7","53","14","20","25","40","186","C1837522"
"27089","51010","2","3","2","110","85","237","433","547","671","C1837522"
"27090","23384","2","3","12","63","45","184","103","572","658","C1837522"
"27091","6906","2","5","7","68","51","342","454","573","492","C1837522"
"27092","4512","2","3","2","48","170","110","141","359","8","C1837522"
"27093","7099","2","5","7","41","219","339","156","568","697","C1837522"
"27094","11093","2","5","7","53","51","342","454","573","492","C1837522"
"27095","6863","2","5","4","68","96","326","427","548","672","C1837522"
"27096","10815","2","5","7","60","36","71","341","223","666","C1837522"
"27097","26047","2","5","7","27","36","335","341","223","373","C1837522"
"27098","23095","2","3","7","76","153","40","38","54","75","C1837522"
"27099","8626","2","3","3","19","221","321","428","541","667","C1837522"
"27100","2776","2","5","4","68","96","326","427","548","672","C1837522"
"27101","9968","2","4","3","24","119","330","214","454","144","C1837532"
"27102","3569","2","5","7","53","51","342","454","573","416","C1837532"
"27103","1289","2","5","7","53","51","342","454","573","492","C1837532"
"27104","7291","2","3","12","19","151","276","91","489","416","C1837532"
"27105","10265","2","3","3","19","221","321","428","541","667","C1837532"
"27106","695","2","5","7","53","14","20","25","40","186","C1837602"
"27107","2177","2","3","2","110","90","261","431","545","443","C1837602"
"27108","1366","2","5","6","42","36","71","177","64","219","C1837602"
"27109","7431","2","3","12","41","45","23","103","489","416","C1837602"
"27110","7317","2","3","12","41","116","268","434","468","213","C1837602"
"27111","29925","2","3","2","68","66","123","158","207","278","C1837603"
"27112","2833","2","5","4","68","96","326","427","548","672","C1837603"
"27113","2072","2","3","12","19","31","261","116","1","86","C1837603"
"27114","9652","2","3","2","110","85","237","433","547","671","C1837603"
"27115","1824","2","1","6","11","142","225","142","220","298","C1837639"
"27116","4000","2","3","12","26","105","178","226","297","156","C1837639"
"27117","1200","2","3","5","80","81","178","226","297","380","C1837658"
"27118","1001","2","5","7","53","51","335","444","560","373","C1837658"
"27119","5428","2","3","2","48","170","50","119","167","593","C1837658"
"27120","25778","2","3","2","41","51","138","79","160","385","C1837658"
"27121","9469","2","3","2","103","189","303","29","475","467","C1837658"
"27122","6662","2","3","3","19","221","321","428","541","667","C1837658"
"27123","2652","2","5","4","68","96","326","427","548","672","C1837658"
"27124","4878","2","3","12","19","31","1","426","55","78","C1837658"
"27125","2178","2","3","12","19","31","261","116","1","86","C1837658"
"27126","3339","2","5","7","53","51","342","454","573","492","C1837658"
"27127","54977","2","3","2","110","85","118","155","287","116","C1837658"
"27128","2629","2","3","5","80","81","250","291","152","420","C1837658"
"27129","6662","2","3","3","19","221","321","428","541","667","C1837658"
"27130","4595","2","3","12","19","31","261","116","1","86","C1837658"
"27131","26277","2","3","12","19","31","1","426","1","78","C1837658"
"27132","2353","2","3","12","19","31","1","91","489","416","C1837658"
"27133","1280","2","5","7","53","51","342","454","573","492","C1837658"
"27134","26277","2","3","12","19","31","1","426","1","78","C1837658"
"27135","8985","2","5","7","53","51","342","454","573","492","C1837658"
"27136","6331","2","5","8","63","36","166","341","223","158","C1837658"
"27137","51124","2","5","4","68","96","326","427","548","672","C1837658"
"27138","6324","2","5","7","63","36","166","341","223","158","C1837670"
"27139","3586","2","5","7","53","51","119","25","489","416","C1837670"
"27140","22926","2","3","12","19","31","276","91","433","118","C1837731"
"27141","2638","2","5","8","63","45","23","103","464","187","C1837731"
"27142","335","2","5","7","53","51","342","454","573","492","C1837731"
"27143","3730","2","5","7","53","14","20","25","40","186","C1837731"
"27144","1277","2","5","7","53","51","342","454","573","492","C1837731"
"27145","29954","2","5","2","27","206","324","430","215","290","C1837731"
"27146","3417","2","3","7","34","52","216","395","549","319","C1837731"
"27147","2294","2","3","3","19","221","321","428","541","667","C1837731"
"27148","6392","2","3","2","48","170","50","119","444","556","C1837731"
"27149","2950","2","5","7","34","52","216","395","549","674","C1837731"
"27150","23322","2","3","12","76","153","40","38","54","75","C1837731"
"27151","23474","2","3","12","19","31","1","91","433","118","C1837731"
"27152","5328","2","5","7","34","52","216","395","549","674","C1837731"
"27153","2720","2","3","7","34","52","216","395","21","599","C1837731"
"27154","427","2","3","7","34","52","216","395","549","420","C1837731"
"27155","7157","2","3","12","19","31","261","402","489","551","C1837731"
"27156","10397","2","3","2","110","81","148","402","51","383","C1837731"
"27157","9940","2","3","5","68","221","321","428","447","586","C1837731"
"27158","9897","2","3","12","76","18","75","38","1","212","C1837731"
"27159","224","2","3","5","50","47","39","202","19","233","C1837731"
"27160","3291","2","3","2","69","83","101","94","133","318","C1837731"
"27161","5597","2","3","12","41","14","76","34","540","68","C1837731"
"27162","5264","2","3","5","43","161","305","409","208","482","C1837731"
"27163","6197","2","3","12","19","14","20","34","540","68","C1837731"
"27164","22854","2","5","5","27","51","335","444","560","373","C1837732"
"27165","1356","2","3","7","53","51","342","454","573","492","C1837732"
"27166","26191","2","5","7","53","14","20","25","40","186","C1837732"
"27167","9968","2","4","3","24","119","330","214","454","144","C1837732"
"27168","2639","2","3","2","71","148","34","160","115","164","C1837732"
"27169","1291","2","5","7","53","51","342","454","573","492","C1837732"
"27170","10161","2","5","4","68","96","326","427","548","672","C1837732"
"27171","55219","2","5","2","27","51","335","444","560","373","C1837732"
"27172","9790","2","3","2","110","85","237","433","547","671","C1837732"
"27173","2658","2","5","7","53","51","342","259","423","389","C1837732"
"27174","6231","2","3","2","110","85","237","433","547","671","C1837732"
"27175","7068","2","3","3","19","151","276","91","433","118","C1837732"
"27176","5296","2","5","7","53","14","20","25","40","186","C1837732"
"27177","595","2","3","12","19","31","1","426","489","416","C1837732"
"27178","7546","2","5","3","19","221","321","79","560","373","C1837732"
"27179","55640","2","3","5","80","81","104","369","117","583","C1837757"
"27180","2626","2","3","12","19","31","118","155","287","116","C1837757"
"27181","55624","2","3","2","78","123","194","255","215","412","C1837757"
"27182","1380","2","5","7","53","51","119","395","549","674","C1837758"
"27183","5336","2","3","7","53","14","20","25","40","215","C1837758"
"27184","4261","2","3","12","53","184","119","156","287","116","C1837758"
"27185","80326","2","5","3","68","221","197","259","560","422","C1837758"
"27186","5189","2","3","5","43","161","305","409","208","482","C1837761"
"27187","51715","2","5","7","60","54","24","30","46","72","C1837761"
"27188","545","2","3","12","19","31","261","116","1","86","C1837761"
"27189","1278","2","5","7","53","51","342","454","573","492","C1837761"
"27190","7066","2","5","7","53","51","119","25","573","416","C1837761"
"27191","1028","2","3","12","19","31","1","116","1","86","C1837761"
"27192","5888","2","3","12","19","31","261","116","1","86","C1837764"
"27193","5663","2","5","7","34","52","216","395","549","667","C1837764"
"27194","2694","2","5","7","48","51","105","139","186","245","C1837764"
"27195","3552","2","3","12","53","51","119","156","489","416","C1837764"
"27196","25942","2","3","12","19","31","1","426","55","78","C1837764"
"27197","857","2","5","7","53","45","23","57","83","422","C1837764"
"27198","50846","2","3","3","68","221","197","259","560","422","C1837767"
"27199","25836","2","3","12","76","153","40","38","54","75","C1837767"
"27200","1644","2","3","2","88","79","239","333","258","345","C1837767"
"27201","2261","2","5","7","53","14","20","25","40","186","C1837767"
"27202","3984","2","5","7","53","14","20","34","540","68","C1837785"
"27203","5743","2","3","5","53","175","119","167","489","416","C1837785"
"27204","953","2","3","5","64","42","242","95","283","367","C1837785"
"27205","1293","2","5","7","53","51","342","454","573","492","C1837792"
"27206","22827","2","3","2","22","33","323","66","101","136","C1837792"
"27207","50939","2","3","12","76","153","40","38","472","435","C1837792"
"27208","208","2","5","7","53","14","20","34","540","68","C1837795"
"27209","2200","2","5","7","53","51","342","454","573","492","C1837795"
"27210","100","2","3","5","33","21","47","56","80","199","C1837795"
"27211","4621","2","5","8","63","45","23","103","464","187","C1837797"
"27212","8626","2","3","3","19","221","321","428","541","667","C1837797"
"27213","2314","2","3","12","63","45","184","103","572","658","C1837799"
"27214","2317","2","5","7","63","45","23","103","287","664","C1837799"
"27215","51109","2","3","2","69","51","101","126","170","224","C1837802"
"27216","4763","2","5","7","60","54","24","30","46","214","C1837802"
"27217","51218","2","3","2","48","170","50","119","100","556","C1837802"
"27218","22796","2","5","7","60","153","40","38","66","203","C1837802"
"27219","1967","2","3","2","110","85","237","433","547","671","C1837802"
"27220","1312","2","3","2","87","79","105","426","129","25","C1837802"
"27221","23347","2","3","12","41","116","268","434","468","213","C1837822"
"27222","7314","2","3","12","41","219","261","409","208","482","C1837822"
"27223","6556","2","3","7","34","52","216","395","549","674","C1837826"
"27224","1286","2","5","7","53","51","342","454","573","492","C1837826"
"27225","2896","2","5","7","34","52","216","395","549","674","C1837826"
"27226","55605","2","3","12","76","153","40","38","54","75","C1837836"
"27227","1890","2","3","5","80","81","296","62","94","150","C1837836"
"27228","6391","2","3","2","48","170","50","119","444","556","C1837836"
"27229","9321","2","3","12","76","153","40","38","54","203","C1837899"
"27230","6340","2","5","8","63","45","23","34","464","187","C1837899"
"27231","2542","2","3","5","80","81","296","399","500","577","C1837899"
"27232","10059","2","3","2","48","170","50","304","167","304","C1837899"
"27233","215","2","3","5","47","144","185","238","310","392","C1837899"
"27234","81608","2","3","2","22","33","323","66","101","136","C1837899"
"27235","2972","2","3","2","19","33","261","116","159","211","C1837899"
"27236","84818","2","5","5","41","219","238","252","489","416","C1837899"
"27237","1806","2","3","2","49","23","186","149","195","61","C1837899"
"27238","8890","2","3","2","110","85","237","433","547","671","C1837899"
"27239","545","2","3","12","19","31","261","116","1","86","C1837915"
"27240","25914","2","3","12","41","116","339","409","359","187","C1838062"
"27241","7474","2","5","3","68","221","184","259","544","669","C1838062"
"27242","4436","2","3","12","19","31","261","116","1","86","C1838062"
"27243","8514","2","5","7","34","52","216","395","549","674","C1838063"
"27244","10743","2","3","3","19","151","276","91","433","118","C1838063"
"27245","7372","2","3","2","68","119","109","266","182","182","C1838103"
"27246","5077","2","3","3","19","221","321","428","541","667","C1838103"
"27247","2099","2","3","12","19","151","276","91","433","118","C1838114"
"27248","6647","2","3","2","95","2","342","378","173","702","C1838114"
"27249","4629","2","5","8","63","45","23","103","464","187","C1838167"
"27250","860","2","3","12","19","31","276","91","433","118","C1838167"
"27251","5428","2","3","2","48","170","50","119","167","593","C1838186"
"27252","9394","2","3","2","74","58","112","148","193","263","C1838186"
"27253","9197","2","3","2","67","92","293","55","75","311","C1838186"
"27254","6262","2","5","8","63","45","23","34","464","187","C1838186"
"27255","4763","2","5","7","60","54","24","30","46","214","C1838230"
"27256","54453","2","5","7","60","54","24","30","46","72","C1838230"
"27257","7045","2","5","12","19","51","1","426","55","78","C1838254"
"27258","1440","2","5","7","53","51","119","25","489","416","C1838319"
"27259","4668","2","3","5","21","111","188","242","313","396","C1838319"
"27260","2969","2","3","12","19","31","276","91","433","118","C1838319"
"27261","10102","2","3","2","48","182","67","76","463","153","C1838319"
"27262","1536","2","5","7","34","52","216","395","549","674","C1838319"
"27263","4514","2","3","2","48","57","110","141","359","5","C1838319"
"27264","3458","2","5","7","53","184","119","156","287","116","C1838319"
"27265","23522","2","3","12","19","31","1","426","55","78","C1838320"
"27266","23503","2","3","6","11","142","225","142","220","298","C1838320"
"27267","23405","2","3","2","22","33","323","66","146","194","C1838320"
"27268","2067","2","3","12","19","31","261","116","1","86","C1838320"
"27269","6605","2","3","12","19","31","1","426","55","78","C1838320"
"27270","4868","2","5","7","53","51","335","25","560","373","C1838320"
"27271","182","2","5","7","53","51","143","428","236","667","C1838320"
"27272","3508","2","3","12","19","31","261","116","1","86","C1838327"
"27273","4524","2","3","2","15","166","104","369","117","583","C1838327"
"27274","10585","2","5","2","27","206","324","430","215","290","C1838391"
"27275","3848","2","5","7","34","52","225","142","220","298","C1838391"
"27276","1584","2","3","5","79","159","256","276","353","456","C1838391"
"27277","1741","2","5","7","60","36","71","341","223","219","C1838391"
"27278","7138","2","5","8","63","45","23","103","464","187","C1838391"
"27279","201163","2","3","2","34","57","110","141","271","356","C1838492"
"27280","8289","2","3","12","19","31","1","426","55","78","C1838539"
"27281","10117","2","5","7","53","51","342","454","573","492","C1838539"
"27282","2737","2","3","12","19","116","321","428","54","667","C1838539"
"27283","8243","2","3","12","76","31","40","38","54","75","C1838568"
"27284","570","2","3","5","43","161","305","409","255","56","C1838568"
"27285","51082","2","3","2","19","31","1","426","55","78","C1838578"
"27286","83481","2","3","2","41","219","339","304","167","593","C1838578"
"27287","27086","2","3","12","19","221","321","428","541","667","C1838578"
"27288","5190","2","3","5","43","161","305","409","208","482","C1838578"
"27289","2022","2","5","7","53","51","342","259","423","389","C1838578"
"27290","169792","2","3","12","19","116","330","214","454","144","C1838578"
"27291","10908","2","3","2","97","173","275","377","473","592","C1838579"
"27292","29887","2","3","7","60","18","110","141","198","270","C1838579"
"27293","7403","2","3","12","19","31","1","426","55","78","C1838604"
"27294","9469","2","3","2","103","189","303","29","475","467","C1838604"
"27295","8565","2","3","2","110","85","237","433","547","154","C1838604"
"27296","3977","2","5","7","53","51","119","25","40","416","C1838604"
"27297","1311","2","5","7","53","51","342","454","573","492","C1838604"
"27298","6872","2","3","12","19","31","261","116","159","211","C1838604"
"27299","7046","2","3","12","41","219","339","259","423","605","C1838608"
"27300","208","2","5","7","53","14","20","34","540","68","C1838608"
"27301","5314","2","3","12","76","153","40","38","54","75","C1838608"
"27302","2304","2","3","12","19","221","321","428","541","667","C1838608"
"27303","29110","2","3","12","41","219","339","156","568","697","C1838608"
"27304","1959","2","3","3","19","151","276","91","433","118","C1838608"
"27305","7469","2","3","12","19","31","261","116","159","211","C1838608"
"27306","6235","2","3","2","110","85","237","433","547","671","C1838608"
"27307","9487","2","3","5","80","81","142","176","235","317","C1838608"
"27308","7454","2","5","7","60","14","20","25","40","215","C1838608"
"27309","3549","2","5","3","53","51","197","259","560","422","C1838608"
"27310","3767","2","5","8","63","36","166","106","110","158","C1838608"
"27311","29760","2","5","7","53","14","20","25","40","186","C1838608"
"27312","55294","2","3","12","41","116","268","434","468","213","C1838608"
"27313","5781","2","5","7","53","14","20","25","40","186","C1838608"
"27314","2077","2","3","12","76","153","40","38","54","75","C1838625"
"27315","29851","2","5","7","53","14","20","25","40","186","C1838625"
"27316","8820","2","3","3","19","221","321","428","541","667","C1838625"
"27317","6329","2","5","8","63","36","166","341","390","158","C1838625"
"27318","5189","2","3","5","43","161","305","409","208","482","C1838659"
"27319","4351","2","3","2","90","167","266","367","500","577","C1838659"
"27320","2706","2","3","12","76","153","40","38","54","75","C1838662"
"27321","55636","2","3","3","19","221","321","428","423","389","C1838662"
"27322","641","2","3","12","19","31","261","116","1","86","C1838662"
"27323","4049","2","3","12","41","219","339","156","568","697","C1838662"
"27324","9499","2","5","7","53","51","23","103","464","187","C1838662"
"27325","7287","2","5","7","11","142","71","341","560","219","C1838662"
"27326","5644","2","5","7","68","51","119","395","549","674","C1838662"
"27327","2512","2","3","7","34","52","216","395","544","358","C1838662"
"27328","5339","2","5","7","53","51","342","454","573","492","C1838662"
"27329","3651","2","3","3","19","221","321","428","541","667","C1838662"
"27330","2200","2","5","7","53","51","342","454","573","492","C1838662"
"27331","25782","2","5","7","60","54","24","30","46","72","C1838662"
"27332","658","2","5","7","53","51","342","259","423","389","C1838662"
"27333","2316","2","5","7","53","51","342","454","573","702","C1838662"
"27334","10166","2","3","2","84","97","167","210","278","360","C1838662"
"27335","5743","2","3","5","53","175","119","167","489","416","C1838662"
"27336","7879","2","5","7","34","54","24","30","46","72","C1838662"
"27337","6648","2","3","2","95","151","160","378","173","229","C1838662"
"27338","5994","2","3","12","19","31","276","91","491","118","C1838662"
"27339","3748","2","5","8","63","36","166","106","110","158","C1838662"
"27340","54463","2","3","2","48","57","110","141","359","462","C1838662"
"27341","9187","2","5","8","45","94","199","240","415","666","C1838662"
"27342","23384","2","3","12","63","45","184","103","572","658","C1838662"
"27343","5921","2","5","7","60","14","24","25","40","215","C1838663"
"27344","1666","2","3","2","69","83","58","64","98","134","C1838663"
"27345","25778","2","3","2","41","51","138","79","160","385","C1838663"
"27346","2488","2","5","4","68","96","326","427","548","672","C1838663"
"27347","8200","2","5","7","53","51","342","259","423","389","C1838663"
"27348","4283","2","5","4","68","96","326","427","548","672","C1838664"
"27349","4853","2","3","12","19","124","143","428","236","667","C1838664"
"27350","1947","2","5","7","53","51","20","25","560","373","C1838664"
"27351","3663","2","3","12","53","184","119","156","287","116","C1838681"
"27352","2617","2","3","2","110","85","237","433","252","154","C1838681"
"27353","23590","2","3","2","48","170","50","119","444","556","C1838681"
"27354","54822","2","5","8","63","45","193","306","390","158","C1838681"
"27355","7399","2","5","7","53","51","342","454","573","492","C1838681"
"27356","1300","2","5","7","53","51","342","454","573","492","C1838681"
"27357","51206","2","5","7","53","51","119","454","573","492","C1838681"
"27358","3845","2","5","7","60","54","24","30","46","72","C1838681"
"27359","9997","2","3","2","48","170","50","119","444","556","C1838681"
"27360","7169","2","5","8","63","45","23","103","464","187","C1838681"
"27361","54795","2","5","8","63","45","193","306","390","158","C1838681"
"27362","2671","2","3","2","48","170","50","304","167","593","C1838681"
"27363","6271","2","5","7","34","52","23","103","464","187","C1838681"
"27364","3845","2","5","7","60","54","24","30","46","72","C1838681"
"27365","6197","2","3","12","19","14","20","34","540","68","C1838681"
"27366","5290","2","3","7","53","14","20","25","40","186","C1838681"
"27367","274","2","5","7","60","14","184","341","544","669","C1838681"
"27368","4851","2","3","12","19","221","143","428","236","667","C1838681"
"27369","8220","2","3","2","22","33","323","66","101","136","C1838681"
"27370","5832","2","3","2","101","62","189","182","509","252","C1838681"
"27371","1836","2","3","2","35","41","94","260","330","375","C1838681"
"27372","120","2","5","2","63","182","50","103","297","628","C1838681"
"27373","10269","2","3","2","48","182","50","119","444","556","C1838681"
"27374","6529","2","5","8","45","94","199","240","415","666","C1838681"
"27375","11160","2","3","12","41","116","268","423","536","445","C1838681"
"27376","3835","2","3","12","76","153","40","38","54","75","C1838681"
"27377","2146","2","3","12","19","31","1","426","55","78","C1838681"
"27378","7157","2","3","12","19","31","261","402","489","551","C1838705"
"27379","3592","2","5","7","53","51","119","25","489","416","C1838705"
"27380","57496","2","3","12","19","31","276","91","433","118","C1838705"
"27381","1103","2","3","2","67","92","293","55","75","311","C1838705"
"27382","51761","2","5","8","63","45","23","103","464","187","C1838705"
"27383","1581","2","3","5","19","151","276","91","433","118","C1838705"
"27384","1758","2","5","7","53","51","342","454","573","492","C1838705"
"27385","4537","2","3","2","48","170","50","119","444","556","C1838854"
"27386","2200","2","5","7","53","51","342","454","573","492","C1838854"
"27387","7461","2","3","7","60","153","40","38","93","75","C1838854"
"27388","3930","2","3","2","22","33","323","66","3","464","C1838979"
"27389","2200","2","5","7","53","51","342","454","573","492","C1838979"
"27390","51259","2","3","2","76","153","40","38","54","75","C1838979"
"27391","23639","2","3","12","41","219","261","136","271","356","C1838979"
"27392","1594","2","3","5","92","163","96","363","460","487","C1838979"
"27393","22930","2","5","7","60","54","24","30","46","72","C1838979"
"27394","2235","2","3","2","17","24","51","132","175","473","C1838979"
"27395","1174","2","5","7","60","153","184","341","544","669","C1838979"
"27396","8360","2","3","12","19","31","1","426","55","78","C1838979"
"27397","4210","2","3","12","41","219","339","156","568","697","C1838979"
"27398","2332","2","3","2","22","33","71","373","466","609","C1838979"
"27399","4200","2","3","2","67","92","293","55","75","311","C1838979"
"27400","5193","2","3","5","43","161","305","409","208","482","C1838979"
"27401","7124","2","3","12","41","219","339","156","568","697","C1838979"
"27402","5428","2","3","2","48","170","50","119","167","593","C1838979"
"27403","8200","2","5","7","53","51","342","259","423","389","C1838979"
"27404","672","2","3","12","19","31","261","116","1","86","C1838979"
"27405","11311","2","3","12","19","31","118","155","287","116","C1838979"
"27406","65109","2","3","2","22","33","323","66","101","136","C1838979"
"27407","7157","2","3","12","19","31","261","402","489","551","C1838979"
"27408","29123","2","3","12","19","151","276","91","433","118","C1838990"
"27409","10243","2","3","2","27","91","71","204","267","352","C1838990"
"27410","2483","2","3","2","22","33","323","66","101","136","C1838993"
"27411","5915","2","3","3","19","151","276","91","433","118","C1838993"
"27412","3630","2","5","7","53","14","20","25","40","186","C1838993"
"27413","2146","2","3","12","19","31","1","426","55","78","C1838993"
"27414","2969","2","3","12","19","31","276","91","433","118","C1838993"
"27415","763","2","3","5","35","41","77","40","526","647","C1838993"
"27416","51360","2","3","3","26","35","276","91","433","203","C1838993"
"27417","51601","2","3","2","67","92","293","55","75","311","C1838993"
"27418","55654","2","3","2","22","33","323","66","198","270","C1838993"
"27419","10060","2","3","8","41","45","23","423","464","445","C1838993"
"27420","3313","2","3","2","48","170","50","304","167","593","C1839025"
"27421","5956","2","5","4","68","96","326","427","548","672","C1839025"
"27422","4998","2","3","12","76","31","261","116","1","86","C1839025"
"27423","10297","2","3","12","27","36","150","444","223","628","C1839025"
"27424","11141","2","5","7","53","36","335","444","223","373","C1839025"
"27425","2218","2","5","2","53","123","194","255","560","373","C1839025"
"27426","6239","2","3","12","19","119","330","214","454","144","C1839025"
"27427","137814","2","5","7","53","184","335","259","560","373","C1839025"
"27428","356","2","5","7","53","219","339","25","489","697","C1839025"
"27429","2071","2","3","12","19","31","261","116","159","211","C1839025"
"27430","9342","2","5","7","34","52","216","395","549","674","C1839025"
"27431","6899","2","5","7","53","184","335","259","560","373","C1839025"
"27432","26012","2","3","12","19","31","261","116","159","211","C1839025"
"27433","23461","2","3","5","47","144","185","238","310","392","C1839040"
"27434","51251","2","3","5","80","81","296","62","94","150","C1839040"
"27435","1280","2","5","7","53","51","342","454","573","492","C1839042"
"27436","23169","2","3","2","78","205","112","430","429","544","C1839042"
"27437","85358","2","5","7","60","14","71","341","223","219","C1839071"
"27438","999","2","5","7","53","51","342","444","560","373","C1839071"
"27439","9217","2","3","2","50","47","39","100","321","255","C1839167"
"27440","5009","2","3","2","48","97","50","304","167","593","C1839167"
"27441","7369","2","5","7","53","51","119","395","549","674","C1839248"
"27442","8891","2","3","2","110","85","237","433","547","671","C1839248"
"27443","4627","2","5","7","63","45","184","103","572","658","C1839248"
"27444","2778","2","5","4","68","96","326","427","548","672","C1839248"
"27445","27019","2","3","12","76","153","40","38","54","75","C1839248"
"27446","5290","2","3","7","53","14","20","25","40","186","C1839248"
"27447","3991","2","3","5","80","81","166","57","83","658","C1839248"
"27448","5396","2","3","3","19","221","321","428","541","667","C1839248"
"27449","5159","2","5","7","53","14","20","25","40","186","C1839254"
"27450","51","2","3","5","43","151","276","91","433","482","C1839254"
"27451","857","2","5","7","53","45","23","57","83","422","C1839254"
"27452","1605","2","5","7","53","51","342","454","573","492","C1839254"
"27453","1728","2","3","2","41","116","268","434","568","605","C1839254"
"27454","7249","2","3","7","60","57","110","141","359","462","C1839254"
"27455","8050","2","3","2","67","92","293","55","75","311","C1839254"
"27456","64324","2","3","12","19","31","1","426","55","78","C1839254"
"27457","10878","2","5","7","53","51","119","395","549","674","C1839254"
"27458","8988","2","3","8","63","45","160","103","464","187","C1839254"
"27459","1030","2","3","12","19","31","1","426","55","78","C1839269"
"27460","6337","2","5","8","63","45","23","34","464","187","C1839269"
"27461","10225","2","5","7","53","51","119","395","549","674","C1839271"
"27462","3861","2","1","6","11","142","225","142","220","298","C1839271"
"27463","2707","2","3","12","76","153","40","38","54","75","C1839271"
"27464","5741","2","5","4","68","96","326","427","548","672","C1839271"
"27465","144165","2","3","12","41","116","268","259","568","605","C1839271"
"27466","6870","2","5","4","68","96","326","427","548","672","C1839276"
"27467","7124","2","3","12","41","219","339","156","568","697","C1839276"
"27468","4001","2","3","12","76","31","40","38","54","75","C1839276"
"27469","3939","2","3","2","62","37","28","52","105","349","C1839277"
"27470","362","2","3","5","80","81","166","397","374","486","C1839277"
"27471","5885","2","3","12","76","153","40","38","54","75","C1839279"
"27472","5159","2","5","7","53","14","20","25","40","186","C1839279"
"27473","9126","2","3","12","76","153","40","38","54","75","C1839285"
"27474","7490","2","3","3","19","221","321","428","541","667","C1839285"
"27475","5961","2","5","7","27","51","326","126","414","702","C1839304"
"27476","2639","2","3","2","71","148","34","160","115","164","C1839304"
"27477","4513","2","3","2","48","170","110","141","359","532","C1839304"
"27478","25942","2","3","12","19","31","1","426","55","78","C1839304"
"27479","2657","2","5","7","53","51","342","259","423","389","C1839305"
"27480","5352","2","5","7","53","51","342","454","573","492","C1839305"
"27481","3206","2","3","3","19","221","321","428","541","667","C1839323"
"27482","2146","2","3","12","19","31","1","426","55","78","C1839323"
"27483","54539","2","3","2","48","170","50","119","444","556","C1839323"
"27484","26580","2","5","8","27","70","99","162","216","290","C1839323"
"27485","3767","2","5","8","63","36","166","106","110","158","C1839323"
"27486","7403","2","3","12","19","31","1","426","55","78","C1839323"
"27487","6928","2","3","3","19","221","321","428","541","667","C1839323"
"27488","987","2","3","6","48","94","279","347","330","304","C1839323"
"27489","3172","2","3","3","19","151","276","91","433","118","C1839323"
"27490","4437","2","3","12","19","31","261","116","1","86","C1839326"
"27491","860","2","3","12","19","31","276","91","433","118","C1839326"
"27492","10083","2","5","7","42","36","71","177","223","219","C1839326"
"27493","4010","2","3","3","19","221","321","428","541","667","C1839326"
"27494","6535","2","5","8","45","94","199","240","415","666","C1839326"
"27495","8091","2","3","12","110","109","22","262","129","638","C1839326"
"27496","5828","2","3","5","43","161","305","409","208","482","C1839326"
"27497","8799","2","3","5","43","161","305","409","208","482","C1839326"
"27498","208","2","5","7","53","14","20","34","540","68","C1839326"
"27499","54880","2","3","12","19","31","1","426","55","78","C1839326"
"27500","2353","2","3","12","19","31","1","91","489","416","C1839326"
"27501","5894","2","5","7","60","54","23","34","464","187","C1839326"
"27502","7476","2","5","3","68","221","197","259","560","422","C1839326"
"27503","80184","2","5","7","34","52","216","38","54","75","C1839326"
"27504","3588","2","5","7","53","51","119","25","40","186","C1839326"
"27505","4093","2","3","12","19","221","342","259","423","389","C1839326"
"27506","5002","2","5","8","45","94","199","240","415","666","C1839326"
"27507","54106","2","5","7","53","219","20","156","40","697","C1839326"
"27508","5860","2","3","2","69","91","75","204","267","352","C1839326"
"27509","2475","2","3","2","48","57","110","141","359","462","C1839326"
"27510","554","2","5","4","68","96","326","427","548","672","C1839326"
"27511","871","2","5","7","53","51","342","454","573","492","C1839326"
"27512","5913","2","5","7","27","36","71","341","223","219","C1839326"
"27513","3845","2","5","7","60","54","24","30","46","72","C1839326"
"27514","1184","2","5","8","63","45","23","34","464","187","C1839326"
"27515","6689","2","3","12","19","31","276","91","433","118","C1839326"
"27516","3953","2","5","7","53","14","20","25","40","186","C1839326"
"27517","5116","2","3","12","76","153","40","38","54","75","C1839326"
"27518","2263","2","5","7","53","14","20","25","40","186","C1839326"
"27519","6559","2","5","8","45","94","199","240","415","666","C1839326"
"27520","3561","2","5","7","53","14","20","25","40","186","C1839326"
"27521","22868","2","3","2","48","182","67","76","463","153","C1839424"
"27522","65109","2","3","2","22","33","323","66","101","136","C1839424"
"27523","7084","2","3","2","72","109","115","62","268","353","C1839424"
"27524","462","2","5","7","53","51","342","454","573","492","C1839424"
"27525","26053","2","3","12","19","31","1","426","55","78","C1839424"
"27526","1291","2","5","7","53","51","342","454","573","492","C1839424"
"27527","23462","2","3","12","19","31","143","428","236","667","C1839424"
"27528","5830","2","3","5","43","161","305","409","208","482","C1839424"
"27529","3552","2","3","12","53","51","119","156","489","416","C1839424"
"27530","9401","2","3","12","76","31","261","116","1","86","C1839437"
"27531","1355","2","3","2","48","170","50","119","444","556","C1839437"
"27532","3593","2","5","7","53","51","119","25","489","416","C1839507"
"27533","55505","2","3","2","110","85","237","433","547","671","C1839507"
"27534","10804","2","3","12","76","153","40","38","54","75","C1839512"
"27535","3858","2","1","6","11","142","225","142","220","298","C1839512"
"27536","285203","2","5","5","68","51","342","448","85","595","C1839531"
"27537","1297","2","5","7","53","51","342","454","573","492","C1839531"
"27538","6916","2","3","5","91","175","119","167","224","301","C1839531"
"27539","7490","2","3","3","19","221","321","428","541","667","C1839531"
"27540","9968","2","4","3","24","119","330","214","454","144","C1839531"
"27541","10847","2","3","12","19","31","1","426","55","78","C1839532"
"27542","3014","2","3","12","19","31","1","426","55","78","C1839532"
"27543","715","2","5","7","53","51","119","395","549","674","C1839533"
"27544","6399","2","5","7","60","54","24","30","46","72","C1839533"
"27545","6469","2","5","3","53","221","197","259","560","422","C1839533"
"27546","5146","2","3","5","86","72","258","318","403","518","C1839541"
"27547","3953","2","5","7","53","14","20","25","40","186","C1839541"
"27548","6658","2","3","12","19","221","321","428","541","667","C1839541"
"27549","712","2","5","7","53","51","119","395","549","674","C1839541"
"27550","3211","2","3","3","19","221","321","428","541","667","C1839546"
"27551","6331","2","5","8","63","36","166","341","223","158","C1839546"
"27552","9215","2","5","2","27","36","150","430","215","628","C1839546"
"27553","2243","2","5","7","53","51","342","454","573","492","C1839546"
"27554","3209","2","3","3","19","221","321","428","541","667","C1839546"
"27555","10847","2","3","12","19","31","1","426","55","78","C1839546"
"27556","9049","2","3","3","41","151","276","378","271","356","C1839546"
"27557","773","2","5","8","27","36","166","341","223","628","C1839546"
"27558","5781","2","5","7","53","14","20","25","40","186","C1839546"
"27559","2778","2","5","4","68","96","326","427","548","672","C1839546"
"27560","1584","2","3","5","79","159","256","276","353","456","C1839546"
"27561","8660","2","5","7","53","14","20","25","40","186","C1839546"
"27562","8573","2","5","7","53","36","71","341","223","219","C1839546"
"27563","4750","2","5","12","76","14","20","34","540","68","C1839603"
"27564","1806","2","3","2","49","23","186","149","195","61","C1839603"
"27565","8481","2","3","12","76","153","40","38","54","75","C1839603"
"27566","89866","2","3","7","60","153","40","202","66","203","C1839603"
"27567","207","2","3","7","53","14","20","34","489","416","C1839603"
"27568","10479","2","5","7","27","36","150","341","223","628","C1839603"
"27569","4893","2","5","7","34","52","24","30","46","72","C1839603"
"27570","5940","2","3","2","22","33","323","66","101","136","C1839603"
"27571","54880","2","3","12","19","31","1","426","55","78","C1839603"
"27572","1138","2","5","8","27","70","99","162","216","290","C1839606"
"27573","3690","2","5","7","53","51","342","454","573","492","C1839606"
"27574","4000","2","3","12","26","105","178","226","297","156","C1839606"
"27575","8864","2","3","3","19","151","276","91","433","118","C1839630"
"27576","10804","2","3","12","76","153","40","38","54","75","C1839630"
"27577","2068","2","3","12","19","31","261","116","159","211","C1839630"
"27578","54658","2","3","2","78","205","207","67","355","138","C1839630"
"27579","1639","2","3","12","76","153","40","38","54","75","C1839630"
"27580","7043","2","5","7","53","51","342","454","573","492","C1839630"
"27581","1441","2","5","7","53","51","119","25","40","186","C1839630"
"27582","112752","2","3","12","76","153","40","38","54","75","C1839630"
"27583","4879","2","5","4","68","96","326","427","548","672","C1839630"
"27584","6647","2","3","2","95","2","342","378","173","702","C1839630"
"27585","9131","2","3","12","41","219","339","347","271","356","C1839630"
"27586","3199","2","3","3","19","221","321","428","541","667","C1839630"
"27587","8200","2","5","7","53","51","342","259","423","389","C1839630"
"27588","1969","2","5","7","53","14","20","25","560","186","C1839630"
"27589","2673","2","3","2","110","94","178","226","297","380","C1839630"
"27590","3767","2","5","8","63","36","166","106","110","158","C1839630"
"27591","2239","2","3","2","74","51","342","454","573","492","C1839630"
"27592","5993","2","3","12","19","31","1","426","55","78","C1839630"
"27593","5573","2","3","12","19","184","118","155","287","116","C1839630"
"27594","3991","2","3","5","80","81","166","57","83","658","C1839630"
"27595","6492","2","3","3","19","151","276","91","433","118","C1839630"
"27596","5172","2","5","8","45","94","199","240","415","666","C1839630"
"27597","3889","2","1","6","11","142","225","142","220","298","C1839630"
"27598","4485","2","5","7","68","51","119","395","549","674","C1839630"
"27599","9632","2","3","7","60","153","40","38","54","203","C1839630"
"27600","51057","2","3","12","76","153","40","38","54","75","C1839630"
"27601","9401","2","3","12","76","31","261","116","1","86","C1839630"
"27602","4688","2","5","7","60","14","20","25","40","215","C1839630"
"27603","3909","2","5","7","53","51","342","454","573","492","C1839630"
"27604","2332","2","3","2","22","33","71","373","466","609","C1839630"
"27605","545","2","3","12","19","31","261","116","1","86","C1839630"
"27606","4990","2","3","3","19","221","321","428","541","667","C1839630"
"27607","54463","2","3","2","48","57","110","141","359","462","C1839630"
"27608","8801","2","3","5","67","92","293","55","75","311","C1839653"
"27609","25978","2","3","2","48","57","110","141","359","462","C1839653"
"27610","26580","2","5","8","27","70","99","162","216","290","C1839666"
"27611","3248","2","3","2","69","83","133","167","224","301","C1839666"
"27612","51702","2","3","12","19","31","1","426","55","78","C1839666"
"27613","7040","2","5","7","53","51","342","454","573","492","C1839666"
"27614","26191","2","5","7","53","14","20","25","40","186","C1839666"
"27615","1175","2","5","7","60","14","184","341","544","669","C1839731"
"27616","7066","2","5","7","53","51","119","25","573","416","C1839731"
"27617","6662","2","3","3","19","221","321","428","541","667","C1839731"
"27618","3694","2","5","7","53","51","342","454","573","492","C1839731"
"27619","1581","2","3","5","19","151","276","91","433","118","C1839731"
"27620","2201","2","5","7","53","51","342","454","573","492","C1839731"
"27621","4668","2","3","5","21","111","188","242","313","396","C1839731"
"27622","8398","2","3","5","116","183","40","38","352","455","C1839736"
"27623","10999","2","3","8","45","94","298","401","506","626","C1839736"
"27624","5189","2","3","5","43","161","305","409","208","482","C1839749"
"27625","5896","2","3","12","41","116","268","434","568","605","C1839749"
"27626","54880","2","3","12","19","31","1","426","55","78","C1839767"
"27627","51124","2","5","4","68","96","326","427","548","672","C1839767"
"27628","5194","2","3","5","43","161","305","409","208","482","C1839767"
"27629","120","2","5","2","63","182","50","103","297","628","C1839767"
"27630","2629","2","3","5","80","81","250","291","152","420","C1839767"
"27631","10019","2","5","7","53","14","20","25","40","116","C1839767"
"27632","6532","2","5","8","45","94","199","240","415","666","C1839767"
"27633","4284","2","3","5","80","81","166","397","374","486","C1839767"
"27634","3594","2","5","7","53","51","119","25","560","373","C1839767"
"27635","4000","2","3","12","26","105","178","226","297","156","C1839767"
"27636","3561","2","5","7","53","14","20","25","40","186","C1839767"
"27637","4683","2","3","12","19","31","261","116","1","86","C1839767"
"27638","3456","2","3","12","19","31","118","155","287","116","C1839767"
"27639","6314","2","3","12","19","31","1","426","568","78","C1839767"
"27640","10516","2","5","7","53","51","342","454","573","492","C1839767"
"27641","2658","2","5","7","53","51","342","259","423","389","C1839767"
"27642","27086","2","3","12","19","221","321","428","541","667","C1839767"
"27643","3248","2","3","2","69","83","133","167","224","301","C1839767"
"27644","4867","2","5","7","76","153","40","38","54","75","C1839767"
"27645","23363","2","3","12","41","116","268","434","468","213","C1839782"
"27646","5158","2","3","4","68","45","272","259","518","621","C1839782"
"27647","2731","2","3","2","106","104","214","234","67","53","C1839783"
"27648","6208","2","3","2","110","85","237","433","547","671","C1839783"
"27649","80254","2","3","12","76","153","40","38","54","75","C1839783"
"27650","538","2","3","8","63","45","23","103","464","187","C1839797"
"27651","2752","2","3","2","101","62","189","182","509","409","C1839797"
"27652","2215","2","5","7","34","52","216","395","549","674","C1839797"
"27653","3778","2","5","8","63","36","166","106","110","158","C1839797"
"27654","1277","2","5","7","53","51","342","454","573","492","C1839797"
"27655","7421","2","3","3","19","151","276","91","433","118","C1839797"
"27656","347","2","3","7","98","51","298","401","506","626","C1839797"
"27657","37","2","3","2","110","105","178","226","297","380","C1839797"
"27658","23218","2","5","7","34","52","216","395","549","674","C1839797"
"27659","2316","2","5","7","53","51","342","454","573","702","C1839797"
"27660","1855","2","5","12","76","153","197","259","560","422","C1839797"
"27661","7508","2","3","12","19","31","261","116","1","664","C1839797"
"27662","6340","2","5","8","63","45","23","34","464","187","C1839797"
"27663","3872","2","1","6","11","142","225","142","220","298","C1839797"
"27664","27077","2","3","12","76","153","40","38","54","75","C1839797"
"27665","2677","2","5","7","53","51","342","454","573","492","C1839797"
"27666","4088","2","3","12","19","219","339","259","423","605","C1839797"
"27667","7076","2","5","7","53","51","342","454","573","492","C1839797"
"27668","7136","2","5","8","63","45","23","103","464","187","C1839797"
"27669","5159","2","5","7","53","14","20","25","40","186","C1839797"
"27670","23411","2","3","12","19","31","1","91","433","118","C1839797"
"27671","54820","2","3","12","76","153","40","38","54","75","C1839798"
"27672","1716","2","3","2","27","36","150","221","138","188","C1839798"
"27673","1103","2","3","2","67","92","293","55","75","311","C1839798"
"27674","9049","2","3","3","41","151","276","378","271","356","C1839798"
"27675","6608","2","3","3","68","221","321","428","560","667","C1839798"
"27676","54903","2","3","12","76","153","40","38","54","75","C1839798"
"27677","23411","2","3","12","19","31","1","91","433","118","C1839798"
"27678","1736","2","3","2","110","85","237","433","547","671","C1839798"
"27679","1029","2","3","12","19","31","1","116","1","664","C1839798"
"27680","63978","2","3","12","19","137","76","136","472","435","C1839798"
"27681","2672","2","3","3","19","221","321","259","423","389","C1839798"
"27682","2290","2","3","3","19","221","321","428","541","667","C1839798"
"27683","5071","2","3","12","41","116","268","434","468","213","C1839798"
"27684","8022","2","3","3","110","85","321","428","541","667","C1839798"
"27685","7319","2","3","12","41","116","268","434","468","213","C1839798"
"27686","2950","2","5","7","34","52","216","395","549","674","C1839816"
"27687","3757","2","5","8","63","36","166","106","110","158","C1839816"
"27688","4512","2","3","2","48","170","110","141","359","8","C1839816"
"27689","29887","2","3","7","60","18","110","141","198","270","C1839839"
"27690","6845","2","5","7","60","14","184","341","544","669","C1839839"
"27691","5617","2","5","12","19","31","1","426","55","78","C1839839"
"27692","6327","2","5","7","63","36","166","341","223","158","C1839839"
"27693","57216","2","3","12","41","116","268","259","568","422","C1839839"
"27694","1285","2","5","7","53","51","342","454","573","492","C1839839"
"27695","1141","2","5","8","27","70","99","162","216","290","C1839839"
"27696","8659","2","3","2","67","103","177","225","295","378","C1839839"
"27697","9927","2","3","12","19","31","118","155","287","116","C1839839"
"27698","5573","2","3","12","19","184","118","155","287","116","C1839839"
"27699","6299","2","3","12","19","221","321","428","541","667","C1839839"
"27700","1610","2","3","5","80","81","305","409","208","482","C1839839"
"27701","3915","2","5","7","53","51","342","454","573","492","C1839839"
"27702","5728","2","3","5","80","81","339","156","568","605","C1839839"
"27703","6886","2","3","12","19","31","1","426","55","78","C1839839"
"27704","7287","2","5","7","11","142","71","341","560","219","C1839839"
"27705","3569","2","5","7","53","51","342","454","573","416","C1839839"
"27706","3954","2","3","2","48","170","67","119","444","593","C1839839"
"27707","4654","2","3","12","19","31","276","91","433","118","C1839839"
"27708","658","2","5","7","53","51","342","259","423","389","C1839839"
"27709","147","2","5","4","68","96","326","427","548","672","C1839839"
"27710","3679","2","5","7","53","51","342","454","573","492","C1839839"
"27711","3320","2","3","7","34","52","75","347","271","356","C1839840"
"27712","54806","2","5","7","76","153","40","38","54","75","C1839840"
"27713","4137","2","3","7","27","36","150","341","223","628","C1839858"
"27714","84282","2","3","12","41","219","339","156","568","697","C1839858"
"27715","546","2","3","12","19","31","261","426","1","86","C1839858"
"27716","1131","2","5","4","68","96","326","427","548","672","C1839858"
"27717","538","2","3","8","63","45","23","103","464","187","C1839858"
"27718","1947","2","5","7","53","51","20","25","560","373","C1839858"
"27719","1301","2","5","7","53","51","342","454","573","492","C1839858"
"27720","3984","2","5","7","53","14","20","34","540","68","C1839860"
"27721","2176","2","3","12","19","31","261","116","1","86","C1839860"
"27722","5189","2","3","5","43","161","305","409","208","482","C1839860"
"27723","857","2","5","7","53","45","23","57","83","422","C1839865"
"27724","8742","2","3","12","41","219","339","156","568","697","C1839865"
"27725","6261","2","5","8","63","45","23","34","464","187","C1839866"
"27726","1736","2","3","2","110","85","237","433","547","671","C1839866"
"27727","6531","2","5","8","45","94","199","240","415","666","C1839866"
"27728","3769","2","5","8","63","36","166","106","110","158","C1839866"
"27729","54487","2","3","2","22","33","323","66","101","136","C1839884"
"27730","1412","2","5","6","11","142","225","243","177","673","C1839884"
"27731","4854","2","5","7","53","51","143","428","236","667","C1839888"
"27732","51062","2","5","7","27","36","150","402","489","373","C1839888"
"27733","3284","2","3","2","69","98","169","299","183","243","C1839888"
"27734","3091","2","3","12","41","116","276","91","433","605","C1839965"
"27735","6347","2","5","7","53","51","119","427","489","416","C1839965"
"27736","6648","2","3","2","95","151","160","378","173","229","C1839969"
"27737","7042","2","5","7","53","51","342","454","573","492","C1839969"
"27738","7248","2","3","2","48","57","110","141","359","462","C1839969"
"27739","4621","2","5","8","63","45","23","103","464","187","C1839972"
"27740","5745","2","5","4","68","96","326","427","548","672","C1839972"
"27741","6775","2","5","7","53","14","119","25","40","186","C1839972"
"27742","1756","2","5","8","63","45","23","103","464","187","C1839972"
"27743","11235","2","3","2","76","137","76","136","472","435","C1839972"
"27744","10483","2","3","7","60","54","24","30","46","72","C1839972"
"27745","8292","2","5","5","27","51","342","454","573","492","C1839972"
"27746","182","2","5","7","53","51","143","428","236","667","C1839972"
"27747","1896","2","5","12","41","219","339","156","568","697","C1839972"
"27748","6347","2","5","7","53","51","119","427","489","416","C1839972"
"27749","1289","2","5","7","53","51","342","454","573","492","C1839972"
"27750","3949","2","5","7","60","14","184","341","544","669","C1839972"
"27751","5189","2","3","5","43","161","305","409","208","482","C1839972"
"27752","1356","2","3","7","53","51","342","454","573","492","C1839972"
"27753","6557","2","5","8","45","94","199","240","415","666","C1839972"
"27754","9091","2","3","2","61","77","142","176","235","317","C1839972"
"27755","10806","2","3","12","76","153","40","38","54","75","C1840068"
"27756","4719","2","3","2","48","170","50","119","444","556","C1840068"
"27757","6444","2","5","8","63","45","23","103","464","187","C1840069"
"27758","7099","2","5","7","41","219","339","156","568","697","C1840069"
"27759","11284","2","3","12","19","31","261","116","1","86","C1840069"
"27760","6299","2","3","12","19","221","321","428","541","667","C1840069"
"27761","2531","2","3","2","69","47","39","100","321","255","C1840069"
"27762","6247","2","5","7","53","51","342","454","573","492","C1840069"
"27763","1399","2","5","7","53","14","20","25","40","186","C1840069"
"27764","6786","2","5","8","63","45","23","103","464","187","C1840069"
"27765","3762","2","5","8","63","36","166","106","110","158","C1840069"
"27766","3630","2","5","7","53","14","20","25","40","186","C1840069"
"27767","51524","2","5","7","45","94","199","240","415","666","C1840069"
"27768","4552","2","3","7","48","81","105","139","186","245","C1840069"
"27769","2010","2","3","12","26","105","296","226","488","156","C1840069"
"27770","3845","2","5","7","60","54","24","30","46","72","C1840069"
"27771","3569","2","5","7","53","51","342","454","573","416","C1840069"
"27772","4000","2","3","12","26","105","178","226","297","156","C1840069"
"27773","1834","2","5","7","53","51","342","454","573","492","C1840069"
"27774","9662","2","3","12","76","153","40","38","54","75","C1840069"
"27775","26580","2","5","8","27","70","99","162","216","290","C1840069"
"27776","940","2","5","7","53","14","20","25","40","186","C1840069"
"27777","207","2","3","7","53","14","20","34","489","416","C1840069"
"27778","811","2","3","2","41","116","342","423","536","342","C1840069"
"27779","10483","2","3","7","60","54","24","30","46","72","C1840069"
"27780","51098","2","3","12","76","153","40","38","54","75","C1840069"
"27781","5913","2","5","7","27","36","71","341","223","219","C1840087"
"27782","1836","2","3","2","35","41","94","260","330","375","C1840087"
"27783","54795","2","5","8","63","45","193","306","390","158","C1840087"
"27784","8892","2","3","2","110","85","237","433","547","671","C1840087"
"27785","4000","2","3","12","26","105","178","226","297","156","C1840087"
"27786","2707","2","3","12","76","153","40","38","54","75","C1840087"
"27787","23495","2","3","12","41","219","339","156","568","697","C1840087"
"27788","9569","2","3","12","19","31","276","91","433","118","C1840087"
"27789","5080","2","3","3","19","221","321","428","541","667","C1840087"
"27790","1528","2","3","5","91","214","271","372","471","586","C1840087"
"27791","25","2","3","12","19","14","20","25","287","116","C1840087"
"27792","940","2","5","7","53","14","20","25","40","186","C1840087"
"27793","650","2","5","7","53","51","342","259","423","389","C1840087"
"27794","2720","2","3","7","34","52","216","395","21","599","C1840087"
"27795","8822","2","5","7","53","14","20","25","40","186","C1840087"
"27796","2178","2","3","12","19","31","261","116","1","86","C1840087"
"27797","7249","2","3","7","60","57","110","141","359","462","C1840087"
"27798","286","2","5","7","60","153","40","38","54","203","C1840087"
"27799","5395","2","3","12","19","31","261","116","1","86","C1840087"
"27800","1401","2","5","7","53","51","119","395","573","492","C1840087"
"27801","2200","2","5","7","53","51","342","454","573","492","C1840087"
"27802","1288","2","5","7","53","51","342","454","573","492","C1840087"
"27803","10733","2","3","12","76","153","40","38","54","75","C1840087"
"27804","1075","2","5","7","34","52","216","395","549","674","C1840235"
"27805","5339","2","5","7","53","51","342","454","573","492","C1840235"
"27806","10105","2","3","2","48","170","50","304","167","593","C1840235"
"27807","472","2","3","12","19","31","261","116","1","86","C1840235"
"27808","4810","2","3","2","76","57","110","444","560","373","C1840235"
"27809","2263","2","5","7","53","14","20","25","40","186","C1840236"
"27810","183","2","5","4","68","96","326","427","548","672","C1840236"
"27811","8626","2","3","3","19","221","321","428","541","667","C1840253"
"27812","8036","2","5","7","60","54","296","399","359","658","C1840253"
"27813","23414","2","3","12","19","31","118","155","287","116","C1840253"
"27814","9150","2","3","12","19","31","261","116","159","211","C1840253"
"27815","4288","2","3","12","76","153","40","38","54","75","C1840253"
"27816","3239","2","3","3","19","221","321","428","541","667","C1840253"
"27817","6197","2","3","12","19","14","20","34","540","68","C1840253"
"27818","6399","2","5","7","60","54","24","30","46","72","C1840253"
"27819","26040","2","3","12","19","31","1","116","297","78","C1840305"
"27820","90","2","5","7","53","51","342","259","423","389","C1840305"
"27821","8803","2","3","8","67","92","293","55","75","311","C1840305"
"27822","9569","2","3","12","19","31","276","91","433","118","C1840305"
"27823","58","2","5","8","63","45","23","103","464","187","C1840305"
"27824","5993","2","3","12","19","31","1","426","55","78","C1840305"
"27825","2121","2","3","12","41","116","268","434","568","605","C1840305"
"27826","4000","2","3","12","26","105","178","226","297","156","C1840305"
"27827","6736","2","3","12","19","31","276","91","433","667","C1840305"
"27828","9215","2","5","2","27","36","150","430","215","628","C1840305"
"27829","54756","2","5","7","41","219","238","118","543","214","C1840305"
"27830","1030","2","3","12","19","31","1","426","55","78","C1840305"
"27831","540","2","5","8","63","45","23","103","464","187","C1840305"
"27832","2956","2","3","12","19","31","261","116","1","86","C1840305"
"27833","2261","2","5","7","53","14","20","25","40","186","C1840305"
"27834","2065","2","5","7","53","14","20","25","40","186","C1840305"
"27835","3868","2","1","6","11","142","225","142","220","298","C1840305"
"27836","1441","2","5","7","53","51","119","25","40","186","C1840305"
"27837","6662","2","3","3","19","221","321","428","541","667","C1840305"
"27838","4853","2","3","12","19","124","143","428","236","667","C1840305"
"27839","9321","2","3","12","76","153","40","38","54","203","C1840305"
"27840","551","2","5","4","68","96","326","427","548","672","C1840305"
"27841","4914","2","3","2","22","18","266","202","252","252","C1840305"
"27842","2022","2","5","7","53","51","342","259","423","389","C1840307"
"27843","7415","2","3","7","34","52","216","395","536","445","C1840307"
"27844","4593","2","5","7","53","14","20","454","573","492","C1840307"
"27845","51626","2","3","12","76","153","40","38","54","75","C1840309"
"27846","5617","2","5","12","19","31","1","426","55","78","C1840309"
"27847","1387","2","3","12","19","31","276","91","433","118","C1840309"
"27848","3043","2","5","7","34","52","216","395","549","116","C1840309"
"27849","1954","2","5","7","53","51","342","454","573","492","C1840309"
"27850","4477","2","5","6","11","119","50","142","220","452","C1840309"
"27851","2697","2","3","7","76","153","40","38","54","75","C1840309"
"27852","4920","2","5","7","53","14","20","259","560","373","C1840310"
"27853","990","2","3","12","76","31","261","116","1","86","C1840310"
"27854","3383","2","5","7","53","51","119","454","287","116","C1840311"
"27855","8647","2","3","5","46","158","252","352","449","563","C1840311"
"27856","6197","2","3","12","19","14","20","34","540","68","C1840311"
"27857","1281","2","5","7","53","51","342","454","573","492","C1840319"
"27858","1184","2","5","8","63","45","23","34","464","187","C1840319"
"27859","9968","2","4","3","24","119","330","214","454","144","C1840319"
"27860","2556","2","5","8","27","70","99","162","216","290","C1840319"
"27861","5073","2","3","2","110","85","323","433","146","194","C1840374"
"27862","760","2","3","5","35","41","77","40","78","178","C1840374"
"27863","1644","2","3","2","88","79","239","333","258","345","C1840379"
"27864","4361","2","3","12","19","31","261","116","1","86","C1840379"
"27865","55131","2","3","2","110","85","237","433","547","671","C1840379"
"27866","1836","2","3","2","35","41","94","260","330","375","C1840379"
"27867","2033","2","3","12","19","31","1","91","433","118","C1840379"
"27868","649","2","5","7","53","51","342","454","573","492","C1840379"
"27869","5589","2","5","7","53","51","342","454","573","492","C1840379"
"27870","7476","2","5","3","68","221","197","259","560","422","C1840379"
"27871","7468","2","3","12","19","31","1","426","55","78","C1840379"
"27872","3123","2","5","7","53","51","119","156","287","116","C1840379"
"27873","4210","2","3","12","41","219","339","156","568","697","C1840379"
"27874","2534","2","5","7","53","14","20","25","40","186","C1840379"
"27875","9469","2","3","2","103","189","303","29","475","467","C1840379"
"27876","8200","2","5","7","53","51","342","259","423","389","C1840379"
"27877","10491","2","5","7","53","51","342","454","573","492","C1840379"
"27878","207","2","3","7","53","14","20","34","489","416","C1840379"
"27879","9210","2","5","7","53","51","342","454","573","492","C1840379"
"27880","8892","2","3","2","110","85","237","433","547","671","C1840379"
"27881","25782","2","5","7","60","54","24","30","46","72","C1840379"
"27882","5527","2","3","12","76","153","40","38","54","75","C1840379"
"27883","64581","2","5","7","53","51","119","395","549","674","C1840379"
"27884","472","2","3","12","19","31","261","116","1","86","C1840379"
"27885","9401","2","3","12","76","31","261","116","1","86","C1840379"
"27886","7038","2","5","7","60","18","184","98","66","203","C1840379"
"27887","3074","2","3","7","34","52","216","395","549","607","C1840380"
"27888","54567","2","5","7","53","51","143","428","236","667","C1840380"
"27889","2074","2","3","12","19","31","1","426","55","78","C1840380"
"27890","3115","2","5","7","53","184","119","156","287","116","C1840380"
"27891","9227","2","3","2","69","51","101","126","170","224","C1840380"
"27892","55624","2","3","2","78","123","194","255","215","412","C1840380"
"27893","10979","2","5","7","53","45","342","103","573","701","C1840380"
"27894","3043","2","5","7","34","52","216","395","549","116","C1840380"
"27895","274","2","5","7","60","14","184","341","544","669","C1840380"
"27896","26277","2","3","12","19","31","1","426","1","78","C1840380"
"27897","55505","2","3","2","110","85","237","433","547","671","C1840382"
"27898","374654","2","3","12","76","153","40","38","54","75","C1840382"
"27899","6663","2","3","3","19","221","321","428","541","667","C1840382"
"27900","8493","2","3","12","19","31","293","116","201","664","C1840382"
"27901","6845","2","5","7","60","14","184","341","544","669","C1840382"
"27902","2261","2","5","7","53","14","20","25","40","186","C1840392"
"27903","54361","2","5","3","68","221","197","259","560","422","C1840402"
"27904","55636","2","3","3","19","221","321","428","423","389","C1840402"
"27905","2263","2","5","7","53","14","20","25","40","186","C1840418"
"27906","6563","2","3","5","85","143","286","316","400","102","C1840418"
"27907","367","2","3","12","19","31","276","91","433","118","C1840418"
"27908","3891","2","1","6","11","142","225","142","220","298","C1840418"
"27909","3952","2","5","3","53","151","276","91","433","118","C1840451"
"27910","9897","2","3","12","76","18","75","38","1","212","C1840452"
"27911","3930","2","3","2","22","33","323","66","3","464","C1840452"
"27912","3516","2","3","12","19","31","143","428","236","667","C1840457"
"27913","1352","2","3","2","48","170","50","119","444","556","C1840457"
"27914","4624","2","5","8","63","45","23","103","464","187","C1840457"
"27915","7157","2","3","12","19","31","261","402","489","551","C1840457"
"27916","54894","2","3","12","41","221","197","259","499","422","C1840457"
"27917","4200","2","3","2","67","92","293","55","75","311","C1840457"
"27918","2239","2","3","2","74","51","342","454","573","492","C1840457"
"27919","2705","2","3","12","76","153","40","38","54","75","C1840457"
"27920","1911","2","3","12","19","31","1","426","55","78","C1840457"
"27921","1302","2","5","7","53","51","342","454","573","492","C1840457"
"27922","4000","2","3","12","26","105","178","226","297","156","C1840535"
"27923","7737","2","3","12","22","33","268","434","468","213","C1840535"
"27924","4041","2","5","3","68","221","197","259","560","422","C1840535"
"27925","673","2","5","7","53","14","20","34","540","68","C1840535"
"27926","8799","2","3","5","43","161","305","409","208","482","C1840535"
"27927","10815","2","5","7","60","36","71","341","223","666","C1840560"
"27928","25942","2","3","12","19","31","1","426","55","78","C1840560"
"27929","6341","2","3","2","48","170","50","119","444","556","C1840560"
"27930","658","2","5","7","53","51","342","259","423","389","C1840572"
"27931","7518","2","3","12","19","31","261","116","1","86","C1841648"
"27932","23394","2","3","12","19","31","335","444","236","373","C1841648"
"27933","6341","2","3","2","48","170","50","119","444","556","C1841659"
"27934","5073","2","3","2","110","85","323","433","146","194","C1841659"
"27935","7504","2","5","4","68","96","326","427","548","672","C1841659"
"27936","2316","2","5","7","53","51","342","454","573","702","C1841659"
"27937","5077","2","3","3","19","221","321","428","541","667","C1841659"
"27938","1302","2","5","7","53","51","342","454","573","492","C1841659"
"27939","2670","2","5","7","27","36","150","341","223","628","C1841659"
"27940","10060","2","3","8","41","45","23","423","464","445","C1841659"
"27941","4893","2","5","7","34","52","24","30","46","72","C1841659"
"27942","2033","2","3","12","19","31","1","91","433","118","C1841659"
"27943","1497","2","5","2","63","182","50","103","297","628","C1841684"
"27944","23426","2","5","7","42","36","71","177","223","219","C1841684"
"27945","6335","2","5","8","63","36","166","341","390","158","C1841684"
"27946","1301","2","5","7","53","51","342","454","573","492","C1841684"
"27947","4000","2","3","12","26","105","178","226","297","156","C1841990"
"27948","871","2","5","7","53","51","342","454","573","492","C1841990"
"27949","26119","2","5","7","60","14","184","341","544","669","C1842028"
"27950","4436","2","3","12","19","31","261","116","1","86","C1842028"
"27951","3930","2","3","2","22","33","323","66","3","464","C1842028"
"27952","6340","2","5","8","63","45","23","34","464","187","C1842036"
"27953","7474","2","5","3","68","221","184","259","544","669","C1842036"
"27954","213","2","5","7","53","51","342","454","573","492","C1842060"
"27955","526","2","3","5","29","88","132","172","199","308","C1842060"
"27956","1584","2","3","5","79","159","256","276","353","456","C1842060"
"27957","7439","2","5","8","63","45","23","34","464","187","C1842060"
"27958","26040","2","3","12","19","31","1","116","297","78","C1842060"
"27959","4143","2","3","5","80","81","105","426","129","2","C1842060"
"27960","5130","2","3","2","85","143","286","51","488","102","C1842060"
"27961","538","2","3","8","63","45","23","103","464","187","C1842060"
"27962","6648","2","3","2","95","151","160","378","173","229","C1842060"
"27963","5076","2","3","3","19","221","321","428","541","667","C1842060"
"27964","7227","2","3","12","19","31","276","91","433","118","C1842060"
"27965","6638","2","3","2","22","33","323","66","101","136","C1842060"
"27966","204219","2","3","2","50","47","39","100","321","255","C1842060"
"27967","22845","2","3","2","48","68","125","161","214","288","C1842060"
"27968","5728","2","3","5","80","81","339","156","568","605","C1842060"
"27969","5727","2","3","12","68","221","197","259","560","422","C1842060"
"27970","275","2","3","5","106","104","214","70","377","488","C1842060"
"27971","7038","2","5","7","60","18","184","98","66","203","C1842060"
"27972","5192","2","3","5","43","161","305","409","208","482","C1842060"
"27973","51062","2","5","7","27","36","150","402","489","373","C1842073"
"27974","50937","2","5","7","53","51","335","444","560","373","C1842073"
"27975","7373","2","5","7","53","51","342","454","573","492","C1842083"
"27976","25974","2","3","7","48","51","105","139","186","245","C1842083"
"27977","94","2","5","7","53","51","342","259","423","389","C1842083"
"27978","6103","2","3","12","76","153","40","38","54","75","C1842083"
"27979","9997","2","3","2","48","170","50","119","444","556","C1842083"
"27980","7424","2","5","7","53","51","342","454","573","702","C1842083"
"27981","7461","2","3","7","60","153","40","38","93","75","C1842083"
"27982","23414","2","3","12","19","31","118","155","287","116","C1842083"
"27983","1535","2","5","7","34","52","216","395","549","674","C1842083"
"27984","3845","2","5","7","60","54","24","30","46","72","C1842083"
"27985","2034","2","3","12","41","116","268","434","468","213","C1842083"
"27986","8518","2","3","12","19","31","1","426","55","78","C1842083"
"27987","9469","2","3","2","103","189","303","29","475","467","C1842083"
"27988","9401","2","3","12","76","31","261","116","1","86","C1842083"
"27989","9657","2","3","12","76","153","40","38","54","75","C1842083"
"27990","635","2","3","8","45","94","199","240","415","666","C1842083"
"27991","6452","2","5","7","53","14","20","25","40","186","C1842083"
"27992","3845","2","5","7","60","54","24","30","46","72","C1842083"
"27993","89891","2","3","12","76","153","40","38","54","75","C1842083"
"27994","2627","2","3","12","19","31","118","155","287","116","C1842083"
"27995","4541","2","3","2","48","170","50","119","444","24","C1842083"
"27996","84735","2","3","5","80","81","166","162","269","248","C1842083"
"27997","7297","2","5","7","53","184","119","25","40","186","C1842083"
"27998","10516","2","5","7","53","51","342","454","573","492","C1842083"
"27999","3075","2","5","7","53","51","119","395","549","674","C1842083"
"28000","1282","2","5","7","53","51","342","454","573","492","C1842083"
"28001","6347","2","5","7","53","51","119","427","489","416","C1842083"
"28002","4609","2","3","12","19","31","1","160","107","416","C1842083"
"28003","7432","2","5","4","68","96","326","427","548","672","C1842083"
"28004","64240","2","3","5","47","144","185","238","310","392","C1842083"
"28005","5982","2","3","12","19","31","261","116","1","86","C1842083"
"28006","9723","2","5","7","53","51","342","79","560","373","C1842083"
"28007","4158","2","5","4","68","96","326","427","548","672","C1842138"
"28008","2261","2","5","7","53","14","20","25","40","186","C1842138"
"28009","1130","2","5","7","60","54","326","141","359","462","C1842138"
"28010","9184","2","3","12","76","153","40","38","54","75","C1842138"
"28011","1861","2","5","7","60","14","184","341","544","669","C1842138"
"28012","9321","2","3","12","76","153","40","38","54","203","C1842138"
"28013","26281","2","5","7","53","14","20","25","40","186","C1842153"
"28014","9533","2","3","2","19","31","1","426","55","78","C1842153"
"28015","326","2","3","12","19","31","261","377","370","269","C1842153"
"28016","2201","2","5","7","53","51","342","454","573","492","C1842153"
"28017","3717","2","5","7","53","14","20","25","40","186","C1842153"
"28018","9126","2","3","12","76","153","40","38","54","75","C1842153"
"28019","10087","2","3","7","50","47","39","100","321","255","C1842153"
"28020","54903","2","3","12","76","153","40","38","54","75","C1842153"
"28021","55505","2","3","2","110","85","237","433","547","671","C1842153"
"28022","1908","2","5","4","68","96","326","427","548","672","C1842153"
"28023","6331","2","5","8","63","36","166","341","223","158","C1842153"
"28024","3953","2","5","7","53","14","20","25","40","186","C1842153"
"28025","5627","2","5","7","53","51","342","454","573","702","C1842153"
"28026","6335","2","5","8","63","36","166","341","390","158","C1842153"
"28027","7415","2","3","7","34","52","216","395","536","445","C1842153"
"28028","4513","2","3","2","48","170","110","141","359","532","C1842153"
"28029","4541","2","3","2","48","170","50","119","444","24","C1842155"
"28030","2657","2","5","7","53","51","342","259","423","389","C1842155"
"28031","8626","2","3","3","19","221","321","428","541","667","C1842155"
"28032","6926","2","5","7","53","51","335","259","560","373","C1842155"
"28033","5328","2","5","7","34","52","216","395","549","674","C1842155"
"28034","26146","2","3","12","76","153","40","38","54","75","C1842155"
"28035","28982","2","3","5","25","44","165","101","274","358","C1842155"
"28036","11315","2","3","2","48","170","50","399","201","229","C1842155"
"28037","5663","2","5","7","34","52","216","395","549","667","C1842161"
"28038","348","2","5","7","53","51","342","454","573","492","C1842161"
"28039","1548","2","3","5","91","214","226","326","447","586","C1842161"
"28040","1371","2","3","5","17","24","261","116","164","6","C1842170"
"28041","10743","2","3","3","19","151","276","91","433","118","C1842170"
"28042","3425","2","3","5","80","81","166","454","573","492","C1842170"
"28043","3299","2","3","12","42","81","296","399","201","274","C1842170"
"28044","2176","2","3","12","19","31","261","116","1","86","C1842170"
"28045","4688","2","5","7","60","14","20","25","40","215","C1842170"
"28046","1717","2","3","2","19","151","276","48","69","204","C1842170"
"28047","7443","2","3","12","19","31","261","34","540","68","C1842170"
"28048","6678","2","5","7","53","51","342","454","573","492","C1842170"
"28049","348","2","5","7","53","51","342","454","573","492","C1842170"
"28050","1392","2","5","4","68","96","326","427","548","672","C1842180"
"28051","930","2","5","7","53","14","119","25","40","186","C1842180"
"28052","55157","2","3","2","110","85","67","76","252","154","C1842229"
"28053","9101","2","3","12","41","219","339","156","568","605","C1842229"
"28054","22995","2","3","12","76","153","40","38","54","75","C1842229"
"28055","10555","2","3","7","34","52","216","395","549","622","C1842229"
"28056","3643","2","5","7","53","14","20","25","40","186","C1842229"
"28057","5956","2","5","4","68","96","326","427","548","672","C1842231"
"28058","23314","2","3","3","19","221","321","428","541","667","C1842231"
"28059","2668","2","5","7","53","14","20","25","40","186","C1842231"
"28060","1965","2","3","2","110","85","237","433","547","671","C1842231"
"28061","6247","2","5","7","53","51","342","454","573","492","C1842231"
"28062","1281","2","5","7","53","51","342","454","573","492","C1842364"
"28063","8676","2","5","7","60","142","184","341","66","203","C1842364"
"28064","6905","2","3","12","76","153","40","38","54","75","C1842364"
"28065","4862","2","3","3","19","151","276","91","433","118","C1842364"
"28066","2187","2","3","12","19","31","261","116","1","86","C1842364"
"28067","80199","2","3","12","76","153","40","38","54","75","C1842366"
"28068","2263","2","5","7","53","14","20","25","40","186","C1842366"
"28069","54714","2","5","8","63","36","166","106","110","158","C1842366"
"28070","9939","2","3","2","22","33","323","66","101","136","C1842366"
"28071","1289","2","5","7","53","51","342","454","573","492","C1842366"
"28072","7454","2","5","7","60","14","20","25","40","215","C1842366"
"28073","130340","2","5","7","60","153","184","341","544","669","C1842366"
"28074","5781","2","5","7","53","14","20","25","40","186","C1842366"
"28075","5317","2","5","7","34","52","216","142","220","298","C1842366"
"28076","5578","2","5","7","53","14","20","34","540","621","C1842366"
"28077","5250","2","3","2","48","170","50","119","444","593","C1842366"
"28078","4514","2","3","2","48","57","110","141","359","5","C1842366"
"28079","10804","2","3","12","76","153","40","38","54","75","C1842366"
"28080","8803","2","3","8","67","92","293","55","75","311","C1842366"
"28081","5189","2","3","5","43","161","305","409","208","482","C1842366"
"28082","5352","2","5","7","53","51","342","454","573","492","C1842366"
"28083","1390","2","3","12","19","151","276","91","433","118","C1842366"
"28084","4790","2","3","7","34","52","216","166","129","697","C1842366"
"28085","7737","2","3","12","22","33","268","434","468","213","C1842366"
"28086","7468","2","3","12","19","31","1","426","55","78","C1842366"
"28087","2177","2","3","2","110","90","261","431","545","443","C1842366"
"28088","5961","2","5","7","27","51","326","126","414","702","C1842366"
"28089","9896","2","3","5","80","81","296","399","201","274","C1842366"
"28090","6555","2","5","8","45","94","199","240","415","666","C1842366"
"28091","1501","2","5","7","27","36","150","341","223","628","C1842366"
"28092","4175","2","3","12","76","31","261","116","1","86","C1842366"
"28093","4221","2","3","12","19","31","342","454","573","492","C1842366"
"28094","657","2","5","7","53","221","342","259","423","389","C1842366"
"28095","11311","2","3","12","19","31","118","155","287","116","C1842366"
"28096","6311","2","3","2","22","33","323","66","362","468","C1842366"
"28097","3565","2","5","7","53","51","119","25","489","416","C1842402"
"28098","5295","2","5","7","53","14","20","25","40","186","C1842402"
"28099","10370","2","3","12","19","31","276","91","433","118","C1842406"
"28100","4524","2","3","2","15","166","104","369","117","583","C1842406"
"28101","50484","2","3","5","80","109","182","235","307","506","C1842408"
"28102","2218","2","5","2","53","123","194","255","560","373","C1842408"
"28103","6017","2","3","2","69","83","101","126","170","224","C1842408"
"28104","55630","2","3","5","27","81","99","162","216","290","C1842408"
"28105","1123","2","5","7","60","54","24","30","46","72","C1842408"
"28106","1723","2","3","2","48","170","50","119","444","556","C1842408"
"28107","79759","2","4","3","24","119","330","214","454","144","C1842408"
"28108","51","2","3","5","43","151","276","91","433","482","C1842408"
"28109","383","2","3","7","34","52","216","395","549","674","C1842408"
"28110","1285","2","5","7","53","51","342","454","573","492","C1842466"
"28111","2719","2","5","7","53","51","342","454","573","492","C1842466"
"28112","3239","2","3","3","19","221","321","428","541","667","C1842528"
"28113","6390","2","3","2","48","170","50","119","444","556","C1842528"
"28114","94","2","5","7","53","51","342","259","423","389","C1842528"
"28115","4810","2","3","2","76","57","110","444","560","373","C1842534"
"28116","8398","2","3","5","116","183","40","38","352","455","C1842534"
"28117","6253","2","5","4","27","36","326","402","489","187","C1842552"
"28118","5913","2","5","7","27","36","71","341","223","219","C1842552"
"28119","26580","2","5","8","27","70","99","162","216","290","C1842563"
"28120","2332","2","3","2","22","33","71","373","466","609","C1842563"
"28121","5594","2","5","7","34","14","20","34","540","274","C1842563"
"28122","7480","2","5","3","68","221","197","259","560","422","C1842581"
"28123","4982","2","5","12","41","219","339","156","568","697","C1842581"
"28124","4221","2","3","12","19","31","342","454","573","492","C1842581"
"28125","9968","2","4","3","24","119","330","214","454","144","C1842581"
"28126","25","2","3","12","19","14","20","25","287","116","C1842584"
"28127","3425","2","3","5","80","81","166","454","573","492","C1842584"
"28128","4038","2","5","7","53","51","342","454","573","492","C1842587"
"28129","3954","2","3","2","48","170","67","119","444","593","C1842587"
"28130","10020","2","3","2","89","124","204","42","452","258","C1842587"
"28131","5080","2","3","3","19","221","321","428","541","667","C1842587"
"28132","940","2","5","7","53","14","20","25","40","186","C1842587"
"28133","55636","2","3","3","19","221","321","428","423","389","C1842587"
"28134","4143","2","3","5","80","81","105","426","129","2","C1842587"
"28135","5340","2","5","7","53","51","342","454","573","492","C1842680"
"28136","3032","2","3","2","48","57","38","347","12","145","C1842680"
"28137","4255","2","3","12","19","31","261","116","1","86","C1842680"
"28138","3339","2","5","7","53","51","342","454","573","492","C1842680"
"28139","2071","2","3","12","19","31","261","116","159","211","C1842680"
"28140","7291","2","3","12","19","151","276","91","489","416","C1842680"
"28141","6812","2","5","7","27","36","150","341","223","628","C1842680"
"28142","6777","2","5","7","53","14","20","25","40","186","C1842680"
"28143","5604","2","5","7","53","14","20","34","540","68","C1842680"
"28144","5396","2","3","3","19","221","321","428","541","667","C1842680"
"28145","2779","2","5","4","68","96","326","427","548","672","C1842680"
"28146","1280","2","5","7","53","51","342","454","573","492","C1842687"
"28147","5617","2","5","12","19","31","1","426","55","78","C1842688"
"28148","79147","2","3","2","27","36","150","430","215","628","C1842688"
"28149","1080","2","3","12","41","219","339","156","544","669","C1842688"
"28150","23111","2","3","12","41","219","339","156","568","697","C1842688"
"28151","22909","2","3","12","19","31","261","116","1","86","C1842688"
"28152","3909","2","5","7","53","51","342","454","573","492","C1842688"
"28153","5468","2","3","3","19","151","276","91","433","118","C1842688"
"28154","1387","2","3","12","19","31","276","91","433","118","C1842688"
"28155","4893","2","5","7","34","52","24","30","46","72","C1842688"
"28156","2632","2","3","2","28","22","48","232","82","114","C1842688"
"28157","8291","2","5","8","63","45","23","103","464","187","C1842688"
"28158","9968","2","4","3","24","119","330","214","454","144","C1842688"
"28159","3717","2","5","7","53","14","20","25","40","186","C1842688"
"28160","7456","2","5","7","60","14","20","25","40","215","C1842688"
"28161","9496","2","5","6","11","142","225","142","220","673","C1842688"
"28162","1816","2","5","4","68","96","326","427","548","672","C1842688"
"28163","3552","2","3","12","53","51","119","156","489","416","C1842688"
"28164","8200","2","5","7","53","51","342","259","423","389","C1842688"
"28165","29925","2","3","2","68","66","123","158","207","278","C1842688"
"28166","3418","2","3","2","67","151","276","33","48","155","C1842688"
"28167","27019","2","3","12","76","153","40","38","54","75","C1842688"
"28168","2316","2","5","7","53","51","342","454","573","702","C1842688"
"28169","30061","2","3","5","25","44","165","101","274","358","C1842714"
"28170","55172","2","5","7","27","36","150","341","223","628","C1842714"
"28171","4621","2","5","8","63","45","23","103","464","187","C1842714"
"28172","6532","2","5","8","45","94","199","240","415","666","C1842714"
"28173","8328","2","3","12","19","31","1","426","55","78","C1842714"
"28174","3984","2","5","7","53","14","20","34","540","68","C1842714"
"28175","5705","2","3","12","41","116","268","434","568","605","C1842714"
"28176","2705","2","3","12","76","153","40","38","54","75","C1842714"
"28177","5979","2","5","7","53","14","20","25","40","186","C1842714"
"28178","1583","2","3","5","79","152","273","375","100","589","C1842714"
"28179","3091","2","3","12","41","116","276","91","433","605","C1842870"
"28180","5781","2","5","7","53","14","20","25","40","186","C1842870"
"28181","4548","2","3","2","15","85","105","139","186","245","C1842870"
"28182","1280","2","5","7","53","51","342","454","573","492","C1842870"
"28183","1643","2","3","12","41","116","268","434","468","213","C1842870"
"28184","182","2","5","7","53","51","143","428","236","667","C1842878"
"28185","641","2","3","12","19","31","261","116","1","86","C1842878"
"28186","10459","2","3","12","76","31","261","116","1","86","C1842878"
"28187","2260","2","5","7","53","14","20","25","40","186","C1842878"
"28188","650","2","5","7","53","51","342","259","423","389","C1842878"
"28189","2717","2","3","7","34","52","216","395","549","674","C1842878"
"28190","2218","2","5","2","53","123","194","255","560","373","C1842878"
"28191","1836","2","3","2","35","41","94","260","330","375","C1842878"
"28192","5573","2","3","12","19","184","118","155","287","116","C1842878"
"28193","8878","2","3","12","41","219","339","156","568","697","C1842892"
"28194","9211","2","5","7","27","36","150","341","223","628","C1842892"
"28195","54101","2","3","2","48","170","50","347","167","593","C1842892"
"28196","2707","2","3","12","76","153","40","38","54","75","C1842892"
"28197","5073","2","3","2","110","85","323","433","146","194","C1842914"
"28198","7051","2","1","6","11","142","225","142","220","298","C1842914"
"28199","5340","2","5","7","53","51","342","454","573","492","C1842914"
"28200","1134","2","5","8","27","70","99","162","216","290","C1842914"
"28201","6908","2","3","12","19","31","1","116","159","211","C1842979"
"28202","2187","2","3","12","19","31","261","116","1","86","C1843003"
"28203","7305","2","5","7","34","52","216","395","549","674","C1843005"
"28204","51206","2","5","7","53","51","119","454","573","492","C1843005"
"28205","3845","2","5","7","60","54","24","30","46","72","C1843005"
"28206","3952","2","5","3","53","151","276","91","433","118","C1843005"
"28207","9632","2","3","7","60","153","40","38","54","203","C1843005"
"28208","7498","2","3","5","80","157","187","159","209","282","C1843005"
"28209","4089","2","3","12","19","219","339","259","423","605","C1843005"
"28210","3459","2","5","7","53","184","119","156","287","116","C1843005"
"28211","1763","2","3","12","19","31","261","116","1","86","C1843005"
"28212","4010","2","3","3","19","221","321","428","541","667","C1843005"
"28213","2516","2","3","3","19","151","276","91","433","118","C1843005"
"28214","3872","2","1","6","11","142","225","142","220","298","C1843005"
"28215","1788","2","3","12","19","31","1","426","55","78","C1843005"
"28216","9915","2","3","3","27","151","276","91","433","118","C1843005"
"28217","4292","2","3","12","19","31","261","116","1","86","C1843005"
"28218","23503","2","3","6","11","142","225","142","220","298","C1843005"
"28219","5373","2","3","2","90","167","123","158","207","278","C1843057"
"28220","4976","2","3","2","48","170","50","119","444","556","C1843057"
"28221","51339","2","3","12","41","116","268","434","568","605","C1843057"
"28222","5075","2","3","3","19","221","321","428","541","667","C1843057"
"28223","1991","2","5","7","34","52","216","395","549","674","C1843057"
"28224","5184","2","3","5","80","81","166","52","105","349","C1843057"
"28225","94","2","5","7","53","51","342","259","423","389","C1843057"
"28226","594","2","3","2","67","92","293","55","75","311","C1843057"
"28227","175","2","3","7","34","52","216","395","549","674","C1843057"
"28228","8622","2","3","4","68","96","326","427","548","672","C1843077"
"28229","8200","2","5","7","53","51","342","259","423","389","C1843077"
"28230","9719","2","5","7","53","51","342","454","573","492","C1843077"
"28231","23586","2","3","12","41","219","339","156","568","605","C1843077"
"28232","8013","2","3","3","19","151","276","91","433","118","C1843077"
"28233","5173","2","5","4","68","96","326","427","548","672","C1843077"
"28234","23245","2","3","12","76","137","76","136","472","435","C1843077"
"28235","7454","2","5","7","60","14","20","25","40","215","C1843077"
"28236","1184","2","5","8","63","45","23","34","464","187","C1843112"
"28237","275","2","3","5","106","104","214","70","377","488","C1843112"
"28238","23431","2","5","7","60","18","184","341","544","669","C1843112"
"28239","5443","2","5","4","68","96","326","427","548","672","C1843139"
"28240","3329","2","3","2","48","170","50","304","167","593","C1843139"
"28241","595","2","3","12","19","31","1","426","489","416","C1843139"
"28242","3043","2","5","7","34","52","216","395","549","116","C1843146"
"28243","2799","2","3","7","34","52","216","395","549","33","C1843146"
"28244","1493","2","5","7","53","51","119","25","40","186","C1843156"
"28245","1537","2","3","2","48","170","50","304","167","593","C1843156"
"28246","9401","2","3","12","76","31","261","116","1","86","C1843156"
"28247","5290","2","3","7","53","14","20","25","40","186","C1843156"
"28248","3914","2","5","7","53","51","342","454","573","492","C1843156"
"28249","2263","2","5","7","53","14","20","25","40","186","C1843156"
"28250","545","2","3","12","19","31","261","116","1","86","C1843156"
"28251","7252","2","5","4","68","96","326","427","548","672","C1843156"
"28252","54902","2","3","2","48","182","50","119","444","556","C1843156"
"28253","2562","2","5","8","27","70","99","162","216","290","C1843156"
"28254","94","2","5","7","53","51","342","259","423","389","C1843156"
"28255","55703","2","3","2","22","33","261","116","159","211","C1843156"
"28256","6683","2","3","12","76","153","40","38","54","75","C1843156"
"28257","10082","2","3","2","74","51","342","454","573","492","C1843156"
"28258","2074","2","3","12","19","31","1","426","55","78","C1843156"
"28259","948","2","5","7","34","52","216","91","433","702","C1843156"
"28260","3483","2","5","7","53","51","342","454","573","492","C1843156"
"28261","9631","2","3","12","22","33","323","66","101","664","C1843156"
"28262","4990","2","3","3","19","221","321","428","541","667","C1843156"
"28263","4854","2","5","7","53","51","143","428","236","667","C1843156"
"28264","2203","2","3","5","80","81","266","367","500","577","C1843156"
"28265","5961","2","5","7","27","51","326","126","414","702","C1843156"
"28266","6326","2","5","8","63","36","166","341","390","158","C1843156"
"28267","3725","2","3","12","19","31","261","116","336","152","C1843168"
"28268","330","2","3","12","41","219","339","156","568","697","C1843168"
"28269","3236","2","3","3","19","221","321","428","541","667","C1843168"
"28270","55704","2","3","12","76","153","40","38","54","75","C1843168"
"28271","23765","2","3","12","41","219","238","252","489","416","C1843173"
"28272","1300","2","5","7","53","51","342","454","573","492","C1843187"
"28273","11005","2","1","6","11","142","225","142","220","298","C1843187"
"28274","2266","2","5","7","53","51","342","454","573","492","C1843187"
"28275","7040","2","5","7","53","51","342","454","573","492","C1843300"
"28276","3815","2","5","7","53","14","20","25","40","186","C1843300"
"28277","4893","2","5","7","34","52","24","30","46","72","C1843300"
"28278","2542","2","3","5","80","81","296","399","500","577","C1843300"
"28279","2706","2","3","12","76","153","40","38","54","75","C1843300"
"28280","4921","2","5","7","53","14","20","25","573","186","C1843300"
"28281","3043","2","5","7","34","52","216","395","549","116","C1843300"
"28282","58","2","5","8","63","45","23","103","464","187","C1843300"
"28283","5309","2","3","3","19","221","321","428","541","667","C1843300"
"28284","25","2","3","12","19","14","20","25","287","116","C1843300"
"28285","6392","2","3","2","48","170","50","119","444","556","C1843300"
"28286","1282","2","5","7","53","51","342","454","573","492","C1843300"
"28287","1736","2","3","2","110","85","237","433","547","671","C1843300"
"28288","190","2","3","3","19","151","276","91","433","118","C1843300"
"28289","9217","2","3","2","50","47","39","100","321","255","C1843300"
"28290","51085","2","3","2","48","57","110","141","359","462","C1843300"
"28291","55214","2","5","7","53","51","342","454","573","492","C1843300"
"28292","4854","2","5","7","53","51","143","428","236","667","C1843300"
"28293","26235","2","3","12","41","116","268","434","468","213","C1843300"
"28294","5696","2","3","12","41","116","268","156","568","116","C1843300"
"28295","4601","2","3","12","76","153","40","38","54","298","C1843300"
"28296","84570","2","5","7","53","51","342","454","573","492","C1843300"
"28297","801","2","5","8","63","45","23","103","464","187","C1843300"
"28298","8671","2","5","8","45","94","199","240","415","666","C1843300"
"28299","26154","2","3","5","47","144","185","238","310","392","C1843300"
"28300","7461","2","3","7","60","153","40","38","93","75","C1843300"
"28301","1786","2","3","12","19","31","1","426","55","78","C1843300"
"28302","1432","2","3","7","34","52","216","34","540","68","C1843300"
"28303","1278","2","5","7","53","51","342","454","573","492","C1843300"
"28304","7157","2","3","12","19","31","261","402","489","551","C1843300"
"28305","8643","2","5","3","68","221","197","259","560","422","C1843300"
"28306","687","2","3","3","19","221","321","428","541","667","C1843331"
"28307","5468","2","3","3","19","151","276","91","433","118","C1843331"
"28308","421","2","5","7","42","51","335","444","560","373","C1843331"
"28309","10243","2","3","2","27","91","71","204","267","352","C1843331"
"28310","3115","2","5","7","53","184","119","156","287","116","C1843331"
"28311","150684","2","3","12","41","116","268","434","468","213","C1843359"
"28312","51085","2","3","2","48","57","110","141","359","462","C1843359"
"28313","7132","2","3","12","41","219","339","156","568","697","C1843369"
"28314","5456","2","3","3","19","221","321","428","541","667","C1843369"
"28315","115019","2","5","8","35","41","199","40","415","666","C1843369"
"28316","4864","2","3","5","48","152","184","341","544","669","C1843371"
"28317","2263","2","5","7","53","14","20","25","40","186","C1843371"
"28318","613","2","5","7","60","54","24","30","46","72","C1843372"
"28319","9575","2","3","3","19","151","276","91","433","118","C1843372"
"28320","650","2","5","7","53","51","342","259","423","389","C1843373"
"28321","1482","2","3","3","19","221","321","428","541","667","C1843373"
"28322","4000","2","3","12","26","105","178","226","297","156","C1843386"
"28323","1499","2","3","12","19","221","197","259","560","422","C1843386"
"28324","2073","2","3","12","19","31","261","116","1","86","C1843386"
"28325","3123","2","5","7","53","51","119","156","287","116","C1843386"
"28326","2313","2","3","12","19","31","276","91","433","118","C1843389"
"28327","255239","2","5","8","67","36","71","177","75","311","C1843389"
"28328","7399","2","5","7","53","51","342","454","573","492","C1843390"
"28329","1278","2","5","7","53","51","342","454","573","492","C1843390"
"28330","4935","2","5","4","68","96","326","427","548","672","C1843392"
"28331","11200","2","3","12","19","31","261","116","1","86","C1843392"
"28332","2736","2","3","12","41","116","321","428","54","667","C1843392"
"28333","727","2","5","4","68","96","326","427","548","672","C1843392"
"28334","5734","2","5","4","68","96","326","427","548","672","C1843392"
"28335","4513","2","3","2","48","170","110","141","359","532","C1843392"
"28336","5566","2","3","12","76","14","20","34","540","75","C1843392"
"28337","5053","2","3","5","80","81","166","236","308","390","C1843392"
"28338","2260","2","5","7","53","14","20","25","40","186","C1843392"
"28339","1763","2","3","12","19","31","261","116","1","86","C1843392"
"28340","5311","2","5","8","63","45","166","306","390","158","C1843392"
"28341","2073","2","3","12","19","31","261","116","1","86","C1843392"
"28342","2006","2","5","7","53","51","342","454","573","492","C1843392"
"28343","26123","2","3","2","76","153","40","38","54","75","C1843392"
"28344","8243","2","3","12","76","31","40","38","54","75","C1843463"
"28345","5727","2","3","12","68","221","197","259","560","422","C1843463"
"28346","22930","2","5","7","60","54","24","30","46","72","C1843486"
"28347","51204","2","3","2","48","170","50","119","444","556","C1843486"
"28348","7428","2","3","12","41","116","268","434","468","213","C1843496"
"28349","85358","2","5","7","60","14","71","341","223","219","C1843496"
"28350","6945","2","3","12","19","31","110","141","488","102","C1843496"
"28351","54209","2","5","7","53","51","119","395","549","674","C1843496"
"28352","6799","2","3","2","37","105","92","113","154","201","C1843496"
"28353","2582","2","3","2","78","206","324","430","429","544","C1843504"
"28354","3417","2","3","7","34","52","216","395","549","319","C1843504"
"28355","1103","2","3","2","67","92","293","55","75","311","C1843504"
"28356","641","2","3","12","19","31","261","116","1","86","C1843504"
"28357","51715","2","5","7","60","54","24","30","46","72","C1843504"
"28358","355","2","3","7","41","219","339","156","568","697","C1843505"
"28359","5621","2","5","8","27","36","342","454","573","628","C1843505"
"28360","2176","2","3","12","19","31","261","116","1","86","C1843505"
"28361","176","2","5","7","53","51","342","454","573","492","C1843505"
"28362","1373","2","3","8","84","97","167","210","271","536","C1843505"
"28363","356","2","5","7","53","219","339","25","489","697","C1843505"
"28364","4359","2","5","7","53","51","342","454","573","492","C1843505"
"28365","3559","2","5","7","53","14","20","25","40","186","C1843505"
"28366","5148","2","3","4","68","45","272","259","518","621","C1843517"
"28367","27315","2","5","6","34","52","225","142","220","298","C1843517"
"28368","5604","2","5","7","53","14","20","34","540","68","C1843637"
"28369","3248","2","3","2","69","83","133","167","224","301","C1843637"
"28370","116844","2","5","7","34","52","216","395","549","674","C1843637"
"28371","2010","2","3","12","26","105","296","226","488","156","C1843637"
"28372","5743","2","3","5","53","175","119","167","489","416","C1843637"
"28373","2072","2","3","12","19","31","261","116","1","86","C1843637"
"28374","51360","2","3","3","26","35","276","91","433","203","C1843643"
"28375","6611","2","3","2","58","55","25","46","329","198","C1843643"
"28376","1340","2","3","2","48","170","50","141","359","462","C1843643"
"28377","5189","2","3","5","43","161","305","409","208","482","C1843663"
"28378","1778","2","3","7","76","153","40","38","54","75","C1843663"
"28379","55315","2","3","5","80","81","296","62","94","150","C1843663"
"28380","27286","2","5","7","53","51","342","444","560","492","C1843663"
"28381","368","2","3","12","41","116","268","423","536","445","C1843663"
"28382","112476","2","3","2","48","170","50","119","444","556","C1843663"
"28383","50846","2","3","3","68","221","197","259","560","422","C1843663"
"28384","5660","2","5","7","34","52","326","427","548","702","C1843663"
"28385","190","2","3","3","19","151","276","91","433","118","C1843663"
"28386","5160","2","3","2","67","92","293","55","75","311","C1843663"
"28387","10008","2","5","8","63","36","166","341","223","158","C1843663"
"28388","10913","2","3","12","41","219","339","156","568","697","C1843663"
"28389","54903","2","3","12","76","153","40","38","54","75","C1843663"
"28390","2492","2","5","4","68","96","326","427","548","672","C1843663"
"28391","10733","2","3","12","76","153","40","38","54","75","C1843663"
"28392","3930","2","3","2","22","33","323","66","3","464","C1843663"
"28393","1769","2","3","12","76","153","40","38","54","75","C1843687"
"28394","27031","2","3","6","11","142","225","38","331","506","C1843687"
"28395","8647","2","3","5","46","158","252","352","449","563","C1843687"
"28396","3117","2","5","7","53","153","119","156","287","116","C1843687"
"28397","3730","2","5","7","53","14","20","25","40","186","C1843687"
"28398","11284","2","3","12","19","31","261","116","1","86","C1843687"
"28399","554","2","5","4","68","96","326","427","548","672","C1843687"
"28400","9652","2","3","2","110","85","237","433","547","671","C1843687"
"28401","9499","2","5","7","53","51","23","103","464","187","C1843687"
"28402","1075","2","5","7","34","52","216","395","549","674","C1843687"
"28403","595","2","3","12","19","31","1","426","489","416","C1843687"
"28404","3123","2","5","7","53","51","119","156","287","116","C1843687"
"28405","7403","2","3","12","19","31","1","426","55","78","C1843687"
"28406","5238","2","3","2","80","141","221","111","385","501","C1843687"
"28407","54332","2","3","2","60","170","40","98","66","203","C1843687"
"28408","5192","2","3","5","43","161","305","409","208","482","C1843687"
"28409","1356","2","3","7","53","51","342","454","573","492","C1843687"
"28410","7297","2","5","7","53","184","119","25","40","186","C1843687"
"28411","440","2","3","2","101","62","189","182","509","154","C1843687"
"28412","5080","2","3","3","19","221","321","428","541","667","C1843687"
"28413","6337","2","5","8","63","45","23","34","464","187","C1843687"
"28414","3892","2","1","6","11","142","225","142","220","298","C1843697"
"28415","3636","2","3","5","80","14","20","25","40","186","C1843697"
"28416","7124","2","3","12","41","219","339","156","568","697","C1843697"
"28417","5696","2","3","12","41","116","268","156","568","116","C1843697"
"28418","10320","2","5","7","19","119","143","214","236","389","C1843697"
"28419","1311","2","5","7","53","51","342","454","573","492","C1843697"
"28420","5728","2","3","5","80","81","339","156","568","605","C1843700"
"28421","5317","2","5","7","34","52","216","142","220","298","C1843700"
"28422","10225","2","5","7","53","51","119","395","549","674","C1843700"
"28423","3123","2","5","7","53","51","119","156","287","116","C1843700"
"28424","613","2","5","7","60","54","24","30","46","72","C1843700"
"28425","59","2","5","8","63","45","23","103","464","187","C1843700"
"28426","153","2","5","4","68","96","326","427","548","672","C1843700"
"28427","7299","2","3","5","23","18","138","250","332","407","C1843700"
"28428","2697","2","3","7","76","153","40","38","54","75","C1843700"
"28429","1832","2","5","7","34","52","225","142","220","298","C1843700"
"28430","3852","2","1","6","11","142","225","142","220","298","C1843700"
"28431","54903","2","3","12","76","153","40","38","54","75","C1843700"
"28432","26047","2","5","7","27","36","335","341","223","373","C1843700"
"28433","1312","2","3","2","87","79","105","426","129","25","C1843700"
"28434","23600","2","3","5","80","81","305","409","208","482","C1843700"
"28435","55605","2","3","12","76","153","40","38","54","75","C1843700"
"28436","547","2","3","7","76","153","40","38","54","75","C1843765"
"28437","1161","2","3","12","41","116","268","434","468","213","C1843765"
"28438","545","2","3","12","19","31","261","116","1","86","C1843765"
"28439","7138","2","5","8","63","45","23","103","464","187","C1843765"
"28440","8924","2","3","12","41","116","268","434","468","213","C1843793"
"28441","4726","2","3","2","48","170","50","119","444","556","C1843793"
"28442","1301","2","5","7","53","51","342","454","573","492","C1843851"
"28443","5083","2","3","3","19","221","321","428","541","667","C1843851"
"28444","3977","2","5","7","53","51","119","25","40","416","C1843859"
"28445","3315","2","3","12","41","181","160","362","402","215","C1843859"
"28446","249","2","3","5","27","51","335","444","560","373","C1843865"
"28447","23209","2","5","8","63","45","23","103","464","187","C1843865"
"28448","6736","2","3","12","19","31","276","91","433","667","C1843865"
"28449","1340","2","3","2","48","170","50","141","359","462","C1843865"
"28450","4893","2","5","7","34","52","24","30","46","72","C1843865"
"28451","6875","2","3","12","19","31","261","116","159","211","C1843865"
"28452","7140","2","5","8","63","45","23","103","464","187","C1843865"
"28453","5443","2","5","4","68","96","326","427","548","672","C1843884"
"28454","7422","2","5","7","53","51","342","454","573","702","C1843885"
"28455","10522","2","3","12","19","221","197","259","236","422","C1843885"
"28456","2187","2","3","12","19","31","261","116","1","86","C1843885"
"28457","8985","2","5","7","53","51","342","454","573","492","C1843885"
"28458","1378","2","5","7","34","52","216","395","549","674","C1843921"
"28459","1133","2","5","4","68","96","326","427","548","672","C1843921"
"28460","51360","2","3","3","26","35","276","91","433","203","C1843921"
"28461","328","2","3","12","19","31","261","116","1","86","C1843921"
"28462","3553","2","5","7","53","51","119","25","489","416","C1843921"
"28463","9663","2","3","5","80","81","296","51","488","102","C1843921"
"28464","3418","2","3","2","67","151","276","33","48","155","C1843921"
"28465","1493","2","5","7","53","51","119","25","40","186","C1843921"
"28466","1294","2","5","7","53","51","342","454","573","492","C1843921"
"28467","1146","2","5","8","27","70","99","162","216","290","C1843921"
"28468","26277","2","3","12","19","31","1","426","1","78","C1843921"
"28469","1959","2","3","3","19","151","276","91","433","118","C1843921"
"28470","5573","2","3","12","19","184","118","155","287","116","C1843921"
"28471","3991","2","3","5","80","81","166","57","83","658","C1843921"
"28472","1641","2","5","7","60","221","321","428","560","373","C1843921"
"28473","5627","2","5","7","53","51","342","454","573","702","C1843921"
"28474","7249","2","3","7","60","57","110","141","359","462","C1843921"
"28475","1829","2","1","6","11","142","225","142","220","298","C1843921"
"28476","4879","2","5","4","68","96","326","427","548","672","C1843921"
"28477","9409","2","3","5","43","161","305","409","208","482","C1844007"
"28478","6439","2","5","5","68","96","185","238","310","272","C1844007"
"28479","1280","2","5","7","53","51","342","454","573","492","C1844007"
"28480","8243","2","3","12","76","31","40","38","54","75","C1844374"
"28481","355","2","3","7","41","219","339","156","568","697","C1844374"
"28482","7124","2","3","12","41","219","339","156","568","697","C1844374"
"28483","2746","2","3","2","110","62","189","182","509","356","C1844374"
"28484","5422","2","3","12","19","31","261","116","1","86","C1844374"
"28485","10653","2","5","7","68","51","114","162","321","475","C1844374"
"28486","846","2","5","4","68","96","326","427","548","672","C1844380"
"28487","1776","2","5","7","105","219","261","402","129","215","C1844380"
"28488","4015","2","5","7","53","51","342","454","573","492","C1844380"
"28489","1285","2","5","7","53","51","342","454","573","492","C1844382"
"28490","11155","2","5","7","63","45","23","103","464","187","C1844382"
"28491","3516","2","3","12","19","31","143","428","236","667","C1844382"
"28492","2733","2","3","2","22","33","323","66","101","664","C1844384"
"28493","5908","2","5","7","34","52","216","30","46","72","C1844384"
"28494","5076","2","3","3","19","221","321","428","541","667","C1844384"
"28495","7508","2","3","12","19","31","261","116","1","664","C1844384"
"28496","285848","2","3","12","34","137","76","136","472","435","C1844384"
"28497","8504","2","3","5","47","144","185","238","310","392","C1844384"
"28498","6638","2","3","2","22","33","323","66","101","136","C1844384"
"28499","7547","2","3","3","19","221","321","428","541","667","C1844384"
"28500","916","2","5","7","53","51","119","25","549","674","C1844384"
"28501","10342","2","3","7","60","219","40","202","66","203","C1844384"
"28502","5256","2","3","7","34","45","23","103","464","187","C1844384"
"28503","5626","2","3","3","19","221","321","428","541","667","C1844384"
"28504","9839","2","3","3","19","221","321","428","541","667","C1844384"
"28505","3371","2","5","7","53","51","342","454","573","492","C1844385"
"28506","7124","2","3","12","41","219","339","156","568","697","C1844385"
"28507","7066","2","5","7","53","51","119","25","573","416","C1844385"
"28508","26229","2","3","2","74","205","191","396","408","257","C1844390"
"28509","7486","2","3","12","19","31","261","116","1","86","C1844390"
"28510","23630","2","5","8","63","36","166","106","110","158","C1844394"
"28511","8398","2","3","5","116","183","40","38","352","455","C1844394"
"28512","53834","2","5","7","53","51","342","454","573","492","C1844394"
"28513","582","2","3","12","76","153","76","38","54","75","C1844505"
"28514","477","2","3","8","63","45","23","103","464","187","C1844505"
"28515","3918","2","5","7","53","51","342","454","573","492","C1844505"
"28516","2178","2","3","12","19","31","261","116","1","86","C1844505"
"28517","1289","2","5","7","53","51","342","454","573","492","C1844505"
"28518","3949","2","5","7","60","14","184","341","544","669","C1844505"
"28519","5631","2","3","2","72","119","109","266","336","452","C1844505"
"28520","29954","2","5","2","27","206","324","430","215","290","C1844505"
"28521","1593","2","3","5","79","152","273","157","333","277","C1844505"
"28522","6648","2","3","2","95","151","160","378","173","229","C1844505"
"28523","5592","2","5","4","53","14","20","34","540","68","C1844505"
"28524","3835","2","3","12","76","153","40","38","54","75","C1844505"
"28525","55130","2","3","12","76","153","76","38","54","75","C1844505"
"28526","5073","2","3","2","110","85","323","433","146","194","C1844505"
"28527","331","2","3","12","41","219","339","156","568","697","C1844505"
"28528","2261","2","5","7","53","14","20","25","40","186","C1844505"
"28529","5194","2","3","5","43","161","305","409","208","482","C1844505"
"28530","4846","2","3","5","41","219","75","243","44","64","C1844505"
"28531","3425","2","3","5","80","81","166","454","573","492","C1844505"
"28532","11128","2","3","2","22","33","261","116","159","211","C1844505"
"28533","6331","2","5","8","63","36","166","341","223","158","C1844505"
"28534","2643","2","3","5","87","91","75","204","267","352","C1844505"
"28535","5265","2","5","7","34","52","216","395","573","702","C1844505"
"28536","4929","2","3","3","19","151","276","91","433","118","C1844505"
"28537","6566","2","3","2","67","37","316","422","535","660","C1844505"
"28538","2990","2","3","7","34","52","216","395","549","674","C1844505"
"28539","2033","2","3","12","19","31","1","91","433","118","C1844505"
"28540","5605","2","5","7","53","14","20","34","540","68","C1844505"
"28541","3845","2","5","7","60","54","24","30","46","72","C1844505"
"28542","114907","2","3","12","41","116","268","434","468","213","C1844505"
"28543","2982","2","3","4","68","96","326","427","548","672","C1844505"
"28544","4322","2","5","7","53","51","342","454","573","492","C1844505"
"28545","51816","2","5","7","34","52","216","395","549","674","C1844505"
"28546","9129","2","3","2","22","33","323","66","101","136","C1844508"
"28547","51816","2","5","7","34","52","216","395","549","674","C1844508"
"28548","8493","2","3","12","19","31","293","116","201","664","C1844508"
"28549","5445","2","3","5","80","147","236","328","411","229","C1844508"
"28550","7249","2","3","7","60","57","110","141","359","462","C1844508"
"28551","3198","2","3","3","19","221","321","428","541","667","C1844508"
"28552","7507","2","3","12","19","31","261","116","1","86","C1844509"
"28553","9049","2","3","3","41","151","276","378","271","356","C1844509"
"28554","3630","2","5","7","53","14","20","25","40","186","C1844527"
"28555","3756","2","5","8","63","36","166","106","110","158","C1844527"
"28556","9361","2","3","2","48","170","50","119","444","556","C1844527"
"28557","9927","2","3","12","19","31","118","155","287","116","C1844527"
"28558","10161","2","5","4","68","96","326","427","548","672","C1844527"
"28559","2737","2","3","12","19","116","321","428","54","667","C1844527"
"28560","6239","2","3","12","19","119","330","214","454","144","C1844527"
"28561","999","2","5","7","53","51","342","444","560","373","C1844527"
"28562","4125","2","3","7","34","52","216","395","549","674","C1844527"
"28563","2121","2","3","12","41","116","268","434","568","605","C1844527"
"28564","23767","2","5","7","53","14","20","25","40","186","C1844527"
"28565","9126","2","3","12","76","153","40","38","54","75","C1844527"
"28566","1760","2","5","8","63","14","20","34","540","68","C1844548"
"28567","7490","2","3","3","19","221","321","428","541","667","C1844548"
"28568","3575","2","5","7","53","51","184","341","544","669","C1844548"
"28569","9657","2","3","12","76","153","40","38","54","75","C1844548"
"28570","7486","2","3","12","19","31","261","116","1","86","C1844548"
"28571","5566","2","3","12","76","14","20","34","540","75","C1844548"
"28572","215","2","3","5","47","144","185","238","310","392","C1844548"
"28573","50964","2","5","3","68","221","197","259","423","422","C1844548"
"28574","5728","2","3","5","80","81","339","156","568","605","C1844548"
"28575","3291","2","3","2","69","83","101","94","133","318","C1844548"
"28576","2121","2","3","12","41","116","268","434","568","605","C1844548"
"28577","673","2","5","7","53","14","20","34","540","68","C1844548"
"28578","6868","2","5","7","53","51","342","454","236","492","C1844548"
"28579","51259","2","3","2","76","153","40","38","54","75","C1844548"
"28580","3329","2","3","2","48","170","50","304","167","593","C1844548"
"28581","10908","2","3","2","97","173","275","377","473","592","C1844548"
"28582","5054","2","5","7","53","51","342","454","573","492","C1844548"
"28583","4920","2","5","7","53","14","20","259","560","373","C1844554"
"28584","8797","2","5","7","41","219","339","156","568","697","C1844554"
"28585","2006","2","5","7","53","51","342","454","573","492","C1844554"
"28586","472","2","3","12","19","31","261","116","1","86","C1844554"
"28587","6648","2","3","2","95","151","160","378","173","229","C1844554"
"28588","11005","2","1","6","11","142","225","142","220","298","C1844554"
"28589","667","2","5","7","53","51","342","454","573","492","C1844554"
"28590","5961","2","5","7","27","51","326","126","414","702","C1844555"
"28591","8600","2","5","7","41","219","339","156","568","697","C1844555"
"28592","583","2","3","12","76","153","40","38","54","75","C1844555"
"28593","116519","2","5","7","53","51","342","454","573","492","C1844555"
"28594","4860","2","3","7","34","52","216","395","549","150","C1844555"
"28595","24","2","3","12","41","116","268","423","536","445","C1844555"
"28596","6648","2","3","2","95","151","160","378","173","229","C1844555"
"28597","100","2","3","5","33","21","47","56","80","199","C1844562"
"28598","5336","2","3","7","53","14","20","25","40","215","C1844562"
"28599","875","2","3","5","80","137","44","21","451","316","C1844562"
"28600","1947","2","5","7","53","51","20","25","560","373","C1844562"
"28601","3458","2","5","7","53","184","119","156","287","116","C1844573"
"28602","5447","2","3","5","91","214","271","372","471","586","C1844573"
"28603","5506","2","3","12","76","137","76","136","82","658","C1844573"
"28604","1653","2","3","2","22","33","323","66","101","664","C1844573"
"28605","2811","2","5","7","53","51","1","454","573","78","C1844573"
"28606","1513","2","5","7","53","51","342","454","573","492","C1844573"
"28607","5296","2","5","7","53","14","20","25","40","186","C1844573"
"28608","2299","2","3","3","19","221","321","428","541","667","C1844573"
"28609","3291","2","3","2","69","83","101","94","133","318","C1844577"
"28610","3892","2","1","6","11","142","225","142","220","298","C1844577"
"28611","23095","2","3","7","76","153","40","38","54","75","C1844577"
"28612","1584","2","3","5","79","159","256","276","353","456","C1844577"
"28613","857","2","5","7","53","45","23","57","83","422","C1844577"
"28614","3949","2","5","7","60","14","184","341","544","669","C1844577"
"28615","26608","2","3","2","22","170","50","119","463","153","C1844577"
"28616","7259","2","3","12","19","31","1","426","55","78","C1844592"
"28617","4990","2","3","3","19","221","321","428","541","667","C1844592"
"28618","50717","2","3","12","41","116","268","434","468","213","C1844592"
"28619","6789","2","3","7","53","14","20","34","540","68","C1844592"
"28620","7273","2","5","7","53","51","342","103","464","702","C1844592"
"28621","8629","2","3","12","19","221","1","428","541","667","C1844592"
"28622","94","2","5","7","53","51","342","259","423","389","C1844592"
"28623","7422","2","5","7","53","51","342","454","573","702","C1844592"
"28624","4621","2","5","8","63","45","23","103","464","187","C1844592"
"28625","54205","2","3","2","48","170","50","119","444","556","C1844592"
"28626","23111","2","3","12","41","219","339","156","568","697","C1844592"
"28627","23562","2","5","6","42","36","71","177","64","219","C1844592"
"28628","5961","2","5","7","27","51","326","126","414","702","C1844592"
"28629","338","2","5","7","53","51","342","454","573","492","C1844592"
"28630","8878","2","3","12","41","219","339","156","568","697","C1844592"
"28631","6774","2","3","12","53","14","276","25","489","416","C1844592"
"28632","1031","2","3","12","19","31","1","426","55","78","C1844592"
"28633","4893","2","5","7","34","52","24","30","46","72","C1844597"
"28634","54209","2","5","7","53","51","119","395","549","674","C1844597"
"28635","29954","2","5","2","27","206","324","430","215","290","C1844597"
"28636","2978","2","3","5","80","81","272","223","518","621","C1844597"
"28637","5979","2","5","7","53","14","20","25","40","186","C1844597"
"28638","6899","2","5","7","53","184","335","259","560","373","C1844605"
"28639","3984","2","5","7","53","14","20","34","540","68","C1844605"
"28640","7353","2","3","12","41","219","339","156","568","605","C1844606"
"28641","50964","2","5","3","68","221","197","259","423","422","C1844606"
"28642","8260","2","3","12","41","85","266","76","287","78","C1844632"
"28643","4792","2","3","12","41","219","339","156","568","605","C1844632"
"28644","5309","2","3","3","19","221","321","428","541","667","C1844662"
"28645","148789","2","3","2","78","123","126","135","215","289","C1844662"
"28646","25894","2","5","7","60","54","24","30","46","72","C1844666"
"28647","4860","2","3","7","34","52","216","395","549","150","C1844666"
"28648","83706","2","5","7","53","51","342","454","573","702","C1844666"
"28649","5095","2","3","2","48","40","130","166","127","173","C1844666"
"28650","2261","2","5","7","53","14","20","25","40","186","C1844666"
"28651","23435","2","3","2","22","33","323","66","101","136","C1844689"
"28652","4313","2","5","7","53","51","342","454","573","492","C1844689"
"28653","207","2","3","7","53","14","20","34","489","416","C1844689"
"28654","5727","2","3","12","68","221","197","259","560","422","C1844690"
"28655","5190","2","3","5","43","161","305","409","208","482","C1844690"
"28656","4056","2","3","5","80","175","271","372","471","229","C1844690"
"28657","4791","2","3","12","41","219","339","156","568","697","C1844709"
"28658","1300","2","5","7","53","51","342","454","573","492","C1844709"
"28659","2780","2","5","4","68","96","326","427","548","672","C1844709"
"28660","2153","2","5","7","53","51","342","454","573","492","C1844709"
"28661","51715","2","5","7","60","54","24","30","46","72","C1844709"
"28662","4361","2","3","12","19","31","261","116","1","86","C1844738"
"28663","7337","2","3","12","41","116","268","434","468","213","C1844738"
"28664","51128","2","5","7","60","153","24","38","46","72","C1844738"
"28665","135","2","5","4","68","96","326","427","548","672","C1844738"
"28666","23394","2","3","12","19","31","335","444","236","373","C1844738"
"28667","2629","2","3","5","80","81","250","291","152","420","C1844738"
"28668","51025","2","3","2","48","170","50","304","167","593","C1844749"
"28669","10269","2","3","2","48","182","50","119","444","556","C1844749"
"28670","7040","2","5","7","53","51","342","454","573","492","C1844749"
"28671","3077","2","5","7","53","51","119","395","549","674","C1844749"
"28672","1030","2","3","12","19","31","1","426","55","78","C1844749"
"28673","54790","2","3","12","19","31","1","426","55","78","C1844749"
"28674","26191","2","5","7","53","14","20","25","40","186","C1844749"
"28675","2253","2","5","7","53","14","20","25","40","186","C1844749"
"28676","10232","2","5","7","53","51","342","454","573","492","C1844749"
"28677","617","2","3","2","48","170","50","304","167","593","C1844749"
"28678","7040","2","5","7","53","51","342","454","573","492","C1844749"
"28679","10262","2","3","2","22","33","323","66","101","136","C1844749"
"28680","1285","2","5","7","53","51","342","454","573","492","C1844749"
"28681","7476","2","5","3","68","221","197","259","560","422","C1844749"
"28682","8526","2","3","2","63","30","193","306","390","158","C1844749"
"28683","8216","2","3","12","41","119","330","214","454","144","C1844749"
"28684","4726","2","3","2","48","170","50","119","444","556","C1844752"
"28685","5443","2","5","4","68","96","326","427","548","672","C1844752"
"28686","1789","2","3","12","19","31","1","426","55","78","C1844752"
"28687","22930","2","5","7","60","54","24","30","46","72","C1844752"
"28688","3785","2","5","8","63","36","166","106","110","158","C1844752"
"28689","4846","2","3","5","41","219","75","243","44","64","C1844752"
"28690","7476","2","5","3","68","221","197","259","560","422","C1844752"
"28691","3284","2","3","2","69","98","169","299","183","243","C1844753"
"28692","6899","2","5","7","53","184","335","259","560","373","C1844753"
"28693","857","2","5","7","53","45","23","57","83","422","C1844806"
"28694","2317","2","5","7","63","45","23","103","287","664","C1844806"
"28695","65217","2","5","7","53","51","335","444","560","373","C1844806"
"28696","5727","2","3","12","68","221","197","259","560","422","C1844806"
"28697","2737","2","3","12","19","116","321","428","54","667","C1844806"
"28698","2260","2","5","7","53","14","20","25","40","186","C1844806"
"28699","1763","2","3","12","19","31","261","116","1","86","C1844806"
"28700","5145","2","3","4","68","45","272","259","518","621","C1844806"
"28701","6392","2","3","2","48","170","50","119","444","556","C1844806"
"28702","2261","2","5","7","53","14","20","25","40","186","C1844806"
"28703","4763","2","5","7","60","54","24","30","46","214","C1844806"
"28704","23389","2","3","3","19","151","276","91","433","118","C1844806"
"28705","2218","2","5","2","53","123","194","255","560","373","C1844806"
"28706","54345","2","5","3","19","221","321","428","541","667","C1844806"
"28707","9723","2","5","7","53","51","342","79","560","373","C1844806"
"28708","26608","2","3","2","22","170","50","119","463","153","C1844806"
"28709","5144","2","3","4","68","96","326","427","548","672","C1844806"
"28710","23259","2","3","5","116","183","295","398","552","622","C1844809"
"28711","6598","2","3","12","19","31","1","426","55","78","C1844809"
"28712","9131","2","3","12","41","219","339","347","271","356","C1844809"
"28713","1583","2","3","5","79","152","273","375","100","589","C1844809"
"28714","1387","2","3","12","19","31","276","91","433","118","C1844809"
"28715","10058","2","3","5","44","50","209","68","11","141","C1844813"
"28716","10128","2","3","2","48","170","50","119","444","556","C1844813"
"28717","10913","2","3","12","41","219","339","156","568","697","C1844813"
"28718","7066","2","5","7","53","51","119","25","573","416","C1844813"
"28719","538","2","3","8","63","45","23","103","464","187","C1844813"
"28720","4552","2","3","7","48","81","105","139","186","245","C1844813"
"28721","1290","2","5","7","53","51","342","454","573","492","C1844813"
"28722","1278","2","5","7","53","51","342","454","573","492","C1844813"
"28723","9343","2","3","2","22","33","323","66","101","136","C1844813"
"28724","3930","2","3","2","22","33","323","66","3","464","C1844813"
"28725","51128","2","5","7","60","153","24","38","46","72","C1844813"
"28726","7345","2","3","12","41","116","268","341","223","628","C1844813"
"28727","3912","2","5","7","53","51","342","454","573","492","C1844813"
"28728","55650","2","3","2","61","77","142","176","235","557","C1844813"
"28729","2629","2","3","5","80","81","250","291","152","420","C1844813"
"28730","10916","2","5","7","53","51","342","454","573","702","C1844813"
"28731","2022","2","5","7","53","51","342","259","423","389","C1844813"
"28732","51684","2","3","12","41","116","268","38","54","75","C1844813"
"28733","6439","2","5","5","68","96","185","238","310","272","C1844813"
"28734","7473","2","5","3","68","221","197","259","560","422","C1844813"
"28735","440","2","3","2","101","62","189","182","509","154","C1844813"
"28736","1778","2","3","7","76","153","40","38","54","75","C1844813"
"28737","6929","2","3","12","19","31","1","426","55","78","C1844813"
"28738","9939","2","3","2","22","33","323","66","101","136","C1844813"
"28739","4891","2","3","2","25","44","165","101","274","358","C1844813"
"28740","54840","2","3","12","19","31","261","116","1","86","C1844813"
"28741","23363","2","3","12","41","116","268","434","468","213","C1844813"
"28742","3052","2","3","2","48","170","50","119","444","556","C1844813"
"28743","6557","2","5","8","45","94","199","240","415","666","C1844813"
"28744","5654","2","5","7","53","51","342","454","573","492","C1844813"
"28745","207","2","3","7","53","14","20","34","489","416","C1844813"
"28746","23230","2","5","7","11","142","71","341","560","219","C1844820"
"28747","2697","2","3","7","76","153","40","38","54","75","C1844820"
"28748","5321","2","3","5","116","183","295","398","243","327","C1844820"
"28749","5290","2","3","7","53","14","20","25","40","186","C1844820"
"28750","1535","2","5","7","34","52","216","395","549","674","C1844820"
"28751","3861","2","1","6","11","142","225","142","220","298","C1844820"
"28752","10908","2","3","2","97","173","275","377","473","592","C1844820"
"28753","84142","2","3","12","19","31","261","116","1","86","C1844820"
"28754","9227","2","3","2","69","51","101","126","170","224","C1844820"
"28755","54101","2","3","2","48","170","50","347","167","593","C1844820"
"28756","9487","2","3","5","80","81","142","176","235","317","C1844820"
"28757","57282","2","3","2","45","94","199","240","415","666","C1844820"
"28758","4089","2","3","12","19","219","339","259","423","605","C1844820"
"28759","1280","2","5","7","53","51","342","454","573","492","C1844820"
"28760","7415","2","3","7","34","52","216","395","536","445","C1844820"
"28761","8200","2","5","7","53","51","342","259","423","389","C1844820"
"28762","375790","2","5","7","53","51","342","454","573","492","C1844820"
"28763","7276","2","5","7","34","52","216","395","549","674","C1844820"
"28764","2260","2","5","7","53","14","20","25","40","186","C1844820"
"28765","4358","2","3","5","43","161","305","409","208","482","C1844820"
"28766","60529","2","3","3","19","221","321","428","541","667","C1844820"
"28767","26123","2","3","2","76","153","40","38","54","75","C1844820"
"28768","8822","2","5","7","53","14","20","25","40","186","C1844820"
"28769","8838","2","5","7","53","51","342","259","423","389","C1844820"
"28770","331","2","3","12","41","219","339","156","568","697","C1844820"
"28771","338","2","5","7","53","51","342","454","573","492","C1844820"
"28772","72","2","5","8","63","45","23","103","464","187","C1844820"
"28773","4337","2","3","2","80","91","75","204","267","352","C1844820"
"28774","23483","2","3","2","28","191","306","143","452","258","C1844820"
"28775","3991","2","3","5","80","81","166","57","83","658","C1844820"
"28776","624","2","5","4","68","96","326","427","548","672","C1844820"
"28777","4267","2","5","7","53","51","119","454","549","492","C1844820"
"28778","3664","2","5","7","53","184","119","156","287","116","C1844825"
"28779","4541","2","3","2","48","170","50","119","444","24","C1844825"
"28780","1184","2","5","8","63","45","23","34","464","187","C1844825"
"28781","7468","2","3","12","19","31","1","426","55","78","C1844825"
"28782","4914","2","3","2","22","18","266","202","252","252","C1844825"
"28783","4312","2","5","7","53","51","342","454","573","492","C1844825"
"28784","55624","2","3","2","78","123","194","255","215","412","C1844825"
"28785","7879","2","5","7","34","54","24","30","46","72","C1844857"
"28786","7170","2","5","8","63","45","23","103","464","187","C1844857"
"28787","1281","2","5","7","53","51","342","454","573","492","C1844891"
"28788","8243","2","3","12","76","31","40","38","54","75","C1844891"
"28789","5077","2","3","3","19","221","321","428","541","667","C1844891"
"28790","695","2","5","7","53","14","20","25","40","186","C1844891"
"28791","7020","2","3","12","19","31","276","91","433","664","C1844891"
"28792","11200","2","3","12","19","31","261","116","1","86","C1844906"
"28793","776","2","5","8","63","36","166","341","390","158","C1844906"
"28794","4668","2","3","5","21","111","188","242","313","396","C1844906"
"28795","3315","2","3","12","41","181","160","362","402","215","C1845019"
"28796","9940","2","3","5","68","221","321","428","447","586","C1845019"
"28797","4538","2","3","2","48","170","50","119","444","556","C1845019"
"28798","5645","2","5","7","34","52","216","395","549","674","C1845050"
"28799","1300","2","5","7","53","51","342","454","573","492","C1845069"
"28800","1528","2","3","5","91","214","271","372","471","586","C1845069"
"28801","7422","2","5","7","53","51","342","454","573","702","C1845095"
"28802","22856","2","3","2","78","189","303","251","320","403","C1845110"
"28803","9241","2","5","7","53","51","342","259","423","389","C1845110"
"28804","5663","2","5","7","34","52","216","395","549","667","C1845110"
"28805","6335","2","5","8","63","36","166","341","390","158","C1845123"
"28806","4519","2","3","2","48","170","50","119","508","312","C1845123"
"28807","4318","2","5","7","34","52","216","395","573","492","C1845123"
"28808","1027","2","3","12","19","31","1","116","1","86","C1845123"
"28809","6198","2","3","7","53","14","20","34","540","68","C1845123"
"28810","6390","2","3","2","48","170","50","119","444","556","C1845123"
"28811","3543","2","5","7","53","51","119","395","549","674","C1845123"
"28812","3717","2","5","7","53","14","20","25","40","186","C1845136"
"28813","2767","2","5","4","68","96","326","427","548","672","C1845151"
"28814","6708","2","5","7","60","14","20","25","40","186","C1845151"
"28815","2074","2","3","12","19","31","1","426","55","78","C1845155"
"28816","808","2","5","8","63","45","23","103","464","187","C1845155"
"28817","1280","2","5","7","53","51","342","454","573","492","C1845155"
"28818","4552","2","3","7","48","81","105","139","186","245","C1845155"
"28819","8481","2","3","12","76","153","40","38","54","75","C1845169"
"28820","5325","2","3","12","19","31","198","261","146","118","C1845169"
"28821","359","2","3","5","80","81","166","397","374","486","C1845169"
"28822","2159","2","5","7","68","51","119","454","549","674","C1845169"
"28823","4000","2","3","12","26","105","178","226","297","156","C1845169"
"28824","2263","2","5","7","53","14","20","25","40","186","C1845169"
"28825","55636","2","3","3","19","221","321","428","423","389","C1845169"
"28826","1910","2","5","4","68","96","326","427","548","672","C1845206"
"28827","3891","2","1","6","11","142","225","142","220","298","C1845206"
"28828","1758","2","5","7","53","51","342","454","573","492","C1845206"
"28829","54714","2","5","8","63","36","166","106","110","158","C1845206"
"28830","7040","2","5","7","53","51","342","454","573","492","C1845206"
"28831","54567","2","5","7","53","51","143","428","236","667","C1845206"
"28832","25793","2","3","12","41","116","268","434","468","213","C1845206"
"28833","9095","2","5","7","53","51","335","444","560","373","C1845206"
"28834","9968","2","4","3","24","119","330","214","454","144","C1845206"
"28835","1410","2","3","12","63","45","23","38","54","187","C1845245"
"28836","25974","2","3","7","48","51","105","139","186","245","C1845245"
"28837","1376","2","3","2","19","151","276","91","433","118","C1845250"
"28838","54345","2","5","3","19","221","321","428","541","667","C1845250"
"28839","7077","2","5","7","34","52","216","395","549","674","C1845251"
"28840","6390","2","3","2","48","170","50","119","444","556","C1845251"
"28841","1889","2","5","4","68","96","326","427","548","672","C1845251"
"28842","1311","2","5","7","53","51","342","454","573","492","C1845272"
"28843","4297","2","3","12","19","31","1","426","55","78","C1845272"
"28844","4929","2","3","3","19","151","276","91","433","118","C1845272"
"28845","5602","2","3","12","19","14","150","34","540","68","C1845272"
"28846","7283","2","3","12","76","153","40","38","54","75","C1845272"
"28847","2260","2","5","7","53","14","20","25","40","186","C1845274"
"28848","3717","2","5","7","53","14","20","25","40","186","C1845274"
"28849","10479","2","5","7","27","36","150","341","223","628","C1845285"
"28850","10758","2","3","12","41","219","339","156","568","697","C1845370"
"28851","546","2","3","12","19","31","261","426","1","86","C1845370"
"28852","2263","2","5","7","53","14","20","25","40","186","C1845408"
"28853","2200","2","5","7","53","51","342","454","573","492","C1845408"
"28854","1399","2","5","7","53","14","20","25","40","186","C1845447"
"28855","64135","2","3","12","41","219","339","156","568","605","C1845447"
"28856","51750","2","3","12","19","31","261","116","1","86","C1845447"
"28857","6103","2","3","12","76","153","40","38","54","75","C1845447"
"28858","3043","2","5","7","34","52","216","395","549","116","C1845447"
"28859","2512","2","3","7","34","52","216","395","544","358","C1845447"
"28860","3918","2","5","7","53","51","342","454","573","492","C1845447"
"28861","7291","2","3","12","19","151","276","91","489","416","C1845447"
"28862","2077","2","3","12","76","153","40","38","54","75","C1845447"
"28863","8139","2","3","12","41","116","268","434","468","213","C1845447"
"28864","3033","2","3","2","67","80","145","179","239","618","C1845447"
"28865","55275","2","5","7","60","54","24","98","66","203","C1845447"
"28866","5592","2","5","4","53","14","20","34","540","68","C1845447"
"28867","2033","2","3","12","19","31","1","91","433","118","C1845447"
"28868","4758","2","3","7","34","52","216","395","549","517","C1845447"
"28869","54487","2","3","2","22","33","323","66","101","136","C1845447"
"28870","1594","2","3","5","92","163","96","363","460","487","C1845447"
"28871","5428","2","3","2","48","170","50","119","167","593","C1845672"
"28872","6326","2","5","8","63","36","166","341","390","158","C1845672"
"28873","4524","2","3","2","15","166","104","369","117","583","C1845805"
"28874","2705","2","3","12","76","153","40","38","54","75","C1845805"
"28875","2138","2","3","12","19","31","1","426","55","78","C1845877"
"28876","7050","2","3","12","19","31","321","428","541","667","C1845877"
"28877","2626","2","3","12","19","31","118","155","287","116","C1845877"
"28878","6899","2","5","7","53","184","335","259","560","373","C1845877"
"28879","355","2","3","7","41","219","339","156","568","697","C1845877"
"28880","4948","2","5","8","63","45","23","250","464","187","C1845877"
"28881","2720","2","3","7","34","52","216","395","21","599","C1845877"
"28882","4005","2","3","12","19","31","1","426","55","78","C1845877"
"28883","659","2","5","7","53","14","20","259","423","389","C1845878"
"28884","9469","2","3","2","103","189","303","29","475","467","C1845878"
"28885","5176","2","5","7","53","51","342","454","573","492","C1845878"
"28886","55636","2","3","3","19","221","321","428","423","389","C1846006"
"28887","5290","2","3","7","53","14","20","25","40","186","C1846006"
"28888","9839","2","3","3","19","221","321","428","541","667","C1846013"
"28889","10518","2","3","2","22","170","50","119","444","556","C1846013"
"28890","54903","2","3","12","76","153","40","38","54","75","C1846058"
"28891","1493","2","5","7","53","51","119","25","40","186","C1846129"
"28892","9640","2","3","12","19","31","261","116","159","211","C1846142"
"28893","103","2","3","2","110","184","119","156","287","116","C1846142"
"28894","54768","2","3","12","41","92","197","57","198","517","C1846142"
"28895","695","2","5","7","53","14","20","25","40","186","C1846142"
"28896","8799","2","3","5","43","161","305","409","208","482","C1846142"
"28897","55687","2","3","2","48","170","152","119","252","154","C1846142"
"28898","24","2","3","12","41","116","268","423","536","445","C1846154"
"28899","3156","2","3","2","19","151","276","91","433","118","C1846154"
"28900","10157","2","3","5","71","102","175","222","290","371","C1846154"
"28901","3172","2","3","3","19","151","276","91","433","118","C1846154"
"28902","57679","2","5","7","60","54","24","30","46","72","C1846154"
"28903","2353","2","3","12","19","31","1","91","489","416","C1846154"
"28904","6092","2","5","7","53","51","335","444","560","373","C1846168"
"28905","4287","2","3","12","41","116","268","434","468","215","C1846168"
"28906","4723","2","3","2","48","170","50","119","444","556","C1846169"
"28907","5518","2","3","12","76","153","40","38","54","435","C1846169"
"28908","29926","2","3","2","68","66","123","158","207","278","C1846176"
"28909","1400","2","3","7","27","36","150","79","560","373","C1846176"
"28910","9378","2","5","7","27","36","71","341","223","219","C1846176"
"28911","6885","2","3","12","41","219","339","156","568","697","C1846176"
"28912","5317","2","5","7","34","52","216","142","220","298","C1846223"
"28913","6905","2","3","12","76","153","40","38","54","75","C1846223"
"28914","1896","2","5","12","41","219","339","156","568","697","C1846223"
"28915","5961","2","5","7","27","51","326","126","414","702","C1846223"
"28916","1140","2","5","8","27","70","99","162","216","290","C1846223"
"28917","2646","2","3","12","22","33","323","66","101","664","C1846223"
"28918","6736","2","3","12","19","31","276","91","433","667","C1846223"
"28919","2099","2","3","12","19","151","276","91","433","118","C1846223"
"28920","7681","2","3","12","41","116","268","434","468","213","C1846223"
"28921","3845","2","5","7","60","54","24","30","46","72","C1846223"
"28922","8878","2","3","12","41","219","339","156","568","697","C1846223"
"28923","7273","2","5","7","53","51","342","103","464","702","C1846223"
"28924","4868","2","5","7","53","51","335","25","560","373","C1846226"
"28925","326","2","3","12","19","31","261","377","370","269","C1846226"
"28926","51684","2","3","12","41","116","268","38","54","75","C1846226"
"28927","673","2","5","7","53","14","20","34","540","68","C1846226"
"28928","51119","2","3","2","110","85","237","433","547","671","C1846226"
"28929","7428","2","3","12","41","116","268","434","468","213","C1846226"
"28930","4803","2","5","7","60","54","24","30","46","72","C1846226"
"28931","26160","2","3","12","76","153","40","38","54","75","C1846226"
"28932","5663","2","5","7","34","52","216","395","549","667","C1846226"
"28933","4358","2","3","5","43","161","305","409","208","482","C1846226"
"28934","6898","2","3","8","67","94","199","182","509","666","C1846226"
"28935","6521","2","5","8","35","41","199","40","415","666","C1846226"
"28936","2033","2","3","12","19","31","1","91","433","118","C1846228"
"28937","6714","2","5","7","53","14","20","25","40","186","C1846228"
"28938","10060","2","3","8","41","45","23","423","464","445","C1846228"
"28939","644","2","3","2","42","49","93","192","253","338","C1846228"
"28940","2178","2","3","12","19","31","261","116","1","86","C1846228"
"28941","7421","2","3","3","19","151","276","91","433","118","C1846228"
"28942","2316","2","5","7","53","51","342","454","573","702","C1846228"
"28943","26123","2","3","2","76","153","40","38","54","75","C1846228"
"28944","51626","2","3","12","76","153","40","38","54","75","C1846228"
"28945","3552","2","3","12","53","51","119","156","489","416","C1846228"
"28946","6235","2","3","2","110","85","237","433","547","671","C1846228"
"28947","10982","2","3","12","76","153","40","38","54","75","C1846228"
"28948","2067","2","3","12","19","31","261","116","1","86","C1846228"
"28949","2719","2","5","7","53","51","342","454","573","492","C1846228"
"28950","5631","2","3","2","72","119","109","266","336","452","C1846228"
"28951","7051","2","1","6","11","142","225","142","220","298","C1846228"
"28952","145226","2","3","2","69","83","101","126","170","224","C1846228"
"28953","7015","2","3","12","19","31","1","426","55","78","C1846242"
"28954","1798","2","3","2","48","69","99","162","216","290","C1846242"
"28955","3553","2","5","7","53","51","119","25","489","416","C1846242"
"28956","2592","2","3","2","68","117","196","257","326","419","C1846284"
"28957","25942","2","3","12","19","31","1","426","55","78","C1846288"
"28958","1027","2","3","12","19","31","1","116","1","86","C1846288"
"28959","2623","2","3","12","19","31","1","155","287","116","C1846288"
"28960","8929","2","3","3","19","221","321","428","541","667","C1846288"
"28961","10518","2","3","2","22","170","50","119","444","556","C1846339"
"28962","4541","2","3","2","48","170","50","119","444","24","C1846339"
"28963","7428","2","3","12","41","116","268","434","468","213","C1846345"
"28964","6654","2","5","7","60","54","24","30","46","72","C1846345"
"28965","4088","2","3","12","19","219","339","259","423","605","C1846345"
"28966","3845","2","5","7","60","54","24","30","46","72","C1846345"
"28967","7415","2","3","7","34","52","216","395","536","445","C1846345"
"28968","2969","2","3","12","19","31","276","91","433","118","C1846345"
"28969","1080","2","3","12","41","219","339","156","544","669","C1846345"
"28970","551","2","5","4","68","96","326","427","548","672","C1846345"
"28971","3115","2","5","7","53","184","119","156","287","116","C1846347"
"28972","551","2","5","4","68","96","326","427","548","672","C1846347"
"28973","1419","2","3","6","63","45","160","362","177","673","C1846347"
"28974","2778","2","5","4","68","96","326","427","548","672","C1846347"
"28975","7353","2","3","12","41","219","339","156","568","605","C1846347"
"28976","2147","2","5","7","68","51","342","454","573","492","C1846347"
"28977","4729","2","3","2","48","170","50","119","444","556","C1846347"
"28978","6392","2","3","2","48","170","50","119","444","556","C1846347"
"28979","81027","2","3","12","76","153","40","38","54","75","C1846347"
"28980","9742","2","3","12","76","153","40","38","54","75","C1846347"
"28981","51750","2","3","12","19","31","261","116","1","86","C1846347"
"28982","1302","2","5","7","53","51","342","454","573","492","C1846347"
"28983","190","2","3","3","19","151","276","91","433","118","C1846347"
"28984","3360","2","5","4","68","96","326","427","548","672","C1846347"
"28985","11019","2","3","2","67","92","293","55","75","311","C1846347"
"28986","875","2","3","5","80","137","44","21","451","316","C1846347"
"28987","4688","2","5","7","60","14","20","25","40","215","C1846347"
"28988","843","2","3","12","41","219","339","156","568","697","C1846347"
"28989","3425","2","3","5","80","81","166","454","573","492","C1846348"
"28990","3662","2","5","7","53","184","119","156","287","116","C1846348"
"28991","1906","2","5","4","68","96","326","427","548","672","C1846348"
"28992","5896","2","3","12","41","116","268","434","568","605","C1846348"
"28993","1188","2","5","8","63","45","23","34","464","187","C1846348"
"28994","10269","2","3","2","48","182","50","119","444","556","C1846351"
"28995","5777","2","5","7","34","52","216","395","40","116","C1846351"
"28996","3207","2","3","3","19","221","321","428","541","667","C1846351"
"28997","53335","2","3","12","19","31","1","426","55","78","C1846351"
"28998","948","2","5","7","34","52","216","91","433","702","C1846351"
"28999","83729","2","5","7","53","51","342","259","423","389","C1846352"
"29000","1499","2","3","12","19","221","197","259","560","422","C1846352"
"29001","421","2","5","7","42","51","335","444","560","373","C1846352"
"29002","6334","2","5","8","63","36","166","341","223","158","C1846352"
"29003","5325","2","3","12","19","31","198","261","146","118","C1846352"
"29004","8675","2","5","7","60","54","24","98","66","203","C1846385"
"29005","18","2","3","8","67","94","199","182","509","666","C1846385"
"29006","2260","2","5","7","53","14","20","25","40","186","C1846423"
"29007","5071","2","3","12","41","116","268","434","468","213","C1846423"
"29008","2626","2","3","12","19","31","118","155","287","116","C1846423"
"29009","128674","2","5","4","68","96","326","427","548","672","C1846423"
"29010","2222","2","3","2","19","151","276","91","433","118","C1846431"
"29011","1490","2","5","7","53","51","342","454","573","492","C1846431"
"29012","51715","2","5","7","60","54","24","30","46","72","C1846433"
"29013","6495","2","3","3","19","221","321","428","541","667","C1846433"
"29014","5116","2","3","12","76","153","40","38","54","75","C1846433"
"29015","9211","2","5","7","27","36","150","341","223","628","C1846433"
"29016","10686","2","5","6","42","36","71","177","64","219","C1846434"
"29017","26012","2","3","12","19","31","261","116","159","211","C1846434"
"29018","215","2","3","5","47","144","185","238","310","392","C1846434"
"29019","4049","2","3","12","41","219","339","156","568","697","C1846434"
"29020","1302","2","5","7","53","51","342","454","573","492","C1846434"
"29021","9775","2","3","2","22","33","323","66","101","136","C1846434"
"29022","4322","2","5","7","53","51","342","454","573","492","C1846434"
"29023","9723","2","5","7","53","51","342","79","560","373","C1846434"
"29024","5428","2","3","2","48","170","50","119","167","593","C1846434"
"29025","8626","2","3","3","19","221","321","428","541","667","C1846434"
"29026","2799","2","3","7","34","52","216","395","549","33","C1846434"
"29027","1106","2","3","12","19","31","1","426","55","78","C1846434"
"29028","3984","2","5","7","53","14","20","34","540","68","C1846434"
"29029","145282","2","3","6","11","142","225","79","220","298","C1846434"
"29030","7353","2","3","12","41","219","339","156","568","605","C1846435"
"29031","10019","2","5","7","53","14","20","25","40","116","C1846435"
"29032","4282","2","5","7","34","52","216","395","549","674","C1846435"
"29033","23414","2","3","12","19","31","118","155","287","116","C1846435"
"29034","7010","2","5","7","53","14","20","25","40","186","C1846435"
"29035","5914","2","3","3","19","151","276","91","433","118","C1846435"
"29036","6103","2","3","12","76","153","40","38","54","75","C1846435"
"29037","4723","2","3","2","48","170","50","119","444","556","C1846435"
"29038","2719","2","5","7","53","51","342","454","573","492","C1846435"
"29039","3717","2","5","7","53","14","20","25","40","186","C1846435"
"29040","2263","2","5","7","53","14","20","25","40","186","C1846435"
"29041","6647","2","3","2","95","2","342","378","173","702","C1846435"
"29042","2937","2","3","2","83","171","97","381","478","597","C1846435"
"29043","1187","2","5","8","63","45","23","34","464","187","C1846438"
"29044","4023","2","3","5","24","51","342","91","20","27","C1846438"
"29045","2200","2","5","7","53","51","342","454","573","492","C1846438"
"29046","5993","2","3","12","19","31","1","426","55","78","C1846438"
"29047","23322","2","3","12","76","153","40","38","54","75","C1846439"
"29048","270","2","3","5","33","21","47","84","261","246","C1846439"
"29049","930","2","5","7","53","14","119","25","40","186","C1846439"
"29050","23767","2","5","7","53","14","20","25","40","186","C1846439"
"29051","51702","2","3","12","19","31","1","426","55","78","C1846439"
"29052","5727","2","3","12","68","221","197","259","560","422","C1846439"
"29053","8517","2","3","12","41","219","339","156","568","697","C1846439"
"29054","11200","2","3","12","19","31","261","116","1","86","C1846439"
"29055","5648","2","5","7","53","51","119","395","549","674","C1846439"
"29056","8820","2","3","3","19","221","321","428","541","667","C1846439"
"29057","10752","2","5","7","53","51","335","444","560","373","C1846439"
"29058","10262","2","3","2","22","33","323","66","101","136","C1846439"
"29059","8869","2","3","2","89","124","204","272","347","451","C1846439"
"29060","5076","2","3","3","19","221","321","428","541","667","C1846439"
"29061","4160","2","5","4","68","96","326","427","548","672","C1846439"
"29062","6885","2","3","12","41","219","339","156","568","697","C1846439"
"29063","103","2","3","2","110","184","119","156","287","116","C1846442"
"29064","1760","2","5","8","63","14","20","34","540","68","C1846442"
"29065","55670","2","3","5","43","161","305","409","208","482","C1846442"
"29066","773","2","5","8","27","36","166","341","223","628","C1846449"
"29067","207","2","3","7","53","14","20","34","489","416","C1846449"
"29068","1080","2","3","12","41","219","339","156","544","669","C1846449"
"29069","7421","2","3","3","19","151","276","91","433","118","C1846449"
"29070","1716","2","3","2","27","36","150","221","138","188","C1846449"
"29071","8031","2","3","12","19","151","276","91","433","118","C1846449"
"29072","1439","2","5","7","53","14","20","25","40","186","C1846449"
"29073","4854","2","5","7","53","51","143","428","236","667","C1846449"
"29074","10000","2","5","7","53","14","20","34","540","68","C1846449"
"29075","9227","2","3","2","69","51","101","126","170","224","C1846449"
"29076","242","2","3","5","11","142","223","142","220","298","C1846464"
"29077","10982","2","3","12","76","153","40","38","54","75","C1846464"
"29078","286","2","5","7","60","153","40","38","54","203","C1846464"
"29079","5592","2","5","4","53","14","20","34","540","68","C1846474"
"29080","673","2","5","7","53","14","20","34","540","68","C1846474"
"29081","2006","2","5","7","53","51","342","454","573","492","C1846474"
"29082","7043","2","5","7","53","51","342","454","573","492","C1846474"
"29083","4920","2","5","7","53","14","20","259","560","373","C1846546"
"29084","8481","2","3","12","76","153","40","38","54","75","C1846546"
"29085","2778","2","5","4","68","96","326","427","548","672","C1846546"
"29086","128866","2","3","2","48","57","110","141","359","462","C1846546"
"29087","686","2","3","5","80","81","166","166","127","173","C1846546"
"29088","242","2","3","5","11","142","223","142","220","298","C1846546"
"29089","10195","2","3","2","48","69","99","162","216","290","C1846550"
"29090","2033","2","3","12","19","31","1","91","433","118","C1846550"
"29091","1999","2","3","3","19","221","321","428","148","667","C1846550"
"29092","2052","2","3","5","91","130","114","290","367","475","C1846550"
"29093","4864","2","3","5","48","152","184","341","544","669","C1846566"
"29094","7048","2","5","7","53","51","342","259","423","389","C1846566"
"29095","6833","2","5","8","45","36","166","240","415","666","C1846566"
"29096","538","2","3","8","63","45","23","103","464","187","C1846566"
"29097","5159","2","5","7","53","14","20","25","40","186","C1846566"
"29098","7157","2","3","12","19","31","261","402","489","551","C1846566"
"29099","63894","2","3","2","48","81","184","202","66","203","C1846620"
"29100","1776","2","5","7","105","219","261","402","129","215","C1846620"
"29101","54187","2","3","5","80","81","296","272","452","148","C1846707"
"29102","2516","2","3","3","19","151","276","91","433","118","C1846707"
"29103","50964","2","5","3","68","221","197","259","423","422","C1846707"
"29104","51360","2","3","3","26","35","276","91","433","203","C1846707"
"29105","100507436","2","5","7","53","51","119","395","549","674","C1846707"
"29106","10555","2","3","7","34","52","216","395","549","622","C1846707"
"29107","1280","2","5","7","53","51","342","454","573","492","C1846707"
"29108","2153","2","5","7","53","51","342","454","573","492","C1846707"
"29109","10661","2","3","12","19","31","1","426","55","78","C1846707"
"29110","7840","2","3","12","76","153","40","38","54","75","C1846722"
"29111","55636","2","3","3","19","221","321","428","423","389","C1846790"
"29112","5818","2","5","7","53","51","335","444","560","373","C1846790"
"29113","9750","2","5","7","63","45","110","91","565","562","C1846790"
"29114","1586","2","3","5","79","98","256","335","425","540","C1846796"
"29115","1286","2","5","7","53","51","342","454","573","492","C1846797"
"29116","6016","2","5","7","60","54","24","30","46","72","C1846797"
"29117","3643","2","5","7","53","14","20","25","40","186","C1846797"
"29118","30817","2","5","3","68","221","197","259","560","422","C1846797"
"29119","1543","2","3","5","91","151","276","91","433","118","C1846797"
"29120","2138","2","3","12","19","31","1","426","55","78","C1846797"
"29121","4720","2","3","2","48","170","50","119","444","556","C1846797"
"29122","53834","2","5","7","53","51","342","454","573","492","C1846797"
"29123","3592","2","5","7","53","51","119","25","489","416","C1846797"
"29124","3339","2","5","7","53","51","342","454","573","492","C1846798"
"29125","23483","2","3","2","28","191","306","143","452","258","C1846798"
"29126","3053","2","5","7","53","51","342","454","573","492","C1846803"
"29127","4214","2","3","12","41","219","339","34","540","117","C1846803"
"29128","1001","2","5","7","53","51","335","444","560","373","C1846803"
"29129","11330","2","5","7","68","51","119","395","549","674","C1846803"
"29130","4920","2","5","7","53","14","20","259","560","373","C1846803"
"29131","6329","2","5","8","63","36","166","341","390","158","C1846803"
"29132","5447","2","3","5","91","214","271","372","471","586","C1846803"
"29133","133","2","5","4","68","96","326","427","548","672","C1846803"
"29134","6916","2","3","5","91","175","119","167","224","301","C1846803"
"29135","1537","2","3","2","48","170","50","304","167","593","C1846821"
"29136","10269","2","3","2","48","182","50","119","444","556","C1846821"
"29137","5770","2","5","7","53","14","20","25","40","186","C1846821"
"29138","4627","2","5","7","63","45","184","103","572","658","C1846821"
"29139","1824","2","1","6","11","142","225","142","220","298","C1846821"
"29140","4724","2","3","2","48","170","50","119","444","556","C1846821"
"29141","71","2","5","7","60","14","184","103","544","669","C1846821"
"29142","3814","2","5","4","68","96","326","427","548","672","C1846821"
"29143","9401","2","3","12","76","31","261","116","1","86","C1846821"
"29144","57057","2","5","7","53","51","342","444","560","373","C1846821"
"29145","11200","2","3","12","19","31","261","116","1","86","C1846821"
"29146","4436","2","3","12","19","31","261","116","1","86","C1846821"
"29147","338","2","5","7","53","51","342","454","573","492","C1846821"
"29148","7010","2","5","7","53","14","20","25","40","186","C1846821"
"29149","4929","2","3","3","19","151","276","91","433","118","C1846821"
"29150","59","2","5","8","63","45","23","103","464","187","C1846821"
"29151","7314","2","3","12","41","219","261","409","208","482","C1846821"
"29152","2033","2","3","12","19","31","1","91","433","118","C1846821"
"29153","11128","2","3","2","22","33","261","116","159","211","C1846821"
"29154","2074","2","3","12","19","31","1","426","55","78","C1846821"
"29155","84976","2","3","12","19","124","238","428","236","667","C1846821"
"29156","3859","2","1","6","11","142","225","142","220","298","C1846821"
"29157","10653","2","5","7","68","51","114","162","321","475","C1846821"
"29158","2677","2","5","7","53","51","342","454","573","492","C1846821"
"29159","9394","2","3","2","74","58","112","148","193","263","C1846821"
"29160","4854","2","5","7","53","51","143","428","236","667","C1846821"
"29161","7274","2","3","5","43","161","99","162","216","290","C1846821"
"29162","2778","2","5","4","68","96","326","427","548","672","C1846853"
"29163","7516","2","3","12","19","31","261","116","1","86","C1846853"
"29164","2263","2","5","7","53","14","20","25","40","186","C1846865"
"29165","1674","2","5","8","63","45","23","103","464","187","C1846865"
"29166","10269","2","3","2","48","182","50","119","444","556","C1846865"
"29167","8085","2","3","12","19","31","1","426","55","78","C1846868"
"29168","23411","2","3","12","19","31","1","91","433","118","C1846868"
"29169","9499","2","5","7","53","51","23","103","464","187","C1846868"
"29170","1437","2","5","7","53","14","20","25","40","186","C1846868"
"29171","1030","2","3","12","19","31","1","426","55","78","C1846868"
"29172","5594","2","5","7","34","14","20","34","540","274","C1846868"
"29173","50640","2","3","5","116","183","295","398","243","327","C1846911"
"29174","54714","2","5","8","63","36","166","106","110","158","C1846911"
"29175","6821","2","3","5","114","211","332","175","556","256","C1846950"
"29176","3921","2","3","2","110","85","237","433","547","671","C1846950"
"29177","2146","2","3","12","19","31","1","426","55","78","C1846950"
"29178","10939","2","3","2","48","170","50","119","444","593","C1846950"
"29179","847","2","3","7","34","52","216","395","549","674","C1846950"
"29180","4512","2","3","2","48","170","110","141","359","8","C1846950"
"29181","10046","2","3","12","19","31","143","428","236","667","C1846950"
"29182","25886","2","3","12","76","153","76","136","472","435","C1846950"
"29183","6935","2","3","3","19","221","321","428","541","667","C1846950"
"29184","8036","2","5","7","60","54","296","399","359","658","C1846950"
"29185","6736","2","3","12","19","31","276","91","433","667","C1846950"
"29186","3115","2","5","7","53","184","119","156","287","116","C1846950"
"29187","34","2","3","2","19","151","276","91","433","118","C1847117"
"29188","5896","2","3","12","41","116","268","434","568","605","C1847117"
"29189","1145","2","5","8","27","70","99","162","216","290","C1847117"
"29190","6696","2","5","7","53","51","342","454","573","492","C1847117"
"29191","4087","2","3","12","19","219","339","259","423","605","C1847319"
"29192","3251","2","3","4","68","96","326","427","341","150","C1847319"
"29193","5932","2","3","12","19","31","261","116","1","86","C1847319"
"29194","857","2","5","7","53","45","23","57","83","422","C1847383"
"29195","7140","2","5","8","63","45","23","103","464","187","C1847383"
"29196","1292","2","5","7","53","51","342","454","573","492","C1847383"
"29197","2158","2","5","7","68","51","119","395","549","674","C1847425"
"29198","4692","2","5","7","53","51","119","402","489","416","C1847425"
"29199","1828","2","5","7","34","52","216","142","220","298","C1847425"
"29200","6343","2","5","4","68","96","326","427","548","672","C1847514"
"29201","4508","2","3","2","48","170","50","119","444","556","C1847514"
"29202","547","2","3","7","76","153","40","38","54","75","C1847514"
"29203","10587","2","3","2","95","2","60","378","37","55","C1847514"
"29204","2261","2","5","7","53","14","20","25","40","186","C1847514"
"29205","9244","2","5","7","53","51","119","25","40","416","C1847514"
"29206","6794","2","3","12","53","14","20","34","540","68","C1847514"
"29207","26137","2","5","7","63","45","184","103","572","658","C1847514"
"29208","54658","2","3","2","78","205","207","67","355","138","C1847514"
"29209","29893","2","3","12","19","31","1","426","55","78","C1847514"
"29210","5339","2","5","7","53","51","342","454","573","492","C1847514"
"29211","5518","2","3","12","76","153","40","38","54","435","C1847514"
"29212","3239","2","3","3","19","221","321","428","541","667","C1847514"
"29213","3284","2","3","2","69","98","169","299","183","243","C1847514"
"29214","773","2","5","8","27","36","166","341","223","628","C1847514"
"29215","1482","2","3","3","19","221","321","428","541","667","C1847514"
"29216","51360","2","3","3","26","35","276","91","433","203","C1847514"
"29217","3930","2","3","2","22","33","323","66","3","464","C1847514"
"29218","7518","2","3","12","19","31","261","116","1","86","C1847514"
"29219","8557","2","5","8","63","45","23","103","464","187","C1847514"
"29220","4582","2","5","7","53","206","324","430","429","544","C1847514"
"29221","2206","2","3","12","41","14","20","25","40","186","C1847514"
"29222","5805","2","3","2","43","91","75","204","267","352","C1847514"
"29223","25913","2","3","12","19","31","261","116","1","78","C1847514"
"29224","860","2","3","12","19","31","276","91","433","118","C1847515"
"29225","9569","2","3","12","19","31","276","91","433","118","C1847515"
"29226","2260","2","5","7","53","14","20","25","40","186","C1847515"
"29227","285489","2","5","7","60","36","71","341","223","219","C1847515"
"29228","1559","2","3","5","91","214","226","11","348","172","C1847515"
"29229","6326","2","5","8","63","36","166","341","390","158","C1847529"
"29230","2110","2","3","2","48","170","50","119","444","556","C1847530"
"29231","6329","2","5","8","63","36","166","341","390","158","C1847540"
"29232","5443","2","5","4","68","96","326","427","548","672","C1847572"
"29233","3991","2","3","5","80","81","166","57","83","658","C1847572"
"29234","341640","2","5","7","53","51","335","444","560","373","C1847610"
"29235","9469","2","3","2","103","189","303","29","475","467","C1847610"
"29236","1028","2","3","12","19","31","1","116","1","86","C1847730"
"29237","2200","2","5","7","53","51","342","454","573","492","C1847730"
"29238","7454","2","5","7","60","14","20","25","40","215","C1847759"
"29239","9702","2","3","12","76","153","40","38","54","75","C1847759"
"29240","2263","2","5","7","53","14","20","25","40","186","C1847759"
"29241","8626","2","3","3","19","221","321","428","541","667","C1847759"
"29242","3265","2","5","7","60","54","24","30","46","72","C1847759"
"29243","23534","2","3","2","22","33","323","66","101","136","C1847759"
"29244","4000","2","3","12","26","105","178","226","297","156","C1847759"
"29245","959","2","5","7","53","51","119","395","549","674","C1847759"
"29246","8803","2","3","8","67","92","293","55","75","311","C1847759"
"29247","658","2","5","7","53","51","342","259","423","389","C1847762"
"29248","4023","2","3","5","24","51","342","91","20","27","C1847762"
"29249","2896","2","5","7","34","52","216","395","549","674","C1847762"
"29250","2516","2","3","3","19","151","276","91","433","118","C1847762"
"29251","2767","2","5","4","68","96","326","427","548","672","C1847762"
"29252","3620","2","3","5","91","214","183","307","391","507","C1847766"
"29253","9569","2","3","12","19","31","276","91","433","118","C1847766"
"29254","540","2","5","8","63","45","23","103","464","187","C1847766"
"29255","5428","2","3","2","48","170","50","119","167","593","C1847766"
"29256","5663","2","5","7","34","52","216","395","549","667","C1847766"
"29257","3303","2","3","7","34","52","216","395","271","356","C1847766"
"29258","3553","2","5","7","53","51","119","25","489","416","C1847827"
"29259","9370","2","5","3","41","151","276","91","433","118","C1847827"
"29260","538","2","3","8","63","45","23","103","464","187","C1847868"
"29261","10682","2","5","4","68","96","326","48","69","204","C1847868"
"29262","183","2","5","4","68","96","326","427","548","672","C1847868"
"29263","3293","2","3","2","69","83","169","94","133","70","C1847868"
"29264","54765","2","3","12","48","182","50","119","444","556","C1847868"
"29265","5518","2","3","12","76","153","40","38","54","435","C1847868"
"29266","2969","2","3","12","19","31","276","91","433","118","C1847868"
"29267","4720","2","3","2","48","170","50","119","444","556","C1847868"
"29268","3149","2","3","2","48","57","110","378","370","664","C1847868"
"29269","3242","2","3","5","67","92","293","55","308","390","C1847906"
"29270","3091","2","3","12","41","116","276","91","433","605","C1847906"
"29271","85480","2","3","12","53","14","20","25","40","186","C1847906"
"29272","291","2","3","2","48","170","50","304","167","593","C1847906"
"29273","1287","2","5","2","53","51","342","454","573","492","C1847906"
"29274","4920","2","5","7","53","14","20","259","560","373","C1847906"
"29275","3425","2","3","5","80","81","166","454","573","492","C1847906"
"29276","6913","2","3","3","19","221","321","428","541","667","C1847906"
"29277","5141","2","3","4","68","96","326","427","548","672","C1847906"
"29278","1593","2","3","5","79","152","273","157","333","277","C1847906"
"29279","5192","2","3","5","43","161","305","409","208","482","C1847906"
"29280","7170","2","5","8","63","45","23","103","464","187","C1847906"
"29281","54","2","3","5","80","81","178","195","256","342","C1847906"
"29282","7490","2","3","3","19","221","321","428","541","667","C1847906"
"29283","84627","2","3","2","48","170","50","347","167","593","C1847906"
"29284","6392","2","3","2","48","170","50","119","444","556","C1847906"
"29285","8029","2","5","7","53","51","105","139","186","245","C1847906"
"29286","1807","2","3","5","80","23","186","79","560","273","C1847906"
"29287","7412","2","5","7","53","51","119","454","287","116","C1847906"
"29288","7428","2","3","12","41","116","268","434","468","213","C1847967"
"29289","3586","2","5","7","53","51","119","25","489","416","C1847967"
"29290","3106","2","5","7","34","52","119","395","549","674","C1847967"
"29291","2969","2","3","12","19","31","276","91","433","118","C1847967"
"29292","8900","2","3","12","19","31","261","116","1","86","C1847967"
"29293","1146","2","5","8","27","70","99","162","216","290","C1847967"
"29294","79147","2","3","2","27","36","150","430","215","628","C1848030"
"29295","4747","2","5","7","27","36","150","341","223","628","C1848030"
"29296","2263","2","5","7","53","14","20","25","40","186","C1848030"
"29297","190","2","3","3","19","151","276","91","433","118","C1848030"
"29298","1075","2","5","7","34","52","216","395","549","674","C1848103"
"29299","5727","2","3","12","68","221","197","259","560","422","C1848103"
"29300","2697","2","3","7","76","153","40","38","54","75","C1848103"
"29301","1807","2","3","5","80","23","186","79","560","273","C1848103"
"29302","10528","2","3","2","110","85","237","433","547","671","C1848103"
"29303","3507","2","5","7","53","51","119","395","549","674","C1848103"
"29304","3758","2","5","8","63","36","166","106","110","158","C1848109"
"29305","7415","2","3","7","34","52","216","395","536","445","C1848109"
"29306","175","2","3","7","34","52","216","395","549","674","C1848109"
"29307","51473","2","5","7","60","36","20","25","64","215","C1848109"
"29308","8398","2","3","5","116","183","40","38","352","455","C1848178"
"29309","8813","2","3","2","48","116","142","136","280","363","C1848178"
"29310","25814","2","3","2","48","170","110","119","444","462","C1848178"
"29311","54903","2","3","12","76","153","40","38","54","75","C1848178"
"29312","5994","2","3","12","19","31","276","91","491","118","C1848178"
"29313","10265","2","3","3","19","221","321","428","541","667","C1848178"
"29314","4893","2","5","7","34","52","24","30","46","72","C1848178"
"29315","54209","2","5","7","53","51","119","395","549","674","C1848178"
"29316","2316","2","5","7","53","51","342","454","573","702","C1848178"
"29317","9759","2","3","12","19","31","276","91","433","118","C1848178"
"29318","1501","2","5","7","27","36","150","341","223","628","C1848178"
"29319","10345","2","5","8","63","45","23","34","464","187","C1848178"
"29320","4864","2","3","5","48","152","184","341","544","669","C1848178"
"29321","3767","2","5","8","63","36","166","106","110","158","C1848192"
"29322","9049","2","3","3","41","151","276","378","271","356","C1848192"
"29323","7299","2","3","5","23","18","138","250","332","407","C1848201"
"29324","7140","2","5","8","63","45","23","103","464","187","C1848201"
"29325","1723","2","3","2","48","170","50","119","444","556","C1848201"
"29326","1277","2","5","7","53","51","342","454","573","492","C1848336"
"29327","8243","2","3","12","76","31","40","38","54","75","C1848336"
"29328","2969","2","3","12","19","31","276","91","433","118","C1848395"
"29329","2203","2","3","5","80","81","266","367","500","577","C1848395"
"29330","1293","2","5","7","53","51","342","454","573","492","C1848395"
"29331","147409","2","1","6","11","142","225","142","220","298","C1848395"
"29332","3930","2","3","2","22","33","323","66","3","464","C1848395"
"29333","8312","2","3","12","41","219","339","156","568","605","C1848395"
"29334","5573","2","3","12","19","184","118","155","287","116","C1848395"
"29335","55703","2","3","2","22","33","261","116","159","211","C1848395"
"29336","8643","2","5","3","68","221","197","259","560","422","C1848395"
"29337","25939","2","3","12","53","184","119","156","287","116","C1848395"
"29338","4882","2","3","4","68","96","326","427","548","672","C1848395"
"29339","3737","2","5","8","63","36","166","106","110","158","C1848431"
"29340","9031","2","3","12","19","31","1","426","55","78","C1848431"
"29341","9663","2","3","5","80","81","296","51","488","102","C1848431"
"29342","7136","2","5","8","63","45","23","103","464","187","C1848446"
"29343","213","2","5","7","53","51","342","454","573","492","C1848446"
"29344","2253","2","5","7","53","14","20","25","40","186","C1848446"
"29345","79188","2","3","2","48","182","50","119","444","666","C1848453"
"29346","3094","2","3","2","48","170","266","367","500","78","C1848453"
"29347","4000","2","3","12","26","105","178","226","297","156","C1848474"
"29348","1499","2","3","12","19","221","197","259","560","422","C1848474"
"29349","100","2","3","5","33","21","47","56","80","199","C1848474"
"29350","5906","2","5","7","34","52","216","30","46","72","C1848474"
"29351","7248","2","3","2","48","57","110","141","359","462","C1848474"
"29352","3861","2","1","6","11","142","225","142","220","298","C1848486"
"29353","3954","2","3","2","48","170","67","119","444","593","C1848486"
"29354","183","2","5","4","68","96","326","427","548","672","C1848486"
"29355","5605","2","5","7","53","14","20","34","540","68","C1848486"
"29356","4221","2","3","12","19","31","342","454","573","492","C1848486"
"29357","5617","2","5","12","19","31","1","426","55","78","C1848488"
"29358","1789","2","3","12","19","31","1","426","55","78","C1848488"
"29359","3897","2","5","7","53","51","335","444","560","373","C1848514"
"29360","4851","2","3","12","19","221","143","428","236","667","C1848514"
"29361","3662","2","5","7","53","184","119","156","287","116","C1848514"
"29362","8573","2","5","7","53","36","71","341","223","219","C1848514"
"29363","9241","2","5","7","53","51","342","259","423","389","C1848519"
"29364","4254","2","5","7","53","14","20","25","40","186","C1848519"
"29365","1495","2","5","7","53","51","335","444","560","373","C1848519"
"29366","2200","2","5","7","53","51","342","454","573","492","C1848529"
"29367","2072","2","3","12","19","31","261","116","1","86","C1848529"
"29368","6239","2","3","12","19","119","330","214","454","144","C1848529"
"29369","55636","2","3","3","19","221","321","428","423","389","C1848529"
"29370","8891","2","3","2","110","85","237","433","547","671","C1848529"
"29371","1300","2","5","7","53","51","342","454","573","492","C1848529"
"29372","2332","2","3","2","22","33","71","373","466","609","C1848529"
"29373","8195","2","3","12","76","153","76","38","54","75","C1848530"
"29374","7476","2","5","3","68","221","197","259","560","422","C1848530"
"29375","686","2","3","5","80","81","166","166","127","173","C1848530"
"29376","1280","2","5","7","53","51","342","454","573","492","C1848530"
"29377","26191","2","5","7","53","14","20","25","40","186","C1848530"
"29378","6323","2","5","8","63","36","166","341","390","158","C1848530"
"29379","23594","2","3","12","76","153","261","116","1","86","C1848530"
"29380","3026","2","5","7","68","51","119","395","549","674","C1848530"
"29381","112476","2","3","2","48","170","50","119","444","556","C1848530"
"29382","118856","2","5","7","53","51","342","454","573","492","C1848530"
"29383","4893","2","5","7","34","52","24","30","46","72","C1848530"
"29384","4313","2","5","7","53","51","342","454","573","492","C1848530"
"29385","1277","2","5","7","53","51","342","454","573","492","C1848530"
"29386","4000","2","3","12","26","105","178","226","297","156","C1848533"
"29387","4880","2","3","4","19","96","326","427","548","672","C1848533"
"29388","1289","2","5","7","53","51","342","454","573","492","C1848533"
"29389","1499","2","3","12","19","221","197","259","560","422","C1848534"
"29390","3569","2","5","7","53","51","342","454","573","416","C1848534"
"29391","5243","2","3","12","41","116","268","423","536","445","C1848538"
"29392","5604","2","5","7","53","14","20","34","540","68","C1848538"
"29393","249","2","3","5","27","51","335","444","560","373","C1848541"
"29394","54345","2","5","3","19","221","321","428","541","667","C1848541"
"29395","2261","2","5","7","53","14","20","25","40","186","C1848555"
"29396","8878","2","3","12","41","219","339","156","568","697","C1848555"
"29397","8496","2","5","7","50","30","193","306","148","624","C1848555"
"29398","10165","2","3","2","48","170","50","304","167","593","C1848555"
"29399","5979","2","5","7","53","14","20","25","40","186","C1848556"
"29400","9820","2","3","12","41","116","268","434","468","213","C1848556"
"29401","10293","2","3","12","41","116","268","434","468","213","C1848556"
"29402","6559","2","5","8","45","94","199","240","415","666","C1848579"
"29403","5940","2","3","2","22","33","323","66","101","136","C1848579"
"29404","25942","2","3","12","19","31","1","426","55","78","C1848580"
"29405","51473","2","5","7","60","36","20","25","64","215","C1848580"
"29406","10699","2","5","7","68","51","119","395","549","674","C1848580"
"29407","5191","2","3","5","43","161","305","409","208","482","C1848580"
"29408","2697","2","3","7","76","153","40","38","54","75","C1848599"
"29409","6261","2","5","8","63","45","23","34","464","187","C1848599"
"29410","10908","2","3","2","97","173","275","377","473","592","C1848606"
"29411","598","2","3","12","41","219","339","402","489","416","C1848606"
"29412","4621","2","5","8","63","45","23","103","464","187","C1848606"
"29413","6389","2","3","2","48","170","50","119","444","556","C1848606"
"29414","4988","2","5","4","68","96","326","427","548","672","C1848606"
"29415","3850","2","1","6","11","142","225","142","220","298","C1848606"
"29416","50485","2","3","12","19","31","261","116","1","86","C1848606"
"29417","2263","2","5","7","53","14","20","25","40","186","C1848654"
"29418","2260","2","5","7","53","14","20","25","40","186","C1848654"
"29419","2033","2","3","12","19","31","1","91","433","118","C1848654"
"29420","4256","2","5","7","53","51","342","454","573","492","C1848654"
"29421","1146","2","5","8","27","70","99","162","216","290","C1848654"
"29422","2245","2","5","7","60","54","24","30","46","72","C1848654"
"29423","1280","2","5","7","53","51","342","454","573","492","C1848654"
"29424","4148","2","5","7","53","51","342","454","573","492","C1848654"
"29425","7421","2","3","3","19","151","276","91","433","118","C1848654"
"29426","860","2","3","12","19","31","276","91","433","118","C1848654"
"29427","4261","2","3","12","53","184","119","156","287","116","C1848654"
"29428","3248","2","3","2","69","83","133","167","224","301","C1848654"
"29429","3785","2","5","8","63","36","166","106","110","158","C1848657"
"29430","9210","2","5","7","53","51","342","454","573","492","C1848657"
"29431","631","2","3","12","27","45","23","103","540","664","C1848670"
"29432","4247","2","3","2","68","67","320","98","180","279","C1848670"
"29433","2697","2","3","7","76","153","40","38","54","75","C1848670"
"29434","4436","2","3","12","19","31","261","116","1","86","C1848678"
"29435","8022","2","3","3","110","85","321","428","541","667","C1848678"
"29436","2263","2","5","7","53","14","20","25","40","186","C1848702"
"29437","5605","2","5","7","53","14","20","34","540","68","C1848702"
"29438","10269","2","3","2","48","182","50","119","444","556","C1848702"
"29439","338","2","5","7","53","51","342","454","573","492","C1848760"
"29440","1499","2","3","12","19","221","197","259","560","422","C1848760"
"29441","26040","2","3","12","19","31","1","116","297","78","C1848765"
"29442","28234","2","5","8","35","41","77","40","57","80","C1848765"
"29443","3026","2","5","7","68","51","119","395","549","674","C1848765"
"29444","51360","2","3","3","26","35","276","91","433","203","C1848765"
"29445","735","2","5","7","53","51","119","395","549","674","C1848765"
"29446","2301","2","5","6","11","142","225","142","220","673","C1848765"
"29447","3835","2","3","12","76","153","40","38","54","75","C1848765"
"29448","4160","2","5","4","68","96","326","427","548","672","C1848765"
"29449","488","2","5","8","63","45","23","103","464","187","C1848765"
"29450","4286","2","3","12","19","31","261","116","1","664","C1848765"
"29451","8626","2","3","3","19","221","321","428","541","667","C1848765"
"29452","10312","2","3","7","34","52","216","395","549","674","C1848765"
"29453","1584","2","3","5","79","159","256","276","353","456","C1848765"
"29454","5360","2","5","5","34","51","342","454","549","492","C1848765"
"29455","2033","2","3","12","19","31","1","91","433","118","C1848765"
"29456","1513","2","5","7","53","51","342","454","573","492","C1848765"
"29457","9343","2","3","2","22","33","323","66","101","136","C1848765"
"29458","10654","2","3","3","72","151","276","91","433","118","C1848765"
"29459","5149","2","3","5","68","38","16","477","596","725","C1848765"
"29460","1513","2","5","7","53","51","342","454","573","492","C1848765"
"29461","5696","2","3","12","41","116","268","156","568","116","C1848765"
"29462","5447","2","3","5","91","214","271","372","471","586","C1848765"
"29463","7681","2","3","12","41","116","268","434","468","213","C1848765"
"29464","1312","2","3","2","87","79","105","426","129","25","C1848765"
"29465","5618","2","5","7","53","51","119","25","40","186","C1848765"
"29466","26119","2","5","7","60","14","184","341","544","669","C1848765"
"29467","335","2","5","7","53","51","342","454","573","492","C1848765"
"29468","4867","2","5","7","76","153","40","38","54","75","C1848765"
"29469","3749","2","5","8","63","36","166","106","110","158","C1848765"
"29470","2521","2","3","2","22","33","323","66","101","136","C1848765"
"29471","8517","2","3","12","41","219","339","156","568","697","C1848765"
"29472","652","2","5","7","53","51","342","454","573","492","C1848769"
"29473","2057","2","5","7","53","14","20","25","40","186","C1848769"
"29474","10585","2","5","2","27","206","324","430","215","290","C1848771"
"29475","2774","2","2","1","9","15","21","28","42","62","C1848771"
"29476","2737","2","3","12","19","116","321","428","54","667","C1848771"
"29477","3845","2","5","7","60","54","24","30","46","72","C1848773"
"29478","9241","2","5","7","53","51","342","259","423","389","C1848773"
"29479","2512","2","3","7","34","52","216","395","544","358","C1848773"
"29480","3728","2","5","7","34","52","225","142","220","298","C1848805"
"29481","29851","2","5","7","53","14","20","25","40","186","C1848805"
"29482","776","2","5","8","63","36","166","341","390","158","C1848805"
"29483","7050","2","3","12","19","31","321","428","541","667","C1848805"
"29484","9897","2","3","12","76","18","75","38","1","212","C1848805"
"29485","2773","2","5","4","68","96","326","427","548","672","C1848805"
"29486","1301","2","5","7","53","51","342","454","573","492","C1848862"
"29487","3861","2","1","6","11","142","225","142","220","298","C1848862"
"29488","7534","2","3","2","48","57","110","141","359","411","C1848862"
"29489","3508","2","3","12","19","31","261","116","1","86","C1848869"
"29490","1716","2","3","2","27","36","150","221","138","188","C1848869"
"29491","7124","2","3","12","41","219","339","156","568","697","C1848918"
"29492","7026","2","3","3","19","151","276","91","433","118","C1848918"
"29493","6125","2","3","2","110","85","237","433","547","671","C1848918"
"29494","2317","2","5","7","63","45","23","103","287","664","C1848918"
"29495","8243","2","3","12","76","31","40","38","54","75","C1848918"
"29496","2316","2","5","7","53","51","342","454","573","702","C1848918"
"29497","4627","2","5","7","63","45","184","103","572","658","C1848918"
"29498","9131","2","3","12","41","219","339","347","271","356","C1848918"
"29499","6648","2","3","2","95","151","160","378","173","229","C1848920"
"29500","5818","2","5","7","53","51","335","444","560","373","C1848920"
"29501","29954","2","5","2","27","206","324","430","215","290","C1848947"
"29502","778","2","5","8","63","36","166","341","223","158","C1848947"
"29503","5095","2","3","2","48","40","130","166","127","173","C1848947"
"29504","9094","2","5","7","27","36","150","341","331","624","C1848954"
"29505","5155","2","5","7","53","51","342","454","573","186","C1848954"
"29506","7248","2","3","2","48","57","110","141","359","462","C1848957"
"29507","9987","2","3","2","22","33","323","66","101","136","C1848957"
"29508","9401","2","3","12","76","31","261","116","1","86","C1848958"
"29509","8200","2","5","7","53","51","342","259","423","389","C1848958"
"29510","5932","2","3","12","19","31","261","116","1","86","C1848977"
"29511","8260","2","3","12","41","85","266","76","287","78","C1848977"
"29512","1636","2","3","5","80","81","166","397","418","568","C1848977"
"29513","1188","2","5","8","63","45","23","34","464","187","C1848977"
"29514","1081","2","5","4","68","96","326","427","548","672","C1848977"
"29515","1277","2","5","7","53","51","342","454","573","492","C1848977"
"29516","5728","2","3","5","80","81","339","156","568","605","C1848977"
"29517","5663","2","5","7","34","52","216","395","549","667","C1848980"
"29518","1387","2","3","12","19","31","276","91","433","118","C1848980"
"29519","6285","2","5","7","41","219","339","156","568","697","C1848980"
"29520","3248","2","3","2","69","83","133","167","224","301","C1848980"
"29521","175","2","3","7","34","52","216","395","549","674","C1849016"
"29522","10058","2","3","5","44","50","209","68","11","141","C1849016"
"29523","2697","2","3","7","76","153","40","38","54","75","C1849016"
"29524","6866","2","5","4","68","96","326","427","548","672","C1849016"
"29525","7010","2","5","7","53","14","20","25","40","186","C1849020"
"29526","5144","2","3","4","68","96","326","427","548","672","C1849020"
"29527","1352","2","3","2","48","170","50","119","444","556","C1849020"
"29528","11277","2","3","12","19","31","261","116","1","86","C1849020"
"29529","4221","2","3","12","19","31","342","454","573","492","C1849020"
"29530","5728","2","3","5","80","81","339","156","568","605","C1849020"
"29531","579","2","3","3","19","221","321","428","541","667","C1849020"
"29532","3764","2","5","8","63","36","166","106","110","158","C1849020"
"29533","5015","2","3","3","19","221","321","428","541","667","C1849020"
"29534","9049","2","3","3","41","151","276","378","271","356","C1849020"
"29535","6469","2","5","3","53","221","197","259","560","422","C1849020"
"29536","7015","2","3","12","19","31","1","426","55","78","C1849020"
"29537","54101","2","3","2","48","170","50","347","167","593","C1849020"
"29538","10861","2","3","2","35","142","225","142","220","673","C1849020"
"29539","6496","2","3","3","19","221","321","428","541","667","C1849020"
"29540","5745","2","5","4","68","96","326","427","548","672","C1849020"
"29541","6794","2","3","12","53","14","20","34","540","68","C1849020"
"29542","582","2","3","12","76","153","76","38","54","75","C1849020"
"29543","5340","2","5","7","53","51","342","454","573","492","C1849020"
"29544","27077","2","3","12","76","153","40","38","54","75","C1849020"
"29545","5396","2","3","3","19","221","321","428","541","667","C1849020"
"29546","355","2","3","7","41","219","339","156","568","697","C1849025"
"29547","2629","2","3","5","80","81","250","291","152","420","C1849025"
"29548","4340","2","5","7","53","51","119","341","223","628","C1849025"
"29549","3123","2","5","7","53","51","119","156","287","116","C1849025"
"29550","2155","2","5","7","53","51","119","454","549","674","C1849025"
"29551","2071","2","3","12","19","31","261","116","159","211","C1849034"
"29552","5961","2","5","7","27","51","326","126","414","702","C1849034"
"29553","9841","2","3","6","11","142","225","142","220","298","C1849039"
"29554","6890","2","3","12","41","184","119","156","568","116","C1849039"
"29555","5053","2","3","5","80","81","166","236","308","390","C1849039"
"29556","23418","2","5","7","53","36","71","177","560","373","C1849039"
"29557","1144","2","5","8","27","70","99","162","216","290","C1849039"
"29558","6657","2","3","12","19","221","321","428","541","667","C1849039"
"29559","4351","2","3","2","90","167","266","367","500","577","C1849039"
"29560","2073","2","3","12","19","31","261","116","1","86","C1849039"
"29561","10084","2","3","2","22","33","323","66","101","136","C1849039"
"29562","8260","2","3","12","41","85","266","76","287","78","C1849039"
"29563","2055","2","3","2","27","36","150","402","223","628","C1849039"
"29564","5627","2","5","7","53","51","342","454","573","702","C1849039"
"29565","8481","2","3","12","76","153","40","38","54","75","C1849039"
"29566","4860","2","3","7","34","52","216","395","549","150","C1849039"
"29567","5190","2","3","5","43","161","305","409","208","482","C1849039"
"29568","8322","2","5","3","68","221","184","259","544","669","C1849039"
"29569","4593","2","5","7","53","14","20","454","573","492","C1849039"
"29570","10484","2","3","7","60","153","40","38","54","203","C1849039"
"29571","111","2","5","4","68","96","326","427","548","672","C1849039"
"29572","2697","2","3","7","76","153","40","38","54","75","C1849039"
"29573","6891","2","3","12","41","116","119","156","568","116","C1849039"
"29574","2131","2","3","2","74","58","112","148","181","416","C1849039"
"29575","2720","2","3","7","34","52","216","395","21","599","C1849073"
"29576","2130","2","3","2","22","33","323","66","491","609","C1849073"
"29577","10225","2","5","7","53","51","119","395","549","674","C1849073"
"29578","3786","2","5","8","63","36","166","106","110","158","C1849073"
"29579","7132","2","3","12","41","219","339","156","568","697","C1849073"
"29580","3110","2","3","3","19","221","321","428","541","667","C1849073"
"29581","5961","2","5","7","27","51","326","126","414","702","C1849073"
"29582","7372","2","3","2","68","119","109","266","182","182","C1849073"
"29583","2318","2","5","7","53","45","23","103","464","187","C1849073"
"29584","6868","2","5","7","53","51","342","454","236","492","C1849073"
"29585","5894","2","5","7","60","54","23","34","464","187","C1849073"
"29586","3593","2","5","7","53","51","119","25","489","416","C1849073"
"29587","1281","2","5","7","53","51","342","454","573","492","C1849073"
"29588","54714","2","5","8","63","36","166","106","110","158","C1849073"
"29589","3481","2","5","7","53","51","342","454","573","492","C1849073"
"29590","7422","2","5","7","53","51","342","454","573","702","C1849073"
"29591","10312","2","3","7","34","52","216","395","549","674","C1849073"
"29592","5830","2","3","5","43","161","305","409","208","482","C1849073"
"29593","3280","2","3","12","19","31","143","428","236","667","C1849073"
"29594","55219","2","5","2","27","51","335","444","560","373","C1849073"
"29595","94","2","5","7","53","51","342","259","423","389","C1849073"
"29596","3643","2","5","7","53","14","20","25","40","186","C1849073"
"29597","100","2","3","5","33","21","47","56","80","199","C1849073"
"29598","10847","2","3","12","19","31","1","426","55","78","C1849073"
"29599","6622","2","3","7","27","36","150","341","223","628","C1849073"
"29600","7157","2","3","12","19","31","261","402","489","551","C1849075"
"29601","7259","2","3","12","19","31","1","426","55","78","C1849075"
"29602","3914","2","5","7","53","51","342","454","573","492","C1849075"
"29603","3832","2","3","12","76","153","40","38","54","75","C1849075"
"29604","1277","2","5","7","53","51","342","454","573","492","C1849075"
"29605","26123","2","3","2","76","153","40","38","54","75","C1849075"
"29606","7515","2","3","12","19","31","261","116","1","86","C1849075"
"29607","5317","2","5","7","34","52","216","142","220","298","C1849075"
"29608","5195","2","3","5","43","161","305","409","208","482","C1849075"
"29609","4791","2","3","12","41","219","339","156","568","697","C1849075"
"29610","2317","2","5","7","63","45","23","103","287","664","C1849075"
"29611","3728","2","5","7","34","52","225","142","220","298","C1849075"
"29612","5896","2","3","12","41","116","268","434","568","605","C1849097"
"29613","9897","2","3","12","76","18","75","38","1","212","C1849097"
"29614","8085","2","3","12","19","31","1","426","55","78","C1849097"
"29615","4854","2","5","7","53","51","143","428","236","667","C1849134"
"29616","79068","2","3","2","72","81","42","52","105","349","C1849134"
"29617","4763","2","5","7","60","54","24","30","46","214","C1849134"
"29618","54901","2","3","2","110","85","152","129","252","154","C1849134"
"29619","4000","2","3","12","26","105","178","226","297","156","C1849134"
"29620","2263","2","5","7","53","14","20","25","40","186","C1849134"
"29621","1593","2","3","5","79","152","273","157","333","277","C1849134"
"29622","51297","2","5","7","34","157","226","350","243","561","C1849134"
"29623","6716","2","3","2","69","98","169","299","50","494","C1849134"
"29624","3845","2","5","7","60","54","24","30","46","72","C1849134"
"29625","1134","2","5","8","27","70","99","162","216","290","C1849134"
"29626","3119","2","5","7","53","153","119","156","287","116","C1849134"
"29627","1410","2","3","12","63","45","23","38","54","187","C1849134"
"29628","7507","2","3","12","19","31","261","116","1","86","C1849148"
"29629","498","2","3","2","48","170","50","304","167","593","C1849148"
"29630","9049","2","3","3","41","151","276","378","271","356","C1849148"
"29631","8893","2","3","2","110","85","237","433","547","671","C1849148"
"29632","5727","2","3","12","68","221","197","259","560","422","C1849148"
"29633","11128","2","3","2","22","33","261","116","159","211","C1849148"
"29634","8878","2","3","12","41","219","339","156","568","697","C1849148"
"29635","5654","2","5","7","53","51","342","454","573","492","C1849148"
"29636","7454","2","5","7","60","14","20","25","40","215","C1849156"
"29637","27077","2","3","12","76","153","40","38","54","75","C1849156"
"29638","9742","2","3","12","76","153","40","38","54","75","C1849156"
"29639","10804","2","3","12","76","153","40","38","54","75","C1849156"
"29640","6736","2","3","12","19","31","276","91","433","667","C1849156"
"29641","4688","2","5","7","60","14","20","25","40","215","C1849156"
"29642","3052","2","3","2","48","170","50","119","444","556","C1849172"
"29643","4000","2","3","12","26","105","178","226","297","156","C1849172"
"29644","9241","2","5","7","53","51","342","259","423","389","C1849172"
"29645","1134","2","5","8","27","70","99","162","216","290","C1849172"
"29646","43","2","3","5","85","143","286","51","488","389","C1849172"
"29647","59","2","5","8","63","45","23","103","464","187","C1849172"
"29648","6640","2","5","7","42","36","71","177","223","219","C1849172"
"29649","3674","2","5","7","53","51","342","454","573","492","C1849172"
"29650","843","2","3","12","41","219","339","156","568","697","C1849172"
"29651","6010","2","5","4","68","96","326","427","548","672","C1849173"
"29652","6611","2","3","2","58","55","25","46","329","198","C1849173"
"29653","10716","2","5","7","53","51","335","444","560","373","C1849173"
"29654","5340","2","5","7","53","51","342","454","573","492","C1849173"
"29655","7555","2","3","2","110","85","237","433","547","671","C1849173"
"29656","1294","2","5","7","53","51","342","454","573","492","C1849173"
"29657","3852","2","1","6","11","142","225","142","220","298","C1849221"
"29658","4953","2","3","2","41","116","268","434","568","605","C1849221"
"29659","26608","2","3","2","22","170","50","119","463","153","C1849221"
"29660","79728","2","3","12","19","31","261","116","1","86","C1849221"
"29661","4978","2","5","7","27","51","335","444","560","373","C1849221"
"29662","1027","2","3","12","19","31","1","116","1","86","C1849221"
"29663","3425","2","3","5","80","81","166","454","573","492","C1849221"
"29664","2773","2","5","4","68","96","326","427","548","672","C1849227"
"29665","54903","2","3","12","76","153","40","38","54","75","C1849227"
"29666","7157","2","3","12","19","31","261","402","489","551","C1849227"
"29667","3458","2","5","7","53","184","119","156","287","116","C1849227"
"29668","10483","2","3","7","60","54","24","30","46","72","C1849227"
"29669","3694","2","5","7","53","51","342","454","573","492","C1849227"
"29670","4998","2","3","12","76","31","261","116","1","86","C1849227"
"29671","1499","2","3","12","19","221","197","259","560","422","C1849227"
"29672","2332","2","3","2","22","33","71","373","466","609","C1849227"
"29673","10060","2","3","8","41","45","23","423","464","445","C1849265"
"29674","6469","2","5","3","53","221","197","259","560","422","C1849265"
"29675","3295","2","3","5","43","161","305","409","208","482","C1849265"
"29676","2304","2","3","12","19","221","321","428","541","667","C1849265"
"29677","5340","2","5","7","53","51","342","454","573","492","C1849265"
"29678","7225","2","5","8","63","45","193","306","390","158","C1849265"
"29679","3594","2","5","7","53","51","119","25","560","373","C1849265"
"29680","26580","2","5","8","27","70","99","162","216","290","C1849265"
"29681","695","2","5","7","53","14","20","25","40","186","C1849265"
"29682","5080","2","3","3","19","221","321","428","541","667","C1849265"
"29683","1848","2","3","5","42","81","296","399","201","274","C1849265"
"29684","2706","2","3","12","76","153","40","38","54","75","C1849265"
"29685","7471","2","5","3","68","221","197","259","560","422","C1849265"
"29686","6772","2","3","12","53","184","119","156","287","116","C1849265"
"29687","6794","2","3","12","53","14","20","34","540","68","C1849265"
"29688","999","2","5","7","53","51","342","444","560","373","C1849265"
"29689","54880","2","3","12","19","31","1","426","55","78","C1849292"
"29690","6567","2","5","8","35","41","77","40","57","80","C1849292"
"29691","5932","2","3","12","19","31","261","116","1","86","C1849293"
"29692","9897","2","3","12","76","18","75","38","1","212","C1849293"
"29693","50846","2","3","3","68","221","197","259","560","422","C1849295"
"29694","6648","2","3","2","95","151","160","378","173","229","C1849295"
"29695","4000","2","3","12","26","105","178","226","297","156","C1849295"
"29696","5648","2","5","7","53","51","119","395","549","674","C1849295"
"29697","2798","2","5","4","68","96","326","427","548","672","C1849295"
"29698","27241","2","3","12","76","153","76","38","54","75","C1849295"
"29699","2317","2","5","7","63","45","23","103","287","664","C1849295"
"29700","7276","2","5","7","34","52","216","395","549","674","C1849295"
"29701","8626","2","3","3","19","221","321","428","541","667","C1849295"
"29702","617","2","3","2","48","170","50","304","167","593","C1849295"
"29703","3295","2","3","5","43","161","305","409","208","482","C1849295"
"29704","1650","2","5","7","34","52","216","395","549","674","C1849300"
"29705","1758","2","5","7","53","51","342","454","573","492","C1849300"
"29706","2261","2","5","7","53","14","20","25","40","186","C1849300"
"29707","23522","2","3","12","19","31","1","426","55","78","C1849300"
"29708","1413","2","3","6","63","45","160","362","177","673","C1849300"
"29709","9401","2","3","12","76","31","261","116","1","86","C1849300"
"29710","242","2","3","5","11","142","223","142","220","298","C1849300"
"29711","5728","2","3","5","80","81","339","156","568","605","C1849300"
"29712","5664","2","5","7","53","219","143","428","236","667","C1849300"
"29713","1387","2","3","12","19","31","276","91","433","118","C1849300"
"29714","25836","2","3","12","76","153","40","38","54","75","C1849300"
"29715","6218","2","3","2","110","85","237","433","547","671","C1849300"
"29716","3691","2","5","7","53","51","342","454","573","492","C1849305"
"29717","6674","2","3","12","48","57","50","38","54","462","C1849305"
"29718","4157","2","5","4","68","96","326","427","548","672","C1849311"
"29719","2645","2","3","2","90","167","266","367","101","664","C1849311"
"29720","51360","2","3","3","26","35","276","91","433","203","C1849311"
"29721","8626","2","3","3","19","221","321","428","541","667","C1849311"
"29722","2627","2","3","12","19","31","118","155","287","116","C1849311"
"29723","7415","2","3","7","34","52","216","395","536","445","C1849311"
"29724","7456","2","5","7","60","14","20","25","40","215","C1849311"
"29725","54840","2","3","12","19","31","261","116","1","86","C1849311"
"29726","213","2","5","7","53","51","342","454","573","492","C1849311"
"29727","579","2","3","3","19","221","321","428","541","667","C1849311"
"29728","3936","2","5","7","34","45","216","378","572","702","C1849311"
"29729","9469","2","3","2","103","189","303","29","475","467","C1849314"
"29730","55005","2","3","2","68","96","326","427","429","544","C1849314"
"29731","7476","2","5","3","68","221","197","259","560","422","C1849314"
"29732","9516","2","3","2","48","116","110","141","152","462","C1849314"
"29733","23418","2","5","7","53","36","71","177","560","373","C1849314"
"29734","3425","2","3","5","80","81","166","454","573","492","C1849314"
"29735","348","2","5","7","53","51","342","454","573","492","C1849314"
"29736","3643","2","5","7","53","14","20","25","40","186","C1849314"
"29737","28","2","3","2","78","19","41","50","72","101","C1849314"
"29738","26137","2","5","7","63","45","184","103","572","658","C1849314"
"29739","54757","2","5","7","53","51","342","454","573","492","C1849314"
"29740","4282","2","5","7","34","52","216","395","549","674","C1849314"
"29741","1261","2","5","8","63","36","166","106","110","158","C1849314"
"29742","26249","2","3","12","41","116","268","434","468","213","C1849314"
"29743","7439","2","5","8","63","45","23","34","464","187","C1849314"
"29744","3655","2","5","7","53","51","342","454","573","492","C1849327"
"29745","8867","2","3","5","60","14","184","341","544","669","C1849327"
"29746","1896","2","5","12","41","219","339","156","568","697","C1849338"
"29747","367","2","3","12","19","31","276","91","433","118","C1849338"
"29748","5663","2","5","7","34","52","216","395","549","667","C1849340"
"29749","8516","2","5","7","53","51","342","454","573","492","C1849340"
"29750","3559","2","5","7","53","14","20","25","40","186","C1849340"
"29751","2006","2","5","7","53","51","342","454","573","492","C1849340"
"29752","948","2","5","7","34","52","216","91","433","702","C1849340"
"29753","11222","2","3","2","48","182","67","76","463","153","C1849340"
"29754","8139","2","3","12","41","116","268","434","468","213","C1849340"
"29755","4534","2","3","5","80","81","296","399","362","468","C1849340"
"29756","3039","2","3","5","35","41","118","155","287","116","C1849340"
"29757","5173","2","5","4","68","96","326","427","548","672","C1849340"
"29758","2588","2","3","7","34","52","216","395","549","674","C1849340"
"29759","7040","2","5","7","53","51","342","454","573","492","C1849340"
"29760","7516","2","3","12","19","31","261","116","1","86","C1849340"
"29761","3977","2","5","7","53","51","119","25","40","416","C1849340"
"29762","7486","2","3","12","19","31","261","116","1","86","C1849340"
"29763","3265","2","5","7","60","54","24","30","46","72","C1849340"
"29764","7051","2","1","6","11","142","225","142","220","298","C1849340"
"29765","5728","2","3","5","80","81","339","156","568","605","C1849341"
"29766","2261","2","5","7","53","14","20","25","40","186","C1849341"
"29767","26040","2","3","12","19","31","1","116","297","78","C1849341"
"29768","6311","2","3","2","22","33","323","66","362","468","C1849341"
"29769","4261","2","3","12","53","184","119","156","287","116","C1849341"
"29770","9056","2","3","8","45","94","199","240","415","666","C1849341"
"29771","4723","2","3","2","48","170","50","119","444","556","C1849343"
"29772","7474","2","5","3","68","221","184","259","544","669","C1849343"
"29773","9786","2","3","12","76","153","40","38","54","75","C1849343"
"29774","55624","2","3","2","78","123","194","255","215","412","C1849364"
"29775","2263","2","5","7","53","14","20","25","40","186","C1849364"
"29776","4352","2","5","7","53","14","20","25","40","186","C1849364"
"29777","3998","2","3","7","60","153","40","202","66","203","C1849364"
"29778","84699","2","3","12","26","35","276","91","433","118","C1849364"
"29779","2353","2","3","12","19","31","1","91","489","416","C1849364"
"29780","778","2","5","8","63","36","166","341","223","158","C1849364"
"29781","1277","2","5","7","53","51","342","454","573","492","C1849364"
"29782","2737","2","3","12","19","116","321","428","54","667","C1849364"
"29783","5156","2","5","7","53","14","20","25","40","186","C1849392"
"29784","5824","2","3","5","47","144","185","238","310","392","C1849392"
"29785","773","2","5","8","27","36","166","341","223","628","C1849392"
"29786","7290","2","3","12","19","31","1","426","55","78","C1849392"
"29787","2253","2","5","7","53","14","20","25","40","186","C1849412"
"29788","332","2","3","12","76","153","40","38","54","75","C1849412"
"29789","1959","2","3","3","19","151","276","91","433","118","C1849412"
"29790","6662","2","3","3","19","221","321","428","541","667","C1849437"
"29791","9215","2","5","2","27","36","150","430","215","628","C1849437"
"29792","6323","2","5","8","63","36","166","341","390","158","C1849478"
"29793","5015","2","3","3","19","221","321","428","541","667","C1849478"
"29794","633","2","5","7","53","51","342","454","573","492","C1849478"
"29795","23405","2","3","2","22","33","323","66","146","194","C1849478"
"29796","51702","2","3","12","19","31","1","426","55","78","C1849488"
"29797","2784","2","5","4","68","96","326","427","548","672","C1849488"
"29798","8626","2","3","3","19","221","321","428","541","667","C1849488"
"29799","26227","2","3","2","41","137","44","208","81","108","C1849488"
"29800","3284","2","3","2","69","98","169","299","183","243","C1849488"
"29801","1410","2","3","12","63","45","23","38","54","187","C1849488"
"29802","3425","2","3","5","80","81","166","454","573","492","C1849488"
"29803","4629","2","5","8","63","45","23","103","464","187","C1849488"
"29804","9573","2","5","7","53","51","342","259","423","389","C1849488"
"29805","10342","2","3","7","60","219","40","202","66","203","C1849489"
"29806","148","2","5","4","68","96","326","427","548","672","C1849489"
"29807","7248","2","3","2","48","57","110","141","359","462","C1849489"
"29808","8085","2","3","12","19","31","1","426","55","78","C1849489"
"29809","57167","2","3","12","19","31","1","426","55","78","C1849489"
"29810","5328","2","5","7","34","52","216","395","549","674","C1849489"
"29811","1376","2","3","2","19","151","276","91","433","118","C1849489"
"29812","8313","2","3","12","41","219","339","156","568","605","C1849489"
"29813","6323","2","5","8","63","36","166","341","390","158","C1849489"
"29814","26503","2","3","2","89","124","204","272","347","442","C1849510"
"29815","2778","2","5","4","68","96","326","427","548","672","C1849510"
"29816","1896","2","5","12","41","219","339","156","568","697","C1849537"
"29817","7337","2","3","12","41","116","268","434","468","213","C1849537"
"29818","8516","2","5","7","53","51","342","454","573","492","C1849537"
"29819","6663","2","3","3","19","221","321","428","541","667","C1849538"
"29820","2923","2","3","2","41","116","178","378","536","229","C1849538"
"29821","8467","2","3","12","19","31","1","426","55","78","C1849538"
"29822","55636","2","3","3","19","221","321","428","423","389","C1849538"
"29823","9755","2","3","2","110","85","237","177","568","697","C1849538"
"29824","54567","2","5","7","53","51","143","428","236","667","C1849538"
"29825","8626","2","3","3","19","221","321","428","541","667","C1849538"
"29826","10020","2","3","2","89","124","204","42","452","258","C1849538"
"29827","7253","2","5","4","68","96","326","427","548","672","C1849538"
"29828","1804","2","5","7","27","36","150","341","223","628","C1849538"
"29829","26146","2","3","12","76","153","40","38","54","75","C1849540"
"29830","7259","2","3","12","19","31","1","426","55","78","C1849540"
"29831","3458","2","5","7","53","184","119","156","287","116","C1849540"
"29832","2206","2","3","12","41","14","20","25","40","186","C1849540"
"29833","7290","2","3","12","19","31","1","426","55","78","C1849540"
"29834","4790","2","3","7","34","52","216","166","129","697","C1849540"
"29835","7298","2","3","12","76","153","40","38","54","75","C1849540"
"29836","4088","2","3","12","19","219","339","259","423","605","C1849540"
"29837","5015","2","3","3","19","221","321","428","541","667","C1849547"
"29838","8195","2","3","12","76","153","76","38","54","75","C1849547"
"29839","23533","2","3","2","53","14","20","25","362","468","C1849547"
"29840","4487","2","3","3","19","221","321","428","541","667","C1849547"
"29841","1146","2","5","8","27","70","99","162","216","290","C1849618"
"29842","6103","2","3","12","76","153","40","38","54","75","C1849618"
"29843","7138","2","5","8","63","45","23","103","464","187","C1849618"
"29844","9575","2","3","3","19","151","276","91","433","118","C1849667"
"29845","4843","2","3","5","43","161","305","409","489","416","C1849667"
"29846","4004","2","3","12","19","31","1","426","55","78","C1849677"
"29847","8625","2","3","12","19","31","276","91","236","118","C1849677"
"29848","9897","2","3","12","76","18","75","38","1","212","C1849677"
"29849","30008","2","5","7","53","51","342","454","573","492","C1849677"
"29850","23426","2","5","7","42","36","71","177","223","219","C1849677"
"29851","5525","2","3","12","76","153","40","38","54","75","C1849683"
"29852","8379","2","3","12","76","153","40","38","54","75","C1849683"
"29853","4023","2","3","5","24","51","342","91","20","27","C1849749"
"29854","7291","2","3","12","19","151","276","91","489","416","C1849749"
"29855","3889","2","1","6","11","142","225","142","220","298","C1849749"
"29856","55112","2","3","12","76","153","40","38","54","75","C1849765"
"29857","9817","2","3","12","41","116","268","434","468","213","C1849765"
"29858","3115","2","5","7","53","184","119","156","287","116","C1849766"
"29859","844","2","5","8","63","45","23","34","464","187","C1849766"
"29860","7367","2","3","2","78","205","207","67","355","138","C1849923"
"29861","132","2","3","2","110","85","237","433","80","394","C1849923"
"29862","111","2","5","4","68","96","326","427","548","672","C1849923"
"29863","9210","2","5","7","53","51","342","454","573","492","C1849923"
"29864","2313","2","3","12","19","31","276","91","433","118","C1849923"
"29865","3897","2","5","7","53","51","335","444","560","373","C1849923"
"29866","8912","2","5","8","63","36","166","306","390","158","C1849923"
"29867","1314","2","3","7","76","153","40","38","54","203","C1849923"
"29868","2904","2","5","7","53","14","20","25","223","219","C1849923"
"29869","9414","2","5","7","42","36","71","177","223","219","C1849923"
"29870","4538","2","3","2","48","170","50","119","444","556","C1849923"
"29871","6866","2","5","4","68","96","326","427","548","672","C1849923"
"29872","8575","2","3","2","22","33","323","66","101","194","C1849923"
"29873","2248","2","5","7","53","14","20","25","40","186","C1849930"
"29874","4900","2","5","7","27","36","150","341","223","628","C1849930"
"29875","1075","2","5","7","34","52","216","395","549","674","C1849937"
"29876","361","2","3","5","80","81","166","397","374","486","C1849937"
"29877","9126","2","3","12","76","153","40","38","54","75","C1849937"
"29878","3117","2","5","7","53","153","119","156","287","116","C1849937"
"29879","4878","2","3","12","19","31","1","426","55","78","C1849937"
"29880","5155","2","5","7","53","51","342","454","573","186","C1849937"
"29881","4688","2","5","7","60","14","20","25","40","215","C1849937"
"29882","10269","2","3","2","48","182","50","119","444","556","C1849937"
"29883","4668","2","3","5","21","111","188","242","313","396","C1849937"
"29884","51151","2","3","5","23","18","138","250","332","407","C1849937"
"29885","8805","2","3","3","19","151","276","91","433","118","C1849937"
"29886","1280","2","5","7","53","51","342","454","573","492","C1849937"
"29887","6774","2","3","12","53","14","276","25","489","416","C1849937"
"29888","1030","2","3","12","19","31","1","426","55","78","C1849937"
"29889","1269","2","5","4","68","96","326","427","548","672","C1849937"
"29890","2332","2","3","2","22","33","71","373","466","609","C1849937"
"29891","125","2","3","2","75","120","200","263","251","425","C1849937"
"29892","3931","2","3","5","116","183","295","454","243","327","C1849937"
"29893","2717","2","3","7","34","52","216","395","549","674","C1849937"
"29894","7461","2","3","7","60","153","40","38","93","75","C1849937"
"29895","168507","2","5","7","53","51","335","444","560","373","C1849937"
"29896","54756","2","5","7","41","219","238","118","543","214","C1849937"
"29897","54880","2","3","12","19","31","1","426","55","78","C1849950"
"29898","54","2","3","5","80","81","178","195","256","342","C1849950"
"29899","8302","2","5","7","53","51","119","395","549","674","C1849950"
"29900","1244","2","3","12","41","116","268","423","536","445","C1849953"
"29901","4893","2","5","7","34","52","24","30","46","72","C1849953"
"29902","25836","2","3","12","76","153","40","38","54","75","C1849955"
"29903","1528","2","3","5","91","214","271","372","471","586","C1849955"
"29904","1186","2","5","8","63","45","23","34","464","187","C1849955"
"29905","1186","2","5","8","63","45","23","34","464","187","C1849955"
"29906","2261","2","5","7","53","14","20","25","40","186","C1849955"
"29907","2261","2","5","7","53","14","20","25","40","186","C1849955"
"29908","9152","2","5","8","45","94","199","240","415","666","C1849993"
"29909","1728","2","3","2","41","116","268","434","568","605","C1849993"
"29910","1576","2","3","5","91","214","226","326","413","574","C1850013"
"29911","8803","2","3","8","67","92","293","55","75","311","C1850013"
"29912","2353","2","3","12","19","31","1","91","489","416","C1850041"
"29913","5727","2","3","12","68","221","197","259","560","422","C1850041"
"29914","5896","2","3","12","41","116","268","434","568","605","C1850055"
"29915","6949","2","3","2","110","85","237","164","390","311","C1850055"
"29916","4929","2","3","3","19","151","276","91","433","118","C1850069"
"29917","1285","2","5","7","53","51","342","454","573","492","C1850069"
"29918","6121","2","3","2","69","83","101","126","170","224","C1850072"
"29919","10020","2","3","2","89","124","204","42","452","258","C1850072"
"29920","546","2","3","12","19","31","261","426","1","86","C1850072"
"29921","3708","2","5","8","63","45","23","306","390","158","C1850072"
"29922","5116","2","3","12","76","153","40","38","54","75","C1850072"
"29923","9968","2","4","3","24","119","330","214","454","144","C1850072"
"29924","9935","2","3","12","19","31","1","426","55","78","C1850072"
"29925","9573","2","5","7","53","51","342","259","423","389","C1850072"
"29926","4338","2","3","2","110","85","75","204","267","352","C1850072"
"29927","8517","2","3","12","41","219","339","156","568","697","C1850072"
"29928","1293","2","5","7","53","51","342","454","573","492","C1850072"
"29929","9640","2","3","12","19","31","261","116","159","211","C1850072"
"29930","801","2","5","8","63","45","23","103","464","187","C1850072"
"29931","23534","2","3","2","22","33","323","66","101","136","C1850072"
"29932","6424","2","5","7","53","51","342","454","573","492","C1850072"
"29933","2033","2","3","12","19","31","1","91","433","118","C1850072"
"29934","9215","2","5","2","27","36","150","430","215","628","C1850072"
"29935","84197","2","5","2","53","14","20","25","215","186","C1850072"
"29936","2138","2","3","12","19","31","1","426","55","78","C1850072"
"29937","51715","2","5","7","60","54","24","30","46","72","C1850087"
"29938","715","2","5","7","53","51","119","395","549","674","C1850087"
"29939","9990","2","5","8","45","94","199","240","415","666","C1850087"
"29940","57670","2","5","7","42","81","184","118","543","214","C1850087"
"29941","2138","2","3","12","19","31","1","426","55","78","C1850096"
"29942","3949","2","5","7","60","14","184","341","544","669","C1850096"
"29943","8243","2","3","12","76","31","40","38","54","75","C1850100"
"29944","100","2","3","5","33","21","47","56","80","199","C1850100"
"29945","1499","2","3","12","19","221","197","259","560","422","C1850109"
"29946","5830","2","3","5","43","161","305","409","208","482","C1850109"
"29947","673","2","5","7","53","14","20","34","540","68","C1850127"
"29948","627","2","5","7","53","51","335","444","423","373","C1850127"
"29949","29954","2","5","2","27","206","324","430","215","290","C1850135"
"29950","5290","2","3","7","53","14","20","25","40","186","C1850135"
"29951","2175","2","3","12","19","31","261","116","1","86","C1850135"
"29952","55670","2","3","5","43","161","305","409","208","482","C1850135"
"29953","3547","2","5","7","53","51","119","395","549","674","C1850135"
"29954","5664","2","5","7","53","219","143","428","236","667","C1850135"
"29955","9775","2","3","2","22","33","323","66","101","136","C1850135"
"29956","5296","2","5","7","53","14","20","25","40","186","C1850135"
"29957","25974","2","3","7","48","51","105","139","186","245","C1850135"
"29958","2177","2","3","2","110","90","261","431","545","443","C1850135"
"29959","4534","2","3","5","80","81","296","399","362","468","C1850135"
"29960","8085","2","3","12","19","31","1","426","55","78","C1850135"
"29961","4330","2","3","12","19","31","101","91","433","118","C1850135"
"29962","4000","2","3","12","26","105","178","226","297","156","C1850135"
"29963","150684","2","3","12","41","116","268","434","468","213","C1850135"
"29964","8822","2","5","7","53","14","20","25","40","186","C1850135"
"29965","23129","2","5","7","53","51","342","79","560","373","C1850135"
"29966","5573","2","3","12","19","184","118","155","287","116","C1850135"
"29967","2767","2","5","4","68","96","326","427","548","672","C1850135"
"29968","4998","2","3","12","76","31","261","116","1","86","C1850155"
"29969","5652","2","1","6","11","142","225","142","220","298","C1850155"
"29970","23414","2","3","12","19","31","118","155","287","116","C1850160"
"29971","9569","2","3","12","19","31","276","91","433","118","C1850160"
"29972","4990","2","3","3","19","221","321","428","541","667","C1850161"
"29973","1387","2","3","12","19","31","276","91","433","118","C1850161"
"29974","10734","2","3","12","19","31","1","426","55","78","C1850161"
"29975","2261","2","5","7","53","14","20","25","40","186","C1850161"
"29976","673","2","5","7","53","14","20","34","540","68","C1850161"
"29977","10749","2","3","7","76","153","40","38","54","75","C1850168"
"29978","3508","2","3","12","19","31","261","116","1","86","C1850171"
"29979","5313","2","3","2","90","167","321","428","541","115","C1850171"
"29980","9394","2","3","2","74","58","112","148","193","263","C1850171"
"29981","2030","2","3","5","80","81","296","62","94","150","C1850171"
"29982","5130","2","3","2","85","143","286","51","488","102","C1850171"
"29983","1958","2","3","12","19","31","276","91","433","116","C1850171"
"29984","2539","2","3","2","48","57","110","141","359","383","C1850171"
"29985","859","2","5","8","63","45","23","103","464","187","C1850171"
"29986","23639","2","3","12","41","219","261","136","271","356","C1850171"
"29987","3592","2","5","7","53","51","119","25","489","416","C1850178"
"29988","5457","2","3","3","19","221","321","428","541","667","C1850178"
"29989","2702","2","3","12","76","153","40","38","54","75","C1850178"
"29990","1832","2","5","7","34","52","225","142","220","298","C1850191"
"29991","526","2","3","5","29","88","132","172","199","308","C1850191"
"29992","2771","2","5","4","68","96","326","427","548","672","C1850191"
"29993","4867","2","5","7","76","153","40","38","54","75","C1850191"
"29994","875","2","3","5","80","137","44","21","451","316","C1850196"
"29995","4306","2","3","3","19","151","276","91","433","118","C1850196"
"29996","79890","2","5","7","60","54","24","30","46","72","C1850196"
"29997","8546","2","5","7","60","18","184","341","544","669","C1850256"
"29998","3098","2","3","2","90","167","266","367","500","577","C1850256"
"29999","6772","2","3","12","53","184","119","156","287","116","C1850256"
"30000","4998","2","3","12","76","31","261","116","1","86","C1850256"
"30001","1834","2","5","7","53","51","342","454","573","492","C1850256"
"30002","4668","2","3","5","21","111","188","242","313","396","C1850256"
"30003","6262","2","5","8","63","45","23","34","464","187","C1850256"
"30004","4620","2","5","8","63","45","23","103","464","187","C1850259"
"30005","8289","2","3","12","19","31","1","426","55","78","C1850259"
"30006","6845","2","5","7","60","14","184","341","544","669","C1850259"
"30007","2177","2","3","2","110","90","261","431","545","443","C1850259"
"30008","7019","2","3","3","19","151","276","91","433","118","C1850259"
"30009","23414","2","3","12","19","31","118","155","287","116","C1850259"
"30010","3763","2","5","8","63","36","166","106","110","158","C1850259"
"30011","4221","2","3","12","19","31","342","454","573","492","C1850259"
"30012","6674","2","3","12","48","57","50","38","54","462","C1850259"
"30013","5894","2","5","7","60","54","23","34","464","187","C1850293"
"30014","4763","2","5","7","60","54","24","30","46","214","C1850293"
"30015","8647","2","3","5","46","158","252","352","449","563","C1850293"
"30016","258","2","5","7","53","51","342","454","573","492","C1850293"
"30017","5734","2","5","4","68","96","326","427","548","672","C1850293"
"30018","2736","2","3","12","41","116","321","428","54","667","C1850309"
"30019","5979","2","5","7","53","14","20","25","40","186","C1850309"
"30020","2138","2","3","12","19","31","1","426","55","78","C1850309"
"30021","2731","2","3","2","106","104","214","234","67","53","C1850309"
"30022","4000","2","3","12","26","105","178","226","297","156","C1850309"
"30023","1832","2","5","7","34","52","225","142","220","298","C1850309"
"30024","5788","2","5","7","34","52","216","395","549","674","C1850309"
"30025","776","2","5","8","63","36","166","341","390","158","C1850309"
"30026","5727","2","3","12","68","221","197","259","560","422","C1850309"
"30027","6448","2","3","5","74","160","294","376","453","567","C1850309"
"30028","7050","2","3","12","19","31","321","428","541","667","C1850309"
"30029","641","2","3","12","19","31","261","116","1","86","C1850309"
"30030","3458","2","5","7","53","184","119","156","287","116","C1850309"
"30031","6663","2","3","3","19","221","321","428","541","667","C1850309"
"30032","3553","2","5","7","53","51","119","25","489","416","C1850309"
"30033","1277","2","5","7","53","51","342","454","573","492","C1850309"
"30034","2733","2","3","2","22","33","323","66","101","664","C1850309"
"30035","4703","2","5","7","60","45","23","103","464","187","C1850309"
"30036","1406","2","3","3","19","221","321","428","541","667","C1850309"
"30037","2255","2","5","7","53","14","20","25","40","186","C1850309"
"30038","8573","2","5","7","53","36","71","341","223","219","C1850325"
"30039","1161","2","3","12","41","116","268","434","468","213","C1850325"
"30040","25782","2","5","7","60","54","24","30","46","72","C1850325"
"30041","5080","2","3","3","19","221","321","428","541","667","C1850327"
"30042","8216","2","3","12","41","119","330","214","454","144","C1850327"
"30043","3239","2","3","3","19","221","321","428","541","667","C1850327"
"30044","1586","2","3","5","79","98","256","335","425","540","C1850327"
"30045","3991","2","3","5","80","81","166","57","83","658","C1850336"
"30046","5020","2","5","4","68","96","326","427","548","672","C1850336"
"30047","5295","2","5","7","53","14","20","25","40","186","C1850343"
"30048","6870","2","5","4","68","96","326","427","548","672","C1850343"
"30049","9421","2","3","12","19","31","276","91","433","118","C1850343"
"30050","6609","2","3","5","105","155","250","291","152","420","C1850343"
"30051","5551","2","5","7","53","51","119","395","549","674","C1850383"
"30052","5144","2","3","4","68","96","326","427","548","672","C1850383"
"30053","5184","2","3","5","80","81","166","52","105","349","C1850415"
"30054","4038","2","5","7","53","51","342","454","573","492","C1850415"
"30055","4337","2","3","2","80","91","75","204","267","352","C1850415"
"30056","167691","2","3","12","76","153","40","38","54","75","C1850415"
"30057","58","2","5","8","63","45","23","103","464","187","C1850415"
"30058","1760","2","5","8","63","14","20","34","540","68","C1850415"
"30059","7461","2","3","7","60","153","40","38","93","75","C1850438"
"30060","4318","2","5","7","34","52","216","395","573","492","C1850438"
"30061","7124","2","3","12","41","219","339","156","568","697","C1850447"
"30062","3930","2","3","2","22","33","323","66","3","464","C1850447"
"30063","9719","2","5","7","53","51","342","454","573","492","C1850456"
"30064","5159","2","5","7","53","14","20","25","40","186","C1850456"
"30065","6049","2","3","12","41","116","268","434","468","213","C1850456"
"30066","1961","2","3","12","19","31","1","426","55","340","C1850456"
"30067","3868","2","1","6","11","142","225","142","220","298","C1850456"
"30068","5972","2","5","5","34","52","216","397","418","568","C1850456"
"30069","6335","2","5","8","63","36","166","341","390","158","C1850456"
"30070","6913","2","3","3","19","221","321","428","541","667","C1850456"
"30071","1947","2","5","7","53","51","20","25","560","373","C1850456"
"30072","8289","2","3","12","19","31","1","426","55","78","C1850456"
"30073","538","2","3","8","63","45","23","103","464","187","C1850456"
"30074","2071","2","3","12","19","31","261","116","159","211","C1850456"
"30075","3909","2","5","7","53","51","342","454","573","492","C1850456"
"30076","6201","2","3","2","110","85","237","433","547","671","C1850456"
"30077","5155","2","5","7","53","51","342","454","573","186","C1850456"
"30078","6430","2","3","2","22","33","323","66","101","136","C1850456"
"30079","6620","2","5","7","27","36","150","341","223","628","C1850456"
"30080","4204","2","3","12","19","31","1","426","55","78","C1850456"
"30081","27022","2","3","3","19","221","321","428","541","667","C1850456"
"30082","10265","2","3","3","19","221","321","428","541","667","C1850456"
"30083","2693","2","5","4","68","96","326","427","548","672","C1850456"
"30084","2243","2","5","7","53","51","342","454","573","492","C1850456"
"30085","3106","2","5","7","34","52","119","395","549","674","C1850456"
"30086","6687","2","3","2","48","170","50","119","444","593","C1850456"
"30087","5589","2","5","7","53","51","342","454","573","492","C1850456"
"30088","2710","2","3","2","72","43","179","88","125","382","C1850456"
"30089","6342","2","3","5","80","161","305","409","208","482","C1850456"
"30090","1028","2","3","12","19","31","1","116","1","86","C1850456"
"30091","9129","2","3","2","22","33","323","66","101","136","C1850456"
"30092","617","2","3","2","48","170","50","304","167","593","C1850456"
"30093","567","2","5","7","34","52","119","395","549","674","C1850456"
"30094","1717","2","3","2","19","151","276","48","69","204","C1850456"
"30095","11285","2","3","2","74","205","191","396","408","620","C1850496"
"30096","3239","2","3","3","19","221","321","428","541","667","C1850496"
"30097","11005","2","1","6","11","142","225","142","220","298","C1850496"
"30098","3299","2","3","12","42","81","296","399","201","274","C1850496"
"30099","4548","2","3","2","15","85","105","139","186","245","C1850496"
"30100","760","2","3","5","35","41","77","40","78","178","C1850496"
"30101","50485","2","3","12","19","31","261","116","1","86","C1850496"
"30102","9469","2","3","2","103","189","303","29","475","467","C1850496"
"30103","8216","2","3","12","41","119","330","214","454","144","C1850496"
"30104","2263","2","5","7","53","14","20","25","40","186","C1850496"
"30105","56033","2","3","3","19","221","321","428","541","667","C1850496"
"30106","1026","2","3","12","19","31","1","116","489","416","C1850496"
"30107","5573","2","3","12","19","184","118","155","287","116","C1850496"
"30108","2055","2","3","2","27","36","150","402","223","628","C1850496"
"30109","2332","2","3","2","22","33","71","373","466","609","C1850496"
"30110","51447","2","3","12","53","184","119","156","287","116","C1850496"
"30111","4638","2","5","7","53","45","23","103","464","187","C1850496"
"30112","5604","2","5","7","53","14","20","34","540","68","C1850496"
"30113","5696","2","3","12","41","116","268","156","568","116","C1850496"
"30114","3339","2","5","7","53","51","342","454","573","492","C1850496"
"30115","4038","2","5","7","53","51","342","454","573","492","C1850496"
"30116","4626","2","5","8","63","45","23","103","464","187","C1850496"
"30117","4041","2","5","3","68","221","197","259","560","422","C1850496"
"30118","79661","2","3","12","19","31","261","116","1","86","C1850496"
"30119","4724","2","3","2","48","170","50","119","444","556","C1850496"
"30120","554","2","5","4","68","96","326","427","548","672","C1850534"
"30121","3636","2","3","5","80","14","20","25","40","186","C1850534"
"30122","7390","2","3","5","80","81","166","132","175","473","C1850535"
"30123","6390","2","3","2","48","170","50","119","444","556","C1850535"
"30124","411","2","3","7","34","52","216","395","549","674","C1850535"
"30125","3145","2","3","5","80","81","166","132","175","473","C1850535"
"30126","7422","2","5","7","53","51","342","454","573","702","C1850535"
"30127","4728","2","3","2","48","170","50","119","444","556","C1850544"
"30128","1188","2","5","8","63","45","23","34","464","187","C1850544"
"30129","3663","2","3","12","53","184","119","156","287","116","C1850544"
"30130","9451","2","3","2","110","51","335","226","297","380","C1850558"
"30131","488","2","5","8","63","45","23","103","464","187","C1850558"
"30132","23435","2","3","2","22","33","323","66","101","136","C1850558"
"30133","23363","2","3","12","41","116","268","434","468","213","C1850573"
"30134","5130","2","3","2","85","143","286","51","488","102","C1850573"
"30135","55005","2","3","2","68","96","326","427","429","544","C1850573"
"30136","10312","2","3","7","34","52","216","395","549","674","C1850573"
"30137","1272","2","5","7","53","51","335","444","236","373","C1850573"
"30138","846","2","5","4","68","96","326","427","548","672","C1850573"
"30139","10555","2","3","7","34","52","216","395","549","622","C1850573"
"30140","7879","2","5","7","34","54","24","30","46","72","C1850573"
"30141","38","2","3","2","67","92","293","55","75","311","C1850573"
"30142","1380","2","5","7","53","51","119","395","549","674","C1850573"
"30143","5449","2","3","3","19","221","321","428","541","667","C1850573"
"30144","3981","2","3","12","19","31","261","116","1","86","C1850573"
"30145","1585","2","3","5","79","159","256","351","100","589","C1850573"
"30146","9049","2","3","3","41","151","276","378","271","356","C1850573"
"30147","6519","2","3","5","45","94","199","240","415","666","C1850601"
"30148","3952","2","5","3","53","151","276","91","433","118","C1850601"
"30149","6843","2","5","7","60","36","71","341","223","203","C1850601"
"30150","7403","2","3","12","19","31","1","426","55","78","C1850601"
"30151","3981","2","3","12","19","31","261","116","1","86","C1850601"
"30152","3764","2","5","8","63","36","166","106","110","158","C1850601"
"30153","6786","2","5","8","63","45","23","103","464","187","C1850601"
"30154","9871","2","3","7","60","153","40","38","54","203","C1850630"
"30155","1956","2","5","7","53","14","184","45","544","669","C1850630"
"30156","1075","2","5","7","34","52","216","395","549","674","C1850658"
"30157","8878","2","3","12","41","219","339","156","568","697","C1850658"
"30158","4842","2","3","5","63","45","71","177","464","219","C1850663"
"30159","8291","2","5","8","63","45","23","103","464","187","C1850663"
"30160","658","2","5","7","53","51","342","259","423","389","C1850674"
"30161","1991","2","5","7","34","52","216","395","549","674","C1850674"
"30162","673","2","5","7","53","14","20","34","540","68","C1850709"
"30163","1717","2","3","2","19","151","276","48","69","204","C1850776"
"30164","8626","2","3","3","19","221","321","428","541","667","C1850776"
"30165","90","2","5","7","53","51","342","259","423","389","C1850776"
"30166","5160","2","3","2","67","92","293","55","75","311","C1850776"
"30167","30008","2","5","7","53","51","342","454","573","492","C1850776"
"30168","3949","2","5","7","60","14","184","341","544","669","C1850776"
"30169","2138","2","3","12","19","31","1","426","55","78","C1850776"
"30170","841","2","3","12","41","219","339","156","568","697","C1850776"
"30171","5468","2","3","3","19","151","276","91","433","118","C1850776"
"30172","6330","2","5","8","63","36","166","341","223","158","C1850776"
"30173","10734","2","3","12","19","31","1","426","55","78","C1850776"
"30174","4000","2","3","12","26","105","178","226","297","156","C1850776"
"30175","3239","2","3","3","19","221","321","428","541","667","C1850776"
"30176","7849","2","3","3","19","221","321","428","541","667","C1850776"
"30177","51259","2","3","2","76","153","40","38","54","75","C1850776"
"30178","1967","2","3","2","110","85","237","433","547","671","C1850776"
"30179","4842","2","3","5","63","45","71","177","464","219","C1850776"
"30180","875","2","3","5","80","137","44","21","451","316","C1850776"
"30181","2260","2","5","7","53","14","20","25","40","186","C1850776"
"30182","1906","2","5","4","68","96","326","427","548","672","C1850776"
"30183","2146","2","3","12","19","31","1","426","55","78","C1850776"
"30184","5781","2","5","7","53","14","20","25","40","186","C1850776"
"30185","7048","2","5","7","53","51","342","259","423","389","C1850776"
"30186","3273","2","5","7","53","51","342","454","573","702","C1850776"
"30187","8898","2","3","5","80","81","296","399","362","468","C1850776"
"30188","2492","2","5","4","68","96","326","427","548","672","C1850776"
"30189","6324","2","5","7","63","36","166","341","223","158","C1850776"
"30190","2673","2","3","2","110","94","178","226","297","380","C1850792"
"30191","6262","2","5","8","63","45","23","34","464","187","C1850792"
"30192","1282","2","5","7","53","51","342","454","573","492","C1850794"
"30193","9570","2","3","7","60","153","40","38","66","203","C1850794"
"30194","6295","2","3","4","68","45","272","427","518","621","C1850794"
"30195","5192","2","3","5","43","161","305","409","208","482","C1850794"
"30196","412","2","3","5","105","155","250","291","152","420","C1850794"
"30197","2108","2","3","2","48","170","50","119","444","556","C1850794"
"30198","8085","2","3","12","19","31","1","426","55","78","C1850794"
"30199","5428","2","3","2","48","170","50","119","167","593","C1850794"
"30200","10002","2","3","3","19","151","276","91","433","118","C1850794"
"30201","83990","2","3","12","19","31","261","116","1","86","C1850794"
"30202","7249","2","3","7","60","57","110","141","359","462","C1850794"
"30203","4000","2","3","12","26","105","178","226","297","156","C1850794"
"30204","6204","2","3","2","110","85","237","433","547","671","C1850830"
"30205","5244","2","3","3","41","151","276","91","433","118","C1850830"
"30206","37","2","3","2","110","105","178","226","297","380","C1850830"
"30207","2120","2","3","12","19","31","193","306","148","624","C1850830"
"30208","3569","2","5","7","53","51","342","454","573","416","C1850830"
"30209","22909","2","3","12","19","31","261","116","1","86","C1850830"
"30210","8504","2","3","5","47","144","185","238","310","392","C1850830"
"30211","6654","2","5","7","60","54","24","30","46","72","C1850830"
"30212","5530","2","3","4","63","45","23","402","518","621","C1850848"
"30213","1896","2","5","12","41","219","339","156","568","697","C1850848"
"30214","6736","2","3","12","19","31","276","91","433","667","C1850848"
"30215","6938","2","3","12","19","31","1","426","55","78","C1850848"
"30216","23230","2","5","7","11","142","71","341","560","219","C1850848"
"30217","163786","2","3","12","76","153","40","38","54","75","C1850848"
"30218","2690","2","5","7","53","14","20","25","40","186","C1850853"
"30219","2737","2","3","12","19","116","321","428","54","667","C1850853"
"30220","54888","2","3","2","110","85","152","129","252","154","C1850853"
"30221","3418","2","3","2","67","151","276","33","48","155","C1850854"
"30222","51185","2","3","2","22","33","323","66","101","136","C1850854"
"30223","5034","2","5","7","53","51","342","454","573","492","C1850854"
"30224","4842","2","3","5","63","45","71","177","464","219","C1850855"
"30225","673","2","5","7","53","14","20","34","540","68","C1850855"
"30226","5144","2","3","4","68","96","326","427","548","672","C1850855"
"30227","4000","2","3","12","26","105","178","226","297","156","C1850900"
"30228","23064","2","3","6","11","31","261","142","220","664","C1850900"
"30229","790","2","3","12","41","219","339","347","206","627","C1850900"
"30230","100","2","3","5","33","21","47","56","80","199","C1850900"
"30231","355","2","3","7","41","219","339","156","568","697","C1851059"
"30232","8988","2","3","8","63","45","160","103","464","187","C1851059"
"30233","8139","2","3","12","41","116","268","434","468","213","C1851059"
"30234","26040","2","3","12","19","31","1","116","297","78","C1851059"
"30235","1294","2","5","7","53","51","342","454","573","492","C1851100"
"30236","595","2","3","12","19","31","1","426","489","416","C1851100"
"30237","4893","2","5","7","34","52","24","30","46","72","C1851102"
"30238","2542","2","3","5","80","81","296","399","500","577","C1851102"
"30239","4125","2","3","7","34","52","216","395","549","674","C1851102"
"30240","55636","2","3","3","19","221","321","428","423","389","C1851102"
"30241","3265","2","5","7","60","54","24","30","46","72","C1851107"
"30242","1584","2","3","5","79","159","256","276","353","456","C1851107"
"30243","6329","2","5","8","63","36","166","341","390","158","C1851108"
"30244","5979","2","5","7","53","14","20","25","40","186","C1851108"
"30245","5450","2","3","12","19","221","261","116","159","211","C1851119"
"30246","54982","2","3","2","48","170","50","399","167","593","C1851119"
"30247","3655","2","5","7","53","51","342","454","573","492","C1851119"
"30248","7015","2","3","12","19","31","1","426","55","78","C1851120"
"30249","10019","2","5","7","53","14","20","25","40","116","C1851303"
"30250","185","2","5","4","68","96","326","427","548","672","C1851303"
"30251","2623","2","3","12","19","31","1","155","287","116","C1851313"
"30252","6559","2","5","8","45","94","199","240","415","666","C1851313"
"30253","554","2","5","4","68","96","326","427","548","672","C1851313"
"30254","217","2","3","5","75","120","200","75","230","309","C1851400"
"30255","5230","2","3","12","72","167","266","367","500","577","C1851400"
"30256","5122","2","5","4","27","36","184","141","359","411","C1851402"
"30257","3728","2","5","7","34","52","225","142","220","298","C1851402"
"30258","55315","2","3","5","80","81","296","62","94","150","C1851402"
"30259","176","2","5","7","53","51","342","454","573","492","C1851402"
"30260","3265","2","5","7","60","54","24","30","46","72","C1851402"
"30261","720","2","5","7","53","51","342","454","573","492","C1851406"
"30262","79991","2","3","12","24","119","261","116","1","144","C1851406"
"30263","1401","2","5","7","53","51","119","395","573","492","C1851414"
"30264","9150","2","3","12","19","31","261","116","159","211","C1851414"
"30265","1106","2","3","12","19","31","1","426","55","78","C1851415"
"30266","3308","2","3","12","41","219","339","347","271","356","C1851415"
"30267","5122","2","5","4","27","36","184","141","359","411","C1851418"
"30268","23411","2","3","12","19","31","1","91","433","118","C1851418"
"30269","767","2","3","5","35","41","87","93","149","196","C1851419"
"30270","4867","2","5","7","76","153","40","38","54","75","C1851419"
"30271","8260","2","3","12","41","85","266","76","287","78","C1851542"
"30272","2304","2","3","12","19","221","321","428","541","667","C1851542"
"30273","4538","2","3","2","48","170","50","119","444","556","C1851542"
"30274","9076","2","5","6","42","36","71","177","64","219","C1851542"
"30275","10058","2","3","5","44","50","209","68","11","141","C1851585"
"30276","7439","2","5","8","63","45","23","34","464","187","C1851585"
"30277","5354","2","5","7","27","36","150","341","223","628","C1851705"
"30278","51085","2","3","2","48","57","110","141","359","462","C1851705"
"30279","3689","2","5","7","34","52","216","395","549","674","C1851705"
"30280","10262","2","3","2","22","33","323","66","101","136","C1851712"
"30281","5251","2","3","5","80","81","296","474","593","722","C1851712"
"30282","3854","2","1","6","11","142","225","142","220","298","C1851712"
"30283","1292","2","5","7","53","51","342","454","573","492","C1851712"
"30284","9101","2","3","12","41","219","339","156","568","605","C1851714"
"30285","55135","2","3","12","76","137","76","136","472","435","C1851714"
"30286","5075","2","3","3","19","221","321","428","541","667","C1851714"
"30287","6392","2","3","2","48","170","50","119","444","556","C1851714"
"30288","411","2","3","7","34","52","216","395","549","674","C1851714"
"30289","7051","2","1","6","11","142","225","142","220","298","C1851720"
"30290","10225","2","5","7","53","51","119","395","549","674","C1851720"
"30291","1294","2","5","7","53","51","342","454","573","492","C1851720"
"30292","1387","2","3","12","19","31","276","91","433","118","C1851722"
"30293","3717","2","5","7","53","14","20","25","40","186","C1851722"
"30294","3501","2","5","7","53","51","119","395","549","674","C1851722"
"30295","2175","2","3","12","19","31","261","116","1","86","C1851731"
"30296","3359","2","5","8","27","70","99","162","216","290","C1851731"
"30297","11160","2","3","12","41","116","268","423","536","445","C1851731"
"30298","54567","2","5","7","53","51","143","428","236","667","C1851731"
"30299","3798","2","3","7","76","153","40","38","54","75","C1851731"
"30300","5744","2","5","4","68","96","326","427","548","672","C1851731"
"30301","2916","2","5","4","68","96","326","427","548","672","C1851731"
"30302","701","2","3","12","76","153","40","38","54","75","C1851731"
"30303","5376","2","5","7","53","51","342","454","573","492","C1851731"
"30304","54344","2","3","2","61","77","142","176","280","363","C1851731"
"30305","5657","2","5","7","34","52","216","395","549","674","C1851731"
"30306","5158","2","3","4","68","45","272","259","518","621","C1851731"
"30307","6909","2","5","7","53","51","335","444","560","373","C1851731"
"30308","54928","2","3","2","37","105","92","113","154","201","C1851731"
"30309","2969","2","3","12","19","31","276","91","433","118","C1851731"
"30310","9496","2","5","6","11","142","225","142","220","673","C1851731"
"30311","1161","2","3","12","41","116","268","434","468","213","C1851733"
"30312","2950","2","5","7","34","52","216","395","549","674","C1851733"
"30313","23321","2","5","7","53","184","119","156","287","116","C1851733"
"30314","4000","2","3","12","26","105","178","226","297","156","C1851789"
"30315","462","2","5","7","53","51","342","454","573","492","C1851789"
"30316","673","2","5","7","53","14","20","34","540","68","C1851789"
"30317","54361","2","5","3","68","221","197","259","560","422","C1851789"
"30318","2294","2","3","3","19","221","321","428","541","667","C1851789"
"30319","6103","2","3","12","76","153","40","38","54","75","C1851789"
"30320","4843","2","3","5","43","161","305","409","489","416","C1851789"
"30321","3481","2","5","7","53","51","342","454","573","492","C1851789"
"30322","5961","2","5","7","27","51","326","126","414","702","C1851792"
"30323","3800","2","5","7","27","36","150","341","223","628","C1851792"
"30324","5373","2","3","2","90","167","123","158","207","278","C1851792"
"30325","4540","2","3","2","48","170","50","119","444","556","C1851792"
"30326","1027","2","3","12","19","31","1","116","1","86","C1851792"
"30327","4000","2","3","12","26","105","178","226","297","156","C1851792"
"30328","2617","2","3","2","110","85","237","433","252","154","C1851792"
"30329","9966","2","5","12","41","219","339","156","568","697","C1851792"
"30330","2100","2","3","3","19","151","276","91","433","118","C1851792"
"30331","5728","2","3","5","80","81","339","156","568","605","C1851792"
"30332","6772","2","3","12","53","184","119","156","287","116","C1851792"
"30333","6531","2","5","8","45","94","199","240","415","666","C1851797"
"30334","27235","2","3","2","48","170","50","304","167","593","C1851797"
"30335","6154","2","3","2","110","85","237","433","547","671","C1851828"
"30336","29123","2","3","12","19","151","276","91","433","118","C1851828"
"30337","7292","2","5","12","41","219","339","156","568","697","C1851828"
"30338","4538","2","3","2","48","170","50","119","444","556","C1851828"
"30339","139411","2","3","12","19","151","276","91","433","118","C1851833"
"30340","54903","2","3","12","76","153","40","38","54","75","C1851833"
"30341","6323","2","5","8","63","36","166","341","390","158","C1851833"
"30342","1543","2","3","5","91","151","276","91","433","118","C1851835"
"30343","3769","2","5","8","63","36","166","106","110","158","C1851835"
"30344","2146","2","3","12","19","31","1","426","55","78","C1851835"
"30345","6469","2","5","3","53","221","197","259","560","422","C1851868"
"30346","4514","2","3","2","48","57","110","141","359","5","C1851868"
"30347","8822","2","5","7","53","14","20","25","40","186","C1851868"
"30348","4784","2","3","2","22","33","261","116","159","211","C1851868"
"30349","4780","2","3","12","19","31","276","91","433","118","C1851868"
"30350","5605","2","5","7","53","14","20","34","540","68","C1851868"
"30351","2332","2","3","2","22","33","71","373","466","609","C1851868"
"30352","4535","2","3","2","48","170","50","119","444","556","C1851868"
"30353","2492","2","5","4","68","96","326","427","548","672","C1851868"
"30354","7167","2","3","2","90","167","266","367","500","577","C1851868"
"30355","6775","2","5","7","53","14","119","25","40","186","C1851868"
"30356","4038","2","5","7","53","51","342","454","573","492","C1851868"
"30357","3586","2","5","7","53","51","119","25","489","416","C1851868"
"30358","8878","2","3","12","41","219","339","156","568","697","C1851868"
"30359","23411","2","3","12","19","31","1","91","433","118","C1851868"
"30360","388585","2","3","12","19","31","143","428","236","667","C1851868"
"30361","8878","2","3","12","41","219","339","156","568","697","C1851868"
"30362","9380","2","3","2","67","128","208","289","366","472","C1851868"
"30363","2717","2","3","7","34","52","216","395","549","674","C1851868"
"30364","5076","2","3","3","19","221","321","428","541","667","C1851868"
"30365","6532","2","5","8","45","94","199","240","415","666","C1851868"
"30366","5290","2","3","7","53","14","20","25","40","186","C1851868"
"30367","7040","2","5","7","53","51","342","454","573","492","C1851868"
"30368","8031","2","3","12","19","151","276","91","433","118","C1851868"
"30369","6925","2","3","12","19","31","225","142","220","298","C1851868"
"30370","3115","2","5","7","53","184","119","156","287","116","C1851936"
"30371","5994","2","3","12","19","31","276","91","491","118","C1851936"
"30372","472","2","3","12","19","31","261","116","1","86","C1851959"
"30373","10243","2","3","2","27","91","71","204","267","352","C1851959"
"30374","4763","2","5","7","60","54","24","30","46","214","C1851959"
"30375","6442","2","5","8","63","45","23","103","464","187","C1851970"
"30376","1497","2","5","2","63","182","50","103","297","628","C1851970"
"30377","11284","2","3","12","19","31","261","116","1","86","C1851971"
"30378","3229","2","3","3","19","221","321","428","541","667","C1851971"
"30379","4508","2","3","2","48","170","50","119","444","556","C1851971"
"30380","9270","2","5","7","60","51","342","454","573","492","C1851971"
"30381","9274","2","3","12","19","31","1","426","55","78","C1851971"
"30382","4867","2","5","7","76","153","40","38","54","75","C1851971"
"30383","1497","2","5","2","63","182","50","103","297","628","C1851971"
"30384","10678","2","3","2","89","206","324","430","429","544","C1851971"
"30385","290","2","3","7","34","52","216","395","549","674","C1851971"
"30386","54332","2","3","2","60","170","40","98","66","203","C1851971"
"30387","5476","2","3","7","34","52","216","395","152","310","C1851971"
"30388","1387","2","3","12","19","31","276","91","433","118","C1851971"
"30389","5327","2","5","7","53","51","342","454","573","492","C1851971"
"30390","114","2","5","4","68","96","326","427","548","672","C1851971"
"30391","4694","2","3","2","48","170","50","119","444","556","C1851971"
"30392","3852","2","1","6","11","142","225","142","220","298","C1851971"
"30393","6866","2","5","4","68","96","326","427","548","672","C1851971"
"30394","3758","2","5","8","63","36","166","106","110","158","C1851971"
"30395","2048","2","5","7","53","14","20","25","560","373","C1851972"
"30396","9215","2","5","2","27","36","150","430","215","628","C1851972"
"30397","3600","2","5","7","53","51","119","25","40","186","C1851972"
"30398","26503","2","3","2","89","124","204","272","347","442","C1851972"
"30399","10370","2","3","12","19","31","276","91","433","118","C1851972"
"30400","4982","2","5","12","41","219","339","156","568","697","C1851996"
"30401","4540","2","3","2","48","170","50","119","444","556","C1851996"
"30402","50943","2","3","12","19","31","1","426","129","131","C1851996"
"30403","2261","2","5","7","53","14","20","25","40","186","C1852093"
"30404","10370","2","3","12","19","31","276","91","433","118","C1852093"
"30405","26191","2","5","7","53","14","20","25","40","186","C1852150"
"30406","4638","2","5","7","53","45","23","103","464","187","C1852150"
"30407","1280","2","5","7","53","51","342","454","573","492","C1852150"
"30408","81037","2","3","2","48","170","50","119","444","556","C1852150"
"30409","1776","2","5","7","105","219","261","402","129","215","C1852197"
"30410","5618","2","5","7","53","51","119","25","40","186","C1852197"
"30411","5077","2","3","3","19","221","321","428","541","667","C1852301"
"30412","9179","2","5","7","60","18","184","341","544","669","C1852301"
"30413","10269","2","3","2","48","182","50","119","444","556","C1852301"
"30414","23322","2","3","12","76","153","40","38","54","75","C1852301"
"30415","3655","2","5","7","53","51","342","454","573","492","C1852372"
"30416","2978","2","3","5","80","81","272","223","518","621","C1852372"
"30417","6900","2","5","7","53","51","342","454","223","373","C1852372"
"30418","55624","2","3","2","78","123","194","255","215","412","C1852438"
"30419","4023","2","3","5","24","51","342","91","20","27","C1852438"
"30420","291","2","3","2","48","170","50","304","167","593","C1852464"
"30421","9968","2","4","3","24","119","330","214","454","144","C1852464"
"30422","948","2","5","7","34","52","216","91","433","702","C1852464"
"30423","23767","2","5","7","53","14","20","25","40","186","C1852464"
"30424","2737","2","3","12","19","116","321","428","54","667","C1852464"
"30425","2348","2","3","7","60","153","40","38","54","203","C1852464"
"30426","3052","2","3","2","48","170","50","119","444","556","C1852504"
"30427","7415","2","3","7","34","52","216","395","536","445","C1852504"
"30428","5468","2","3","3","19","151","276","91","433","118","C1852504"
"30429","8625","2","3","12","19","31","276","91","236","118","C1852504"
"30430","51360","2","3","3","26","35","276","91","433","203","C1852504"
"30431","2629","2","3","5","80","81","250","291","152","420","C1852504"
"30432","673","2","5","7","53","14","20","34","540","68","C1852504"
"30433","51741","2","3","2","22","33","323","66","101","127","C1852504"
"30434","3691","2","5","7","53","51","342","454","573","492","C1852534"
"30435","6555","2","5","8","45","94","199","240","415","666","C1852534"
"30436","1289","2","5","7","53","51","342","454","573","492","C1852534"
"30437","5310","2","5","7","53","51","335","444","560","373","C1852534"
"30438","6698","2","1","6","11","142","225","142","220","298","C1852534"
"30439","259266","2","3","12","76","153","40","38","54","75","C1852534"
"30440","7518","2","3","12","19","31","261","116","1","86","C1852534"
"30441","4204","2","3","12","19","31","1","426","55","78","C1852767"
"30442","7850","2","3","12","41","219","119","156","568","697","C1852767"
"30443","26277","2","3","12","19","31","1","426","1","78","C1852767"
"30444","6448","2","3","5","74","160","294","376","453","567","C1852767"
"30445","8626","2","3","3","19","221","321","428","541","667","C1852767"
"30446","5155","2","5","7","53","51","342","454","573","186","C1853096"
"30447","9971","2","3","3","19","151","276","91","433","118","C1853118"
"30448","2056","2","5","7","53","51","119","25","40","186","C1853118"
"30449","51025","2","3","2","48","170","50","304","167","593","C1853118"
"30450","1280","2","5","7","53","51","342","454","573","492","C1853118"
"30451","1991","2","5","7","34","52","216","395","549","674","C1853118"
"30452","5788","2","5","7","34","52","216","395","549","674","C1853118"
"30453","8242","2","3","12","19","31","1","426","55","78","C1853141"
"30454","7124","2","3","12","41","219","339","156","568","697","C1853141"
"30455","1535","2","5","7","34","52","216","395","549","674","C1853141"
"30456","3081","2","3","2","91","51","3","267","308","429","C1853141"
"30457","1290","2","5","7","53","51","342","454","573","492","C1853141"
"30458","10019","2","5","7","53","14","20","25","40","116","C1853141"
"30459","6341","2","3","2","48","170","50","119","444","556","C1853141"
"30460","596","2","3","12","19","219","339","402","489","416","C1853141"
"30461","2259","2","5","8","63","36","166","341","223","158","C1853141"
"30462","10847","2","3","12","19","31","1","426","55","78","C1853141"
"30463","950","2","5","7","60","14","184","341","544","669","C1853141"
"30464","51004","2","3","5","48","74","135","171","227","63","C1853141"
"30465","7015","2","3","12","19","31","1","426","55","78","C1853141"
"30466","6514","2","5","7","90","216","337","448","565","562","C1853147"
"30467","5333","2","3","5","18","16","40","417","103","58","C1853147"
"30468","7290","2","3","12","19","31","1","426","55","78","C1853171"
"30469","4726","2","3","2","48","170","50","119","444","556","C1853171"
"30470","2056","2","5","7","53","51","119","25","40","186","C1853171"
"30471","2255","2","5","7","53","14","20","25","40","186","C1853171"
"30472","50964","2","5","3","68","221","197","259","423","422","C1853171"
"30473","3569","2","5","7","53","51","342","454","573","416","C1853193"
"30474","4638","2","5","7","53","45","23","103","464","187","C1853193"
"30475","10568","2","3","8","45","94","199","240","415","666","C1853193"
"30476","3482","2","5","7","34","52","216","395","544","669","C1853193"
"30477","657","2","5","7","53","221","342","259","423","389","C1853193"
"30478","3516","2","3","12","19","31","143","428","236","667","C1853193"
"30479","3569","2","5","7","53","51","342","454","573","416","C1853193"
"30480","6696","2","5","7","53","51","342","454","573","492","C1853193"
"30481","9569","2","3","12","19","31","276","91","433","118","C1853193"
"30482","2299","2","3","3","19","221","321","428","541","667","C1853193"
"30483","5192","2","3","5","43","161","305","409","208","482","C1853193"
"30484","1146","2","5","8","27","70","99","162","216","290","C1853193"
"30485","3930","2","3","2","22","33","323","66","3","464","C1853193"
"30486","9126","2","3","12","76","153","40","38","54","75","C1853193"
"30487","7157","2","3","12","19","31","261","402","489","551","C1853193"
"30488","5979","2","5","7","53","14","20","25","40","186","C1853193"
"30489","25942","2","3","12","19","31","1","426","55","78","C1853193"
"30490","23175","2","3","5","80","81","296","51","488","102","C1853193"
"30491","1161","2","3","12","41","116","268","434","468","213","C1853193"
"30492","9563","2","3","5","13","10","212","294","373","485","C1853193"
"30493","1290","2","5","7","53","51","342","454","573","492","C1853193"
"30494","3763","2","5","8","63","36","166","106","110","158","C1853223"
"30495","5573","2","3","12","19","184","118","155","287","116","C1853223"
"30496","29123","2","3","12","19","151","276","91","433","118","C1853230"
"30497","4867","2","5","7","76","153","40","38","54","75","C1853230"
"30498","6253","2","5","4","27","36","326","402","489","187","C1853230"
"30499","11277","2","3","12","19","31","261","116","1","86","C1853230"
"30500","5313","2","3","2","90","167","321","428","541","115","C1853230"
"30501","2290","2","3","3","19","221","321","428","541","667","C1853235"
"30502","9469","2","3","2","103","189","303","29","475","467","C1853235"
"30503","4763","2","5","7","60","54","24","30","46","214","C1853235"
"30504","10686","2","5","6","42","36","71","177","64","219","C1853235"
"30505","10002","2","3","3","19","151","276","91","433","118","C1853235"
"30506","5828","2","3","5","43","161","305","409","208","482","C1853235"
"30507","1528","2","3","5","91","214","271","372","471","586","C1853235"
"30508","6239","2","3","12","19","119","330","214","454","144","C1853235"
"30509","5626","2","3","3","19","221","321","428","541","667","C1853235"
"30510","6154","2","3","2","110","85","237","433","547","671","C1853235"
"30511","10020","2","3","2","89","124","204","42","452","258","C1853235"
"30512","2316","2","5","7","53","51","342","454","573","702","C1853235"
"30513","6223","2","3","2","110","85","237","433","547","671","C1853235"
"30514","10491","2","5","7","53","51","342","454","573","492","C1853235"
"30515","3872","2","1","6","11","142","225","142","220","298","C1853288"
"30516","4998","2","3","12","76","31","261","116","1","86","C1853288"
"30517","5830","2","3","5","43","161","305","409","208","482","C1853288"
"30518","3047","2","3","12","19","31","118","155","287","116","C1853288"
"30519","1294","2","5","7","53","51","342","454","573","492","C1853365"
"30520","3053","2","5","7","53","51","342","454","573","492","C1853377"
"30521","3458","2","5","7","53","184","119","156","287","116","C1853377"
"30522","2069","2","5","7","53","14","20","25","40","186","C1853383"
"30523","2113","2","3","12","19","31","276","91","433","118","C1853383"
"30524","3543","2","5","7","53","51","119","395","549","674","C1853383"
"30525","6440","2","5","5","68","96","185","238","310","272","C1853383"
"30526","8626","2","3","3","19","221","321","428","541","667","C1853383"
"30527","3106","2","5","7","34","52","119","395","549","674","C1853383"
"30528","10436","2","3","2","110","85","237","433","547","671","C1853383"
"30529","3835","2","3","12","76","153","40","38","54","75","C1853383"
"30530","22856","2","3","2","78","189","303","251","320","403","C1853383"
"30531","5195","2","3","5","43","161","305","409","208","482","C1853383"
"30532","5885","2","3","12","76","153","40","38","54","75","C1853383"
"30533","5020","2","5","4","68","96","326","427","548","672","C1853383"
"30534","4524","2","3","2","15","166","104","369","117","583","C1853383"
"30535","3236","2","3","3","19","221","321","428","541","667","C1853383"
"30536","84634","2","5","4","68","96","326","427","548","672","C1853383"
"30537","5828","2","3","5","43","161","305","409","208","482","C1853383"
"30538","4803","2","5","7","60","54","24","30","46","72","C1853383"
"30539","2314","2","3","12","63","45","184","103","572","658","C1853383"
"30540","4784","2","3","2","22","33","261","116","159","211","C1853383"
"30541","1080","2","3","12","41","219","339","156","544","669","C1853396"
"30542","5424","2","3","12","19","31","261","116","1","86","C1853396"
"30543","3845","2","5","7","60","54","24","30","46","72","C1853406"
"30544","9775","2","3","2","22","33","323","66","101","136","C1853406"
"30545","6591","2","3","12","19","31","1","426","55","78","C1853482"
"30546","116461","2","3","12","22","33","323","66","101","664","C1853482"
"30547","7476","2","5","3","68","221","197","259","560","422","C1853486"
"30548","2624","2","3","12","19","31","1","155","287","116","C1853486"
"30549","5805","2","3","2","43","91","75","204","267","352","C1853486"
"30550","8820","2","3","3","19","221","321","428","541","667","C1853486"
"30551","51741","2","3","2","22","33","323","66","101","127","C1853486"
"30552","9241","2","5","7","53","51","342","259","423","389","C1853486"
"30553","25974","2","3","7","48","51","105","139","186","245","C1853638"
"30554","114548","2","3","12","41","219","339","156","568","697","C1853638"
"30555","100","2","3","5","33","21","47","56","80","199","C1853638"
"30556","3872","2","1","6","11","142","225","142","220","298","C1853638"
"30557","8200","2","5","7","53","51","342","259","423","389","C1853702"
"30558","6868","2","5","7","53","51","342","454","236","492","C1853702"
"30559","6865","2","5","4","68","96","326","427","548","672","C1853729"
"30560","2778","2","5","4","68","96","326","427","548","672","C1853729"
"30561","5205","2","3","8","63","45","23","103","464","619","C1853729"
"30562","1535","2","5","7","34","52","216","395","549","674","C1853737"
"30563","2255","2","5","7","53","14","20","25","40","186","C1853737"
"30564","1001","2","5","7","53","51","335","444","560","373","C1853737"
"30565","429","2","3","3","19","221","321","428","541","667","C1853737"
"30566","55650","2","3","2","61","77","142","176","235","557","C1853737"
"30567","5159","2","5","7","53","14","20","25","40","186","C1853737"
"30568","1062","2","3","12","76","153","40","38","54","75","C1853737"
"30569","23493","2","3","12","19","221","143","428","236","667","C1853737"
"30570","4329","2","3","2","67","92","293","229","381","496","C1853737"
"30571","1848","2","3","5","42","81","296","399","201","274","C1853737"
"30572","51085","2","3","2","48","57","110","141","359","462","C1853737"
"30573","1371","2","3","5","17","24","261","116","164","6","C1853737"
"30574","6833","2","5","8","45","36","166","240","415","666","C1853737"
"30575","7403","2","3","12","19","31","1","426","55","78","C1853737"
"30576","3930","2","3","2","22","33","323","66","3","464","C1853737"
"30577","2623","2","3","12","19","31","1","155","287","116","C1853737"
"30578","10083","2","5","7","42","36","71","177","223","219","C1853737"
"30579","7439","2","5","8","63","45","23","34","464","187","C1853737"
"30580","1848","2","3","5","42","81","296","399","201","274","C1853737"
"30581","7098","2","5","7","41","219","339","156","568","697","C1853737"
"30582","6655","2","5","7","60","54","24","30","46","72","C1853737"
"30583","9378","2","5","7","27","36","71","341","223","219","C1853761"
"30584","26504","2","3","5","42","81","296","399","201","274","C1853761"
"30585","10484","2","3","7","60","153","40","38","54","203","C1853766"
"30586","51305","2","5","8","63","36","166","106","110","158","C1853766"
"30587","2317","2","5","7","63","45","23","103","287","664","C1853767"
"30588","3251","2","3","4","68","96","326","427","341","150","C1853767"
"30589","4088","2","3","12","19","219","339","259","423","605","C1853767"
"30590","9241","2","5","7","53","51","342","259","423","389","C1853767"
"30591","6452","2","5","7","53","14","20","25","40","186","C1853831"
"30592","3815","2","5","7","53","14","20","25","40","186","C1853926"
"30593","7015","2","3","12","19","31","1","426","55","78","C1853926"
"30594","4040","2","5","3","68","221","197","259","560","422","C1853932"
"30595","3239","2","3","3","19","221","321","428","541","667","C1853932"
"30596","1280","2","5","7","53","51","342","454","573","492","C1853932"
"30597","3156","2","3","2","19","151","276","91","433","118","C1853932"
"30598","54209","2","5","7","53","51","119","395","549","674","C1853932"
"30599","3032","2","3","2","48","57","38","347","12","145","C1853932"
"30600","3077","2","5","7","53","51","119","395","549","674","C1853932"
"30601","472","2","3","12","19","31","261","116","1","86","C1853932"
"30602","4625","2","3","8","63","45","23","103","464","187","C1853932"
"30603","4598","2","3","2","19","151","276","198","259","427","C1853932"
"30604","5654","2","5","7","53","51","342","454","573","492","C1853932"
"30605","7401","2","5","7","60","83","101","126","170","224","C1853932"
"30606","54345","2","5","3","19","221","321","428","541","667","C1853932"
"30607","1861","2","5","7","60","14","184","341","544","669","C1853932"
"30608","6657","2","3","12","19","221","321","428","541","667","C1853932"
"30609","5457","2","3","3","19","221","321","428","541","667","C1853950"
"30610","57096","2","3","12","76","153","40","38","54","75","C1853950"
"30611","1352","2","3","2","48","170","50","119","444","556","C1853952"
"30612","27077","2","3","12","76","153","40","38","54","75","C1853952"
"30613","4688","2","5","7","60","14","20","25","40","215","C1853952"
"30614","658","2","5","7","53","51","342","259","423","389","C1853995"
"30615","23594","2","3","12","76","153","261","116","1","86","C1854023"
"30616","7415","2","3","7","34","52","216","395","536","445","C1854111"
"30617","1545","2","3","5","91","175","271","372","443","558","C1854111"
"30618","3239","2","3","3","19","221","321","428","541","667","C1854111"
"30619","4141","2","3","2","110","85","237","433","547","154","C1854111"
"30620","2064","2","5","7","53","14","20","25","40","186","C1854273"
"30621","8799","2","3","5","43","161","305","409","208","482","C1854273"
"30622","4519","2","3","2","48","170","50","119","508","312","C1854310"
"30623","1280","2","5","7","53","51","342","454","573","492","C1854310"
"30624","7337","2","3","12","41","116","268","434","468","213","C1854310"
"30625","10262","2","3","2","22","33","323","66","101","136","C1854310"
"30626","9569","2","3","12","19","31","276","91","433","118","C1854310"
"30627","2911","2","5","4","68","96","326","427","548","672","C1854310"
"30628","4634","2","5","8","63","45","23","103","464","187","C1854310"
"30629","547","2","3","7","76","153","40","38","54","75","C1854337"
"30630","54820","2","3","12","76","153","40","38","54","75","C1854337"
"30631","9215","2","5","2","27","36","150","430","215","628","C1854337"
"30632","51741","2","3","2","22","33","323","66","101","127","C1854339"
"30633","3762","2","5","8","63","36","166","106","110","158","C1854339"
"30634","351","2","5","4","68","96","326","188","145","193","C1854339"
"30635","8924","2","3","12","41","116","268","434","468","213","C1854387"
"30636","3265","2","5","7","60","54","24","30","46","72","C1854387"
"30637","999","2","5","7","53","51","342","444","560","373","C1854387"
"30638","10587","2","3","2","95","2","60","378","37","55","C1854387"
"30639","4359","2","5","7","53","51","342","454","573","492","C1854387"
"30640","1893","2","5","7","53","51","342","454","573","702","C1854387"
"30641","27019","2","3","12","76","153","40","38","54","75","C1854387"
"30642","90","2","5","7","53","51","342","259","423","389","C1854387"
"30643","6310","2","3","12","22","142","225","366","362","468","C1854387"
"30644","5696","2","3","12","41","116","268","156","568","116","C1854387"
"30645","3981","2","3","12","19","31","261","116","1","86","C1854416"
"30646","9031","2","3","12","19","31","1","426","55","78","C1854416"
"30647","3691","2","5","7","53","51","342","454","573","492","C1854417"
"30648","7099","2","5","7","41","219","339","156","568","697","C1854417"
"30649","1409","2","3","12","76","153","40","38","54","75","C1854418"
"30650","8863","2","3","3","19","151","276","91","208","118","C1854418"
"30651","4852","2","5","4","68","96","326","427","548","672","C1854418"
"30652","7124","2","3","12","41","219","339","156","568","697","C1854418"
"30653","7046","2","3","12","41","219","339","259","423","605","C1854418"
"30654","6496","2","3","3","19","221","321","428","541","667","C1854418"
"30655","10516","2","5","7","53","51","342","454","573","492","C1854418"
"30656","5172","2","5","8","45","94","199","240","415","666","C1854418"
"30657","6772","2","3","12","53","184","119","156","287","116","C1854418"
"30658","2200","2","5","7","53","51","342","454","573","492","C1854418"
"30659","4692","2","5","7","53","51","119","402","489","416","C1854418"
"30660","3458","2","5","7","53","184","119","156","287","116","C1854418"
"30661","2588","2","3","7","34","52","216","395","549","674","C1854418"
"30662","2147","2","5","7","68","51","342","454","573","492","C1854418"
"30663","673","2","5","7","53","14","20","34","540","68","C1854418"
"30664","6309","2","3","5","19","151","76","48","69","204","C1854418"
"30665","23396","2","3","7","60","14","184","341","544","669","C1854418"
"30666","919","2","5","7","53","14","119","25","40","186","C1854418"
"30667","8565","2","3","2","110","85","237","433","547","154","C1854418"
"30668","567","2","5","7","34","52","119","395","549","674","C1854418"
"30669","5194","2","3","5","43","161","305","409","208","482","C1854418"
"30670","79001","2","5","2","48","52","342","240","569","666","C1854418"
"30671","10436","2","3","2","110","85","237","433","547","671","C1854418"
"30672","1419","2","3","6","63","45","160","362","177","673","C1854418"
"30673","7538","2","3","2","22","33","323","66","101","136","C1854418"
"30674","55315","2","3","5","80","81","296","62","94","150","C1854418"
"30675","8518","2","3","12","19","31","1","426","55","78","C1854418"
"30676","1301","2","5","7","53","51","342","454","573","492","C1854418"
"30677","2657","2","5","7","53","51","342","259","423","389","C1854449"
"30678","3587","2","5","7","53","51","119","395","549","674","C1854454"
"30679","8818","2","3","2","61","77","142","176","280","363","C1854454"
"30680","673","2","5","7","53","14","20","34","540","68","C1854454"
"30681","26249","2","3","12","41","116","268","434","468","213","C1854465"
"30682","7507","2","3","12","19","31","261","116","1","86","C1854465"
"30683","215","2","3","5","47","144","185","238","310","392","C1854465"
"30684","10585","2","5","2","27","206","324","430","215","290","C1854489"
"30685","5925","2","3","12","19","31","1","426","55","78","C1854489"
"30686","2099","2","3","12","19","151","276","91","433","118","C1854489"
"30687","6910","2","3","12","19","51","335","444","560","373","C1854489"
"30688","2335","2","5","7","53","51","342","454","573","492","C1854495"
"30689","4705","2","3","2","48","170","50","119","444","556","C1854495"
"30690","4582","2","5","7","53","206","324","430","429","544","C1854495"
"30691","7045","2","5","12","19","51","1","426","55","78","C1854495"
"30692","26040","2","3","12","19","31","1","116","297","78","C1854510"
"30693","5021","2","5","4","68","96","326","427","548","672","C1854510"
"30694","6571","2","3","8","60","36","71","341","223","624","C1854510"
"30695","9719","2","5","7","53","51","342","454","573","492","C1854510"
"30696","6584","2","3","8","45","94","199","240","415","666","C1854510"
"30697","5830","2","3","5","43","161","305","409","208","482","C1854510"
"30698","26580","2","5","8","27","70","99","162","216","290","C1854510"
"30699","7415","2","3","7","34","52","216","395","536","445","C1854570"
"30700","5144","2","3","4","68","96","326","427","548","672","C1854570"
"30701","5604","2","5","7","53","14","20","34","540","68","C1854570"
"30702","5095","2","3","2","48","40","130","166","127","173","C1854610"
"30703","189","2","3","5","43","161","305","409","208","482","C1854610"
"30704","9469","2","3","2","103","189","303","29","475","467","C1854614"
"30705","23495","2","3","12","41","219","339","156","568","697","C1854614"
"30706","4541","2","3","2","48","170","50","119","444","24","C1854630"
"30707","7124","2","3","12","41","219","339","156","568","697","C1854630"
"30708","1778","2","3","7","76","153","40","38","54","75","C1854657"
"30709","22868","2","3","2","48","182","67","76","463","153","C1854657"
"30710","3077","2","5","7","53","51","119","395","549","674","C1854678"
"30711","2617","2","3","2","110","85","237","433","252","154","C1854678"
"30712","4976","2","3","2","48","170","50","119","444","556","C1854678"
"30713","1292","2","5","7","53","51","342","454","573","492","C1854678"
"30714","6390","2","3","2","48","170","50","119","444","556","C1854678"
"30715","26608","2","3","2","22","170","50","119","463","153","C1854689"
"30716","6262","2","5","8","63","45","23","34","464","187","C1854689"
"30717","2629","2","3","5","80","81","250","291","152","420","C1854699"
"30718","2950","2","5","7","34","52","216","395","549","674","C1854699"
"30719","1063","2","3","12","76","153","40","38","54","75","C1854704"
"30720","3920","2","5","7","34","52","216","395","549","674","C1854704"
"30721","1536","2","5","7","34","52","216","395","549","674","C1854704"
"30722","2316","2","5","7","53","51","342","454","573","702","C1854718"
"30723","2121","2","3","12","41","116","268","434","568","605","C1854718"
"30724","10312","2","3","7","34","52","216","395","549","674","C1854718"
"30725","25970","2","5","7","53","14","20","25","40","116","C1854718"
"30726","3309","2","3","12","41","219","342","347","271","702","C1854718"
"30727","9241","2","5","7","53","51","342","259","423","389","C1854718"
"30728","5213","2","3","2","90","167","266","367","500","577","C1854774"
"30729","4654","2","3","12","19","31","276","91","433","118","C1854774"
"30730","9451","2","3","2","110","51","335","226","297","380","C1854774"
"30731","3954","2","3","2","48","170","67","119","444","593","C1854780"
"30732","8195","2","3","12","76","153","76","38","54","75","C1854780"
"30733","6390","2","3","2","48","170","50","119","444","556","C1854783"
"30734","2255","2","5","7","53","14","20","25","40","186","C1854783"
"30735","5264","2","3","5","43","161","305","409","208","482","C1854785"
"30736","8431","2","3","3","19","151","276","91","433","118","C1854785"
"30737","10381","2","3","12","76","153","40","38","54","75","C1854786"
"30738","7248","2","3","2","48","57","110","141","359","462","C1854786"
"30739","2166","2","3","2","11","142","152","142","570","298","C1854787"
"30740","1991","2","5","7","34","52","216","395","549","674","C1854787"
"30741","23630","2","5","8","63","36","166","106","110","158","C1854788"
"30742","673","2","5","7","53","14","20","34","540","68","C1854788"
"30743","5073","2","3","2","110","85","323","433","146","194","C1854827"
"30744","5063","2","5","7","53","14","20","34","540","68","C1854827"
"30745","2260","2","5","7","53","14","20","25","40","186","C1854827"
"30746","338","2","5","7","53","51","342","454","573","492","C1854827"
"30747","9394","2","3","2","74","58","112","148","193","263","C1854827"
"30748","25886","2","3","12","76","153","76","136","472","435","C1854834"
"30749","10084","2","3","2","22","33","323","66","101","136","C1854834"
"30750","2261","2","5","7","53","14","20","25","40","186","C1854838"
"30751","421","2","5","7","42","51","335","444","560","373","C1854838"
"30752","4057","2","5","7","34","52","216","395","549","674","C1854838"
"30753","4137","2","3","7","27","36","150","341","223","628","C1854838"
"30754","6197","2","3","12","19","14","20","34","540","68","C1854838"
"30755","5864","2","5","7","60","54","24","30","46","72","C1854838"
"30756","9573","2","5","7","53","51","342","259","423","389","C1854838"
"30757","1675","2","5","7","34","52","216","395","549","674","C1854838"
"30758","1438","2","5","7","53","14","20","25","40","186","C1854838"
"30759","8642","2","5","7","53","51","335","444","560","373","C1854838"
"30760","10733","2","3","12","76","153","40","38","54","75","C1854838"
"30761","1954","2","5","7","53","51","342","454","573","492","C1854838"
"30762","7252","2","5","4","68","96","326","427","548","672","C1854838"
"30763","5167","2","3","5","32","93","163","207","303","126","C1854838"
"30764","6662","2","3","3","19","221","321","428","541","667","C1854838"
"30765","51715","2","5","7","60","54","24","30","46","72","C1854838"
"30766","5080","2","3","3","19","221","321","428","541","667","C1854838"
"30767","3848","2","5","7","34","52","225","142","220","298","C1854838"
"30768","9581","2","3","5","27","36","150","76","223","628","C1854838"
"30769","6281","2","5","7","34","52","216","395","572","327","C1854885"
"30770","2556","2","5","8","27","70","99","162","216","290","C1854885"
"30771","23229","2","5","7","60","54","24","30","46","72","C1854885"
"30772","10804","2","3","12","76","153","40","38","54","75","C1854885"
"30773","1437","2","5","7","53","14","20","25","40","186","C1854885"
"30774","3908","2","5","7","53","51","342","454","573","492","C1854885"
"30775","51360","2","3","3","26","35","276","91","433","203","C1854910"
"30776","5373","2","3","2","90","167","123","158","207","278","C1854910"
"30777","1134","2","5","8","27","70","99","162","216","290","C1854910"
"30778","2202","2","5","7","53","51","342","454","573","492","C1854910"
"30779","5663","2","5","7","34","52","216","395","549","667","C1854910"
"30780","6583","2","3","2","85","36","107","139","186","654","C1854912"
"30781","2775","2","5","4","68","36","150","341","223","628","C1854912"
"30782","2584","2","3","2","72","117","196","257","326","46","C1854912"
"30783","3105","2","5","7","53","51","119","156","287","116","C1854912"
"30784","4322","2","5","7","53","51","342","454","573","492","C1854912"
"30785","1401","2","5","7","53","51","119","395","573","492","C1854912"
"30786","2243","2","5","7","53","51","342","454","573","492","C1854912"
"30787","3119","2","5","7","53","153","119","156","287","116","C1854912"
"30788","11315","2","3","2","48","170","50","399","201","229","C1854912"
"30789","7381","2","3","2","48","170","50","119","58","81","C1854912"
"30790","7169","2","5","8","63","45","23","103","464","187","C1854912"
"30791","213","2","5","7","53","51","342","454","573","492","C1854912"
"30792","6654","2","5","7","60","54","24","30","46","72","C1854912"
"30793","10262","2","3","2","22","33","323","66","101","136","C1854912"
"30794","2200","2","5","7","53","51","342","454","573","492","C1854912"
"30795","7840","2","3","12","76","153","40","38","54","75","C1854912"
"30796","6390","2","3","2","48","170","50","119","444","556","C1854912"
"30797","51010","2","3","2","110","85","237","433","547","671","C1854912"
"30798","3717","2","5","7","53","14","20","25","40","186","C1854912"
"30799","57560","2","3","12","76","153","40","38","54","75","C1854912"
"30800","60506","2","5","7","53","51","342","444","560","373","C1854912"
"30801","2956","2","3","12","19","31","261","116","1","86","C1854912"
"30802","23384","2","3","12","63","45","184","103","572","658","C1854928"
"30803","23600","2","3","5","80","81","305","409","208","482","C1854928"
"30804","5325","2","3","12","19","31","198","261","146","118","C1854928"
"30805","2697","2","3","7","76","153","40","38","54","75","C1854928"
"30806","5979","2","5","7","53","14","20","25","40","186","C1854928"
"30807","3965","2","5","7","53","51","342","454","573","492","C1854928"
"30808","6247","2","5","7","53","51","342","454","573","492","C1854928"
"30809","4990","2","3","3","19","221","321","428","541","667","C1854928"
"30810","6678","2","5","7","53","51","342","454","573","492","C1854928"
"30811","5883","2","3","12","19","31","261","116","1","86","C1854928"
"30812","23218","2","5","7","34","52","216","395","549","674","C1854928"
"30813","990","2","3","12","76","31","261","116","1","86","C1854928"
"30814","7837","2","3","5","80","51","342","454","573","492","C1854928"
"30815","22827","2","3","2","22","33","323","66","101","136","C1854928"
"30816","5908","2","5","7","34","52","216","30","46","72","C1854928"
"30817","57216","2","3","12","41","116","268","259","568","422","C1854928"
"30818","29893","2","3","12","19","31","1","426","55","78","C1855008"
"30819","23495","2","3","12","41","219","339","156","568","697","C1855008"
"30820","4204","2","3","12","19","31","1","426","55","78","C1855008"
"30821","55130","2","3","12","76","153","76","38","54","75","C1855008"
"30822","857","2","5","7","53","45","23","57","83","422","C1855010"
"30823","51360","2","3","3","26","35","276","91","433","203","C1855010"
"30824","51185","2","3","2","22","33","323","66","101","136","C1855020"
"30825","23314","2","3","3","19","221","321","428","541","667","C1855020"
"30826","2779","2","5","4","68","96","326","427","548","672","C1855020"
"30827","7401","2","5","7","60","83","101","126","170","224","C1855020"
"30828","7284","2","3","2","48","182","67","76","463","153","C1855020"
"30829","825","2","5","7","53","51","342","454","573","492","C1855020"
"30830","5728","2","3","5","80","81","339","156","568","605","C1855020"
"30831","7468","2","3","12","19","31","1","426","55","78","C1855020"
"30832","23022","2","5","7","53","45","342","103","464","187","C1855020"
"30833","4284","2","3","5","80","81","166","397","374","486","C1855020"
"30834","5828","2","3","5","43","161","305","409","208","482","C1855020"
"30835","2261","2","5","7","53","14","20","25","40","186","C1855020"
"30836","6899","2","5","7","53","184","335","259","560","373","C1855020"
"30837","5071","2","3","12","41","116","268","434","468","213","C1855020"
"30838","1186","2","5","8","63","45","23","34","464","187","C1855038"
"30839","5078","2","3","3","19","221","321","428","541","667","C1855038"
"30840","10269","2","3","2","48","182","50","119","444","556","C1855038"
"30841","58","2","5","8","63","45","23","103","464","187","C1855038"
"30842","1051","2","3","12","19","31","276","91","433","118","C1855038"
"30843","10491","2","5","7","53","51","342","454","573","492","C1855038"
"30844","6648","2","3","2","95","151","160","378","173","229","C1855038"
"30845","5083","2","3","3","19","221","321","428","541","667","C1855038"
"30846","54832","2","5","12","34","52","216","429","321","255","C1855038"
"30847","51259","2","3","2","76","153","40","38","54","75","C1855038"
"30848","7124","2","3","12","41","219","339","156","568","697","C1855038"
"30849","3630","2","5","7","53","14","20","25","40","186","C1855038"
"30850","6303","2","3","2","67","118","160","261","188","423","C1855038"
"30851","7809","2","5","8","63","45","23","34","464","187","C1855038"
"30852","6905","2","3","12","76","153","40","38","54","75","C1855052"
"30853","55212","2","3","12","76","153","76","38","54","75","C1855052"
"30854","6448","2","3","5","74","160","294","376","453","567","C1855052"
"30855","1290","2","5","7","53","51","342","454","573","492","C1855052"
"30856","1289","2","5","7","53","51","342","454","573","492","C1855052"
"30857","5191","2","3","5","43","161","305","409","208","482","C1855052"
"30858","2273","2","5","8","63","45","23","103","464","187","C1855052"
"30859","7592","2","4","3","24","119","330","214","454","144","C1855067"
"30860","1493","2","5","7","53","51","119","25","40","186","C1855067"
"30861","4041","2","5","3","68","221","197","259","560","422","C1855067"
"30862","5917","2","3","2","110","85","237","433","547","154","C1855067"
"30863","3766","2","5","8","63","36","166","106","110","158","C1855067"
"30864","1437","2","5","7","53","14","20","25","40","186","C1855067"
"30865","3248","2","3","2","69","83","133","167","224","301","C1855067"
"30866","5048","2","3","12","76","153","40","38","54","75","C1855067"
"30867","16","2","3","2","110","85","237","433","547","154","C1855081"
"30868","1471","2","5","7","34","52","216","395","549","492","C1855081"
"30869","3762","2","5","8","63","36","166","106","110","158","C1855081"
"30870","3339","2","5","7","53","51","342","454","573","492","C1855081"
"30871","8106","2","3","2","22","33","323","66","101","136","C1855081"
"30872","1175","2","5","7","60","14","184","341","544","669","C1855081"
"30873","4283","2","5","4","68","96","326","427","548","672","C1855081"
"30874","1499","2","3","12","19","221","197","259","560","422","C1855081"
"30875","2316","2","5","7","53","51","342","454","573","702","C1855081"
"30876","3918","2","5","7","53","51","342","454","573","492","C1855081"
"30877","2332","2","3","2","22","33","71","373","466","609","C1855081"
"30878","54820","2","3","12","76","153","40","38","54","75","C1855081"
"30879","2261","2","5","7","53","14","20","25","40","186","C1855081"
"30880","1910","2","5","4","68","96","326","427","548","672","C1855081"
"30881","5979","2","5","7","53","14","20","25","40","186","C1855081"
"30882","2554","2","5","8","27","70","99","162","216","290","C1855081"
"30883","8642","2","5","7","53","51","335","444","560","373","C1855106"
"30884","2109","2","3","2","48","170","50","119","444","556","C1855106"
"30885","63976","2","3","12","19","31","1","426","55","78","C1855106"
"30886","10743","2","3","3","19","151","276","91","433","118","C1855106"
"30887","81693","2","5","7","48","51","105","139","186","245","C1855106"
"30888","5664","2","5","7","53","219","143","428","236","667","C1855106"
"30889","4843","2","3","5","43","161","305","409","489","416","C1855106"
"30890","3920","2","5","7","34","52","216","395","549","674","C1855106"
"30891","2022","2","5","7","53","51","342","259","423","389","C1855106"
"30892","3875","2","1","6","11","142","225","142","220","298","C1855106"
"30893","25978","2","3","2","48","57","110","141","359","462","C1855106"
"30894","1548","2","3","5","91","214","226","326","447","586","C1855106"
"30895","8398","2","3","5","116","183","40","38","352","455","C1855106"
"30896","1145","2","5","8","27","70","99","162","216","290","C1855106"
"30897","25814","2","3","2","48","170","110","119","444","462","C1855106"
"30898","3265","2","5","7","60","54","24","30","46","72","C1855106"
"30899","1806","2","3","2","49","23","186","149","195","61","C1855106"
"30900","659","2","5","7","53","14","20","259","423","389","C1855106"
"30901","311","2","3","2","48","142","40","202","359","462","C1855106"
"30902","2688","2","5","7","53","51","119","25","40","186","C1855106"
"30903","4514","2","3","2","48","57","110","141","359","5","C1855106"
"30904","7043","2","5","7","53","51","342","454","573","492","C1855119"
"30905","79663","2","3","12","11","36","150","362","448","304","C1855119"
"30906","1120","2","3","2","85","143","286","51","488","102","C1855119"
"30907","421","2","5","7","42","51","335","444","560","373","C1855119"
"30908","3845","2","5","7","60","54","24","30","46","72","C1855119"
"30909","3763","2","5","8","63","36","166","106","110","158","C1855119"
"30910","1144","2","5","8","27","70","99","162","216","290","C1855119"
"30911","3371","2","5","7","53","51","342","454","573","492","C1855119"
"30912","94","2","5","7","53","51","342","259","423","389","C1855119"
"30913","7372","2","3","2","68","119","109","266","182","182","C1855171"
"30914","27445","2","5","7","60","36","71","341","223","624","C1855171"
"30915","8838","2","5","7","53","51","342","259","423","389","C1855177"
"30916","1280","2","5","7","53","51","342","454","573","492","C1855177"
"30917","6338","2","5","8","63","45","23","34","464","187","C1855179"
"30918","860","2","3","12","19","31","276","91","433","118","C1855179"
"30919","7415","2","3","7","34","52","216","395","536","445","C1855179"
"30920","4849","2","3","2","110","85","198","261","146","118","C1855179"
"30921","3209","2","3","3","19","221","321","428","541","667","C1855179"
"30922","3084","2","5","7","53","14","20","25","40","186","C1855179"
"30923","3630","2","5","7","53","14","20","25","40","186","C1855185"
"30924","26040","2","3","12","19","31","1","116","297","78","C1855185"
"30925","2778","2","5","4","68","96","326","427","548","672","C1855185"
"30926","5630","2","3","2","27","36","150","55","414","628","C1855185"
"30927","2956","2","3","12","19","31","261","116","1","86","C1855204"
"30928","51099","2","3","2","67","92","293","55","75","311","C1855204"
"30929","4000","2","3","12","26","105","178","226","297","156","C1855204"
"30930","1301","2","5","7","53","51","342","454","573","492","C1855204"
"30931","10815","2","5","7","60","36","71","341","223","666","C1855204"
"30932","2261","2","5","7","53","14","20","25","40","186","C1855204"
"30933","6654","2","5","7","60","54","24","30","46","72","C1855204"
"30934","8600","2","5","7","41","219","339","156","568","697","C1855204"
"30935","9820","2","3","12","41","116","268","434","468","213","C1855204"
"30936","51085","2","3","2","48","57","110","141","359","462","C1855204"
"30937","7148","2","5","7","53","51","342","454","573","492","C1855204"
"30938","148738","2","5","7","53","51","342","444","560","373","C1855204"
"30939","51715","2","5","7","60","54","24","30","46","72","C1855204"
"30940","8891","2","3","2","110","85","237","433","547","671","C1855204"
"30941","55670","2","3","5","43","161","305","409","208","482","C1855204"
"30942","4952","2","3","5","60","54","184","30","544","669","C1855204"
"30943","5605","2","5","7","53","14","20","34","540","68","C1855204"
"30944","3757","2","5","8","63","36","166","106","110","158","C1855233"
"30945","3481","2","5","7","53","51","342","454","573","492","C1855233"
"30946","5644","2","5","7","68","51","119","395","549","674","C1855233"
"30947","540","2","5","8","63","45","23","103","464","187","C1855239"
"30948","10225","2","5","7","53","51","119","395","549","674","C1855239"
"30949","5551","2","5","7","53","51","119","395","549","674","C1855239"
"30950","2956","2","3","12","19","31","261","116","1","86","C1855310"
"30951","27316","2","3","2","22","33","323","66","101","136","C1855310"
"30952","5373","2","3","2","90","167","123","158","207","278","C1855311"
"30953","71","2","5","7","60","14","184","103","544","669","C1855311"
"30954","10585","2","5","2","27","206","324","430","215","290","C1855311"
"30955","8518","2","3","12","19","31","1","426","55","78","C1855311"
"30956","6926","2","5","7","53","51","335","259","560","373","C1855330"
"30957","2138","2","3","12","19","31","1","426","55","78","C1855330"
"30958","4004","2","3","12","19","31","1","426","55","78","C1855330"
"30959","23175","2","3","5","80","81","296","51","488","102","C1855331"
"30960","4853","2","3","12","19","124","143","428","236","667","C1855331"
"30961","1475","2","1","6","11","142","225","142","220","298","C1855331"
"30962","146227","2","3","12","34","52","216","347","61","83","C1855331"
"30963","1644","2","3","2","88","79","239","333","258","345","C1855331"
"30964","3636","2","3","5","80","14","20","25","40","186","C1855331"
"30965","3630","2","5","7","53","14","20","25","40","186","C1855333"
"30966","183","2","5","4","68","96","326","427","548","672","C1855333"
"30967","1380","2","5","7","53","51","119","395","549","674","C1855333"
"30968","7050","2","3","12","19","31","321","428","541","667","C1855333"
"30969","4358","2","3","5","43","161","305","409","208","482","C1855333"
"30970","9533","2","3","2","19","31","1","426","55","78","C1855333"
"30971","11315","2","3","2","48","170","50","399","201","229","C1855333"
"30972","875","2","3","5","80","137","44","21","451","316","C1855333"
"30973","7015","2","3","12","19","31","1","426","55","78","C1855333"
"30974","190","2","3","3","19","151","276","91","433","118","C1855333"
"30975","4747","2","5","7","27","36","150","341","223","628","C1855333"
"30976","23534","2","3","2","22","33","323","66","101","136","C1855333"
"30977","3481","2","5","7","53","51","342","454","573","492","C1855333"
"30978","324","2","3","12","41","219","197","70","255","422","C1855335"
"30979","269","2","5","7","53","14","20","259","423","389","C1855335"
"30980","1019","2","3","12","19","31","1","116","1","86","C1855335"
"30981","1493","2","5","7","53","51","119","25","40","186","C1855340"
"30982","3954","2","3","2","48","170","67","119","444","593","C1855340"
"30983","8214","2","3","6","11","142","225","142","220","298","C1855340"
"30984","1401","2","5","7","53","51","119","395","573","492","C1855340"
"30985","8754","2","5","7","53","51","342","454","573","492","C1855340"
"30986","7169","2","5","8","63","45","23","103","464","187","C1855340"
"30987","811","2","3","2","41","116","342","423","536","342","C1855340"
"30988","6261","2","5","8","63","45","23","34","464","187","C1855340"
"30989","6655","2","5","7","60","54","24","30","46","72","C1855340"
"30990","3106","2","5","7","34","52","119","395","549","674","C1855340"
"30991","1289","2","5","7","53","51","342","454","573","492","C1855340"
"30992","2516","2","3","3","19","151","276","91","433","118","C1855340"
"30993","9829","2","5","7","60","14","184","341","544","669","C1855340"
"30994","2316","2","5","7","53","51","342","454","573","702","C1855340"
"30995","6901","2","3","2","48","170","50","304","167","593","C1855340"
"30996","6913","2","3","3","19","221","321","428","541","667","C1855340"
"30997","5818","2","5","7","53","51","335","444","560","373","C1855340"
"30998","3717","2","5","7","53","14","20","25","40","186","C1855340"
"30999","2632","2","3","2","28","22","48","232","82","114","C1855340"
"31000","11285","2","3","2","74","205","191","396","408","620","C1855340"
"31001","2200","2","5","7","53","51","342","454","573","492","C1855340"
"31002","2317","2","5","7","63","45","23","103","287","664","C1855340"
"31003","3717","2","5","7","53","14","20","25","40","186","C1855340"
"31004","4703","2","5","7","60","45","23","103","464","187","C1855340"
"31005","9401","2","3","12","76","31","261","116","1","86","C1855340"
"31006","57505","2","3","2","110","85","67","76","252","154","C1855340"
"31007","2301","2","5","6","11","142","225","142","220","673","C1855340"
"31008","6663","2","3","3","19","221","321","428","541","667","C1855340"
"31009","7066","2","5","7","53","51","119","25","573","416","C1855340"
"31010","3763","2","5","8","63","36","166","106","110","158","C1855340"
"31011","3691","2","5","7","53","51","342","454","573","492","C1855340"
"31012","6356","2","5","7","53","51","326","427","489","416","C1855350"
"31013","3091","2","3","12","41","116","276","91","433","605","C1855350"
"31014","5908","2","5","7","34","52","216","30","46","72","C1855391"
"31015","4855","2","5","7","53","51","143","428","236","667","C1855391"
"31016","1978","2","3","2","48","57","110","141","359","462","C1855418"
"31017","9227","2","3","2","69","51","101","126","170","224","C1855418"
"31018","6261","2","5","8","63","45","23","34","464","187","C1855418"
"31019","5277","2","3","2","61","77","142","176","235","317","C1855456"
"31020","3689","2","5","7","34","52","216","395","549","674","C1855456"
"31021","9076","2","5","6","42","36","71","177","64","219","C1855456"
"31022","3048","2","3","12","19","31","118","155","287","116","C1855456"
"31023","54832","2","5","12","34","52","216","429","321","255","C1855465"
"31024","3543","2","5","7","53","51","119","395","549","674","C1855465"
"31025","5308","2","3","3","19","221","321","428","541","667","C1855483"
"31026","4038","2","5","7","53","51","342","454","573","492","C1855483"
"31027","51079","2","3","2","48","170","50","119","444","556","C1855496"
"31028","1528","2","3","5","91","214","271","372","471","586","C1855496"
"31029","55112","2","3","12","76","153","40","38","54","75","C1855513"
"31030","3703","2","3","2","78","26","54","283","118","124","C1855513"
"31031","5602","2","3","12","19","14","150","34","540","68","C1855514"
"31032","5917","2","3","2","110","85","237","433","547","154","C1855514"
"31033","1723","2","3","2","48","170","50","119","444","556","C1855514"
"31034","4297","2","3","12","19","31","1","426","55","78","C1855514"
"31035","3972","2","5","4","68","96","326","427","548","672","C1855520"
"31036","1543","2","3","5","91","151","276","91","433","118","C1855520"
"31037","1832","2","5","7","34","52","225","142","220","298","C1855520"
"31038","5376","2","5","7","53","51","342","454","573","492","C1855520"
"31039","2263","2","5","7","53","14","20","25","40","186","C1855520"
"31040","5743","2","3","5","53","175","119","167","489","416","C1855520"
"31041","5122","2","5","4","27","36","184","141","359","411","C1855520"
"31042","1294","2","5","7","53","51","342","454","573","492","C1855520"
"31043","5828","2","3","5","43","161","305","409","208","482","C1855538"
"31044","23474","2","3","12","19","31","1","91","433","118","C1855538"
"31045","3481","2","5","7","53","51","342","454","573","492","C1855538"
"31046","54977","2","3","2","110","85","118","155","287","116","C1855538"
"31047","629","2","5","7","53","51","119","395","549","674","C1855538"
"31048","3208","2","5","7","27","36","150","341","223","628","C1855538"
"31049","24","2","3","12","41","116","268","423","536","445","C1855538"
"31050","10908","2","3","2","97","173","275","377","473","592","C1855538"
"31051","7124","2","3","12","41","219","339","156","568","697","C1855538"
"31052","5376","2","5","7","53","51","342","454","573","492","C1855538"
"31053","3483","2","5","7","53","51","342","454","573","492","C1855544"
"31054","1281","2","5","7","53","51","342","454","573","492","C1855544"
"31055","7248","2","3","2","48","57","110","141","359","462","C1855578"
"31056","8085","2","3","12","19","31","1","426","55","78","C1855578"
"31057","5657","2","5","7","34","52","216","395","549","674","C1855578"
"31058","54361","2","5","3","68","221","197","259","560","422","C1855578"
"31059","3848","2","5","7","34","52","225","142","220","298","C1855578"
"31060","7169","2","5","8","63","45","23","103","464","187","C1855578"
"31061","7461","2","3","7","60","153","40","38","93","75","C1855578"
"31062","54","2","3","5","80","81","178","195","256","342","C1855579"
"31063","2796","2","5","4","68","96","326","427","548","672","C1855579"
"31064","8029","2","5","7","53","51","105","139","186","245","C1855579"
"31065","4868","2","5","7","53","51","335","25","560","373","C1855580"
"31066","8643","2","5","3","68","221","197","259","560","422","C1855580"
"31067","1280","2","5","7","53","51","342","454","573","492","C1855580"
"31068","8643","2","5","3","68","221","197","259","560","422","C1855580"
"31069","6597","2","3","12","19","31","1","426","55","78","C1855580"
"31070","2068","2","3","12","19","31","261","116","159","211","C1855608"
"31071","7167","2","3","2","90","167","266","367","500","577","C1855608"
"31072","3077","2","5","7","53","51","119","395","549","674","C1855650"
"31073","54551","2","3","12","41","219","197","156","568","422","C1855650"
"31074","1387","2","3","12","19","31","276","91","433","118","C1855650"
"31075","8802","2","3","8","67","92","293","55","75","311","C1855650"
"31076","390594","2","3","12","41","116","268","434","468","213","C1855650"
"31077","8481","2","3","12","76","153","40","38","54","75","C1855650"
"31078","1349","2","3","2","48","170","110","141","359","462","C1855665"
"31079","2492","2","5","4","68","96","326","427","548","672","C1855665"
"31080","774","2","5","8","63","36","166","341","390","158","C1855665"
"31081","2200","2","5","7","53","51","342","454","573","492","C1855665"
"31082","2623","2","3","12","19","31","1","155","287","116","C1855665"
"31083","10479","2","5","7","27","36","150","341","223","628","C1855665"
"31084","10225","2","5","7","53","51","119","395","549","674","C1855665"
"31085","673","2","5","7","53","14","20","34","540","68","C1855665"
"31086","23274","2","5","7","53","51","119","395","549","674","C1855665"
"31087","5321","2","3","5","116","183","295","398","243","327","C1855665"
"31088","6752","2","5","4","68","96","326","427","548","672","C1855665"
"31089","3643","2","5","7","53","14","20","25","40","186","C1855665"
"31090","2176","2","3","12","19","31","261","116","1","86","C1855665"
"31091","3561","2","5","7","53","14","20","25","40","186","C1855665"
"31092","3081","2","3","2","91","51","3","267","308","429","C1855665"
"31093","54982","2","3","2","48","170","50","399","167","593","C1855665"
"31094","9896","2","3","5","80","81","296","399","201","274","C1855665"
"31095","2623","2","3","12","19","31","1","155","287","116","C1855669"
"31096","58484","2","3","12","41","219","339","156","568","697","C1855669"
"31097","7015","2","3","12","19","31","1","426","55","78","C1855669"
"31098","2700","2","3","6","76","153","40","38","54","75","C1855669"
"31099","6347","2","5","7","53","51","119","427","489","416","C1855669"
"31100","2395","2","3","2","48","170","50","304","167","593","C1855669"
"31101","3783","2","5","8","63","36","166","106","110","158","C1855669"
"31102","22868","2","3","2","48","182","67","76","463","153","C1855669"
"31103","472","2","3","12","19","31","261","116","1","86","C1855670"
"31104","29887","2","3","7","60","18","110","141","198","270","C1855670"
"31105","28952","2","3","12","41","116","268","434","468","213","C1855670"
"31106","84062","2","5","7","60","18","184","341","544","669","C1855670"
"31107","9839","2","3","3","19","221","321","428","541","667","C1855670"
"31108","60","2","3","12","60","45","184","155","287","78","C1855670"
"31109","1062","2","3","12","76","153","40","38","54","75","C1855672"
"31110","51741","2","3","2","22","33","323","66","101","127","C1855672"
"31111","10491","2","5","7","53","51","342","454","573","492","C1855675"
"31112","7547","2","3","3","19","221","321","428","541","667","C1855675"
"31113","3559","2","5","7","53","14","20","25","40","186","C1855675"
"31114","51816","2","5","7","34","52","216","395","549","674","C1855675"
"31115","3592","2","5","7","53","51","119","25","489","416","C1855675"
"31116","6683","2","3","12","76","153","40","38","54","75","C1855675"
"31117","8202","2","3","12","19","151","276","91","433","118","C1855675"
"31118","1543","2","3","5","91","151","276","91","433","118","C1855676"
"31119","3117","2","5","7","53","153","119","156","287","116","C1855676"
"31120","538","2","3","8","63","45","23","103","464","187","C1855676"
"31121","6340","2","5","8","63","45","23","34","464","187","C1855676"
"31122","5925","2","3","12","19","31","1","426","55","78","C1855676"
"31123","2674","2","5","7","53","14","20","25","40","186","C1855676"
"31124","3181","2","3","2","22","33","323","66","101","136","C1855676"
"31125","3459","2","5","7","53","184","119","156","287","116","C1855676"
"31126","5915","2","3","3","19","151","276","91","433","118","C1855676"
"31127","6336","2","5","8","63","36","166","341","390","158","C1855676"
"31128","26277","2","3","12","19","31","1","426","1","78","C1855676"
"31129","183","2","5","4","68","96","326","427","548","672","C1855676"
"31130","3853","2","1","6","11","142","225","142","220","298","C1855681"
"31131","6710","2","5","7","60","14","20","25","40","186","C1855681"
"31132","6868","2","5","7","53","51","342","454","236","492","C1855681"
"31133","2175","2","3","12","19","31","261","116","1","86","C1855681"
"31134","2896","2","5","7","34","52","216","395","549","674","C1855681"
"31135","2350","2","5","5","27","51","335","444","560","373","C1855685"
"31136","4512","2","3","2","48","170","110","141","359","8","C1855685"
"31137","5518","2","3","12","76","153","40","38","54","435","C1855685"
"31138","4313","2","5","7","53","51","342","454","573","492","C1855685"
"31139","2516","2","3","3","19","151","276","91","433","118","C1855685"
"31140","801","2","5","8","63","45","23","103","464","187","C1855685"
"31141","7248","2","3","2","48","57","110","141","359","462","C1855685"
"31142","8890","2","3","2","110","85","237","433","547","671","C1855685"
"31143","3265","2","5","7","60","54","24","30","46","72","C1855685"
"31144","4803","2","5","7","60","54","24","30","46","72","C1855685"
"31145","5573","2","3","12","19","184","118","155","287","116","C1855685"
"31146","10269","2","3","2","48","182","50","119","444","556","C1855685"
"31147","7476","2","5","3","68","221","197","259","560","422","C1855685"
"31148","7136","2","5","8","63","45","23","103","464","187","C1855685"
"31149","7015","2","3","12","19","31","1","426","55","78","C1855685"
"31150","1027","2","3","12","19","31","1","116","1","86","C1855698"
"31151","8022","2","3","3","110","85","321","428","541","667","C1855698"
"31152","7015","2","3","12","19","31","1","426","55","78","C1855698"
"31153","5626","2","3","3","19","221","321","428","541","667","C1855698"
"31154","57545","2","3","12","76","153","40","38","54","75","C1855698"
"31155","8924","2","3","12","41","116","268","434","468","213","C1855710"
"31156","2260","2","5","7","53","14","20","25","40","186","C1855710"
"31157","25886","2","3","12","76","153","76","136","472","435","C1855710"
"31158","27232","2","3","2","19","31","105","106","14","7","C1855710"
"31159","7957","2","3","5","42","81","296","399","201","274","C1855710"
"31160","54903","2","3","12","76","153","40","38","54","75","C1855710"
"31161","3360","2","5","4","68","96","326","427","548","672","C1855710"
"31162","8398","2","3","5","116","183","40","38","352","455","C1855710"
"31163","153090","2","5","7","60","54","24","30","46","72","C1855710"
"31164","9966","2","5","12","41","219","339","156","568","697","C1855710"
"31165","7042","2","5","7","53","51","342","454","573","492","C1855710"
"31166","5450","2","3","12","19","221","261","116","159","211","C1855710"
"31167","429","2","3","3","19","221","321","428","541","667","C1855710"
"31168","2916","2","5","4","68","96","326","427","548","672","C1855710"
"31169","1277","2","5","7","53","51","342","454","573","492","C1855710"
"31170","5648","2","5","7","53","51","119","395","549","674","C1855710"
"31171","3655","2","5","7","53","51","342","454","573","492","C1855710"
"31172","241","2","5","5","34","52","216","395","549","229","C1855710"
"31173","2697","2","3","7","76","153","40","38","54","75","C1855710"
"31174","593","2","3","2","67","92","293","55","75","311","C1855710"
"31175","540","2","5","8","63","45","23","103","464","187","C1855722"
"31176","4593","2","5","7","53","14","20","454","573","492","C1855722"
"31177","2218","2","5","2","53","123","194","255","560","373","C1855752"
"31178","7124","2","3","12","41","219","339","156","568","697","C1855752"
"31179","2247","2","5","7","53","14","20","25","40","186","C1855755"
"31180","2720","2","3","7","34","52","216","395","21","599","C1855755"
"31181","58484","2","3","12","41","219","339","156","568","697","C1855773"
"31182","9723","2","5","7","53","51","342","79","560","373","C1855773"
"31183","8878","2","3","12","41","219","339","156","568","697","C1855773"
"31184","650","2","5","7","53","51","342","259","423","389","C1855773"
"31185","30009","2","5","7","53","51","119","25","549","674","C1855773"
"31186","4645","2","3","4","67","92","293","55","75","311","C1855773"
"31187","3028","2","3","2","67","92","152","32","252","154","C1855773"
"31188","6299","2","3","12","19","221","321","428","541","667","C1855773"
"31189","7454","2","5","7","60","14","20","25","40","215","C1855773"
"31190","10161","2","5","4","68","96","326","427","548","672","C1855773"
"31191","6310","2","3","12","22","142","225","366","362","468","C1855773"
"31192","2153","2","5","7","53","51","342","454","573","492","C1855773"
"31193","137682","2","3","2","48","170","50","119","444","556","C1855773"
"31194","2950","2","5","7","34","52","216","395","549","674","C1855773"
"31195","7048","2","5","7","53","51","342","259","423","389","C1855773"
"31196","846","2","5","4","68","96","326","427","548","672","C1855773"
"31197","4758","2","3","7","34","52","216","395","549","517","C1855773"
"31198","5173","2","5","4","68","96","326","427","548","672","C1855781"
"31199","7299","2","3","5","23","18","138","250","332","407","C1855781"
"31200","7337","2","3","12","41","116","268","434","468","213","C1855781"
"31201","1026","2","3","12","19","31","1","116","489","416","C1855781"
"31202","1027","2","3","12","19","31","1","116","1","86","C1855781"
"31203","1896","2","5","12","41","219","339","156","568","697","C1855789"
"31204","4036","2","5","7","60","14","184","341","544","669","C1855789"
"31205","9241","2","5","7","53","51","342","259","423","389","C1855789"
"31206","860","2","3","12","19","31","276","91","433","118","C1855792"
"31207","3663","2","3","12","53","184","119","156","287","116","C1855792"
"31208","4538","2","3","2","48","170","50","119","444","556","C1855792"
"31209","55109","2","5","7","42","81","184","118","543","214","C1855794"
"31210","4593","2","5","7","53","14","20","454","573","492","C1855794"
"31211","8573","2","5","7","53","36","71","341","223","219","C1855841"
"31212","6750","2","5","4","68","96","326","427","548","672","C1855841"
"31213","3763","2","5","8","63","36","166","106","110","158","C1855841"
"31214","1678","2","3","2","48","170","50","304","167","593","C1855841"
"31215","4615","2","3","12","41","219","339","156","568","697","C1855843"
"31216","3123","2","5","7","53","51","119","156","287","116","C1855843"
"31217","3339","2","5","7","53","51","342","454","573","492","C1855843"
"31218","7415","2","3","7","34","52","216","395","536","445","C1855852"
"31219","1440","2","5","7","53","51","119","25","489","416","C1855852"
"31220","3207","2","3","3","19","221","321","428","541","667","C1855852"
"31221","5080","2","3","3","19","221","321","428","541","667","C1855852"
"31222","6392","2","3","2","48","170","50","119","444","556","C1855852"
"31223","4536","2","3","2","48","170","50","119","444","556","C1855852"
"31224","51314","2","3","2","76","153","178","378","54","229","C1855852"
"31225","1280","2","5","7","53","51","342","454","573","492","C1855852"
"31226","9060","2","3","2","68","18","63","69","102","143","C1855852"
"31227","7248","2","3","2","48","57","110","141","359","462","C1855853"
"31228","26525","2","5","7","53","219","119","156","568","697","C1855853"
"31229","6696","2","5","7","53","51","342","454","573","492","C1855853"
"31230","257019","2","5","7","60","36","71","378","64","436","C1855853"
"31231","8600","2","5","7","41","219","339","156","568","697","C1855853"
"31232","4247","2","3","2","68","67","320","98","180","279","C1855853"
"31233","7096","2","5","9","70","100","238","156","568","536","C1855853"
"31234","355","2","3","7","41","219","339","156","568","697","C1855853"
"31235","5020","2","5","4","68","96","326","427","548","672","C1855895"
"31236","5075","2","3","3","19","221","321","428","541","667","C1855895"
"31237","3048","2","3","12","19","31","118","155","287","116","C1855895"
"31238","8822","2","5","7","53","14","20","25","40","186","C1855895"
"31239","983","2","3","12","76","153","40","38","54","75","C1855900"
"31240","3081","2","3","2","91","51","3","267","308","429","C1855900"
"31241","7046","2","3","12","41","219","339","259","423","605","C1855995"
"31242","2903","2","5","7","53","14","20","25","223","219","C1855995"
"31243","10269","2","3","2","48","182","50","119","444","556","C1856006"
"31244","8557","2","5","8","63","45","23","103","464","187","C1856006"
"31245","2625","2","3","12","19","31","339","155","287","116","C1856019"
"31246","476","2","3","8","63","45","23","103","464","187","C1856019"
"31247","7415","2","3","7","34","52","216","395","536","445","C1856019"
"31248","11322","2","5","7","34","52","216","395","549","674","C1856019"
"31249","2668","2","5","7","53","14","20","25","40","186","C1856019"
"31250","9517","2","3","2","50","47","39","100","321","638","C1856023"
"31251","5155","2","5","7","53","51","342","454","573","186","C1856023"
"31252","11277","2","3","12","19","31","261","116","1","86","C1856023"
"31253","4221","2","3","12","19","31","342","454","573","492","C1856023"
"31254","9469","2","3","2","103","189","303","29","475","467","C1856023"
"31255","8086","2","3","12","22","33","323","66","101","664","C1856023"
"31256","10528","2","3","2","110","85","237","433","547","671","C1856023"
"31257","3988","2","3","5","98","174","277","379","476","42","C1856087"
"31258","11340","2","3","2","110","85","237","433","547","671","C1856087"
"31259","6097","2","3","3","19","151","276","91","433","118","C1856087"
"31260","2263","2","5","7","53","14","20","25","40","186","C1856087"
"31261","8878","2","3","12","41","219","339","156","568","697","C1856087"
"31262","6597","2","3","12","19","31","1","426","55","78","C1856087"
"31263","26235","2","3","12","41","116","268","434","468","213","C1856087"
"31264","26154","2","3","5","47","144","185","238","310","392","C1856087"
"31265","10555","2","3","7","34","52","216","395","549","622","C1856087"
"31266","10913","2","3","12","41","219","339","156","568","697","C1856115"
"31267","10060","2","3","8","41","45","23","423","464","445","C1856115"
"31268","3651","2","3","3","19","221","321","428","541","667","C1856115"
"31269","5781","2","5","7","53","14","20","25","40","186","C1856117"
"31270","8517","2","3","12","41","219","339","156","568","697","C1856117"
"31271","10558","2","3","2","50","47","39","100","321","209","C1856117"
"31272","7461","2","3","7","60","153","40","38","93","75","C1856118"
"31273","2056","2","5","7","53","51","119","25","40","186","C1856118"
"31274","585","2","3","12","76","153","40","38","54","75","C1856118"
"31275","7504","2","5","4","68","96","326","427","548","672","C1856119"
"31276","6845","2","5","7","60","14","184","341","544","669","C1856119"
"31277","7042","2","5","7","53","51","342","454","573","492","C1856119"
"31278","9255","2","3","2","110","85","237","433","547","154","C1856119"
"31279","2175","2","3","12","19","31","261","116","1","86","C1856121"
"31280","51741","2","3","2","22","33","323","66","101","127","C1856121"
"31281","8878","2","3","12","41","219","339","156","568","697","C1856121"
"31282","23414","2","3","12","19","31","118","155","287","116","C1856121"
"31283","3930","2","3","2","22","33","323","66","3","464","C1856136"
"31284","10381","2","3","12","76","153","40","38","54","75","C1856136"
"31285","3625","2","5","7","53","51","342","259","423","389","C1856136"
"31286","383","2","3","7","34","52","216","395","549","674","C1856136"
"31287","9213","2","5","7","68","96","184","219","380","666","C1856136"
"31288","472","2","3","12","19","31","261","116","1","86","C1856136"
"31289","9049","2","3","3","41","151","276","378","271","356","C1856164"
"31290","4513","2","3","2","48","170","110","141","359","532","C1856164"
"31291","760","2","3","5","35","41","77","40","78","178","C1856186"
"31292","91137","2","3","2","48","94","199","240","415","666","C1856186"
"31293","3614","2","3","7","34","52","216","395","549","674","C1856202"
"31294","3553","2","5","7","53","51","119","25","489","416","C1856202"
"31295","54463","2","3","2","48","57","110","141","359","462","C1856266"
"31296","10549","2","5","7","34","52","216","395","549","674","C1856266"
"31297","6905","2","3","12","76","153","40","38","54","75","C1856266"
"31298","4854","2","5","7","53","51","143","428","236","667","C1856266"
"31299","1909","2","5","4","68","96","326","427","548","672","C1856266"
"31300","5116","2","3","12","76","153","40","38","54","75","C1856266"
"31301","3560","2","5","7","53","14","20","25","40","186","C1856266"
"31302","9401","2","3","12","76","31","261","116","1","86","C1856266"
"31303","3756","2","5","8","63","36","166","106","110","158","C1856266"
"31304","1302","2","5","7","53","51","342","454","573","492","C1856266"
"31305","10269","2","3","2","48","182","50","119","444","556","C1856266"
"31306","9652","2","3","2","110","85","237","433","547","671","C1856266"
"31307","54101","2","3","2","48","170","50","347","167","593","C1856266"
"31308","5144","2","3","4","68","96","326","427","548","672","C1856266"
"31309","6253","2","5","4","27","36","326","402","489","187","C1856285"
"31310","23317","2","5","7","34","52","216","395","549","674","C1856285"
"31311","2317","2","5","7","63","45","23","103","287","664","C1856285"
"31312","27125","2","3","12","19","31","261","116","159","211","C1856361"
"31313","1289","2","5","7","53","51","342","454","573","492","C1856361"
"31314","7299","2","3","5","23","18","138","250","332","407","C1856408"
"31315","5660","2","5","7","34","52","326","427","548","702","C1856408"
"31316","3265","2","5","7","60","54","24","30","46","72","C1856408"
"31317","4099","2","5","7","27","51","150","444","223","628","C1856409"
"31318","5728","2","3","5","80","81","339","156","568","605","C1856409"
"31319","9509","2","5","7","53","51","342","454","573","492","C1856409"
"31320","1281","2","5","7","53","51","342","454","573","492","C1856409"
"31321","7428","2","3","12","41","116","268","434","468","213","C1856432"
"31322","1404","2","5","7","53","51","342","454","573","492","C1856432"
"31323","3559","2","5","7","53","14","20","25","40","186","C1856432"
"31324","8195","2","3","12","76","153","76","38","54","75","C1856432"
"31325","26353","2","3","12","76","45","160","347","271","356","C1856438"
"31326","2138","2","3","12","19","31","1","426","55","78","C1856438"
"31327","6736","2","3","12","19","31","276","91","433","667","C1856438"
"31328","1291","2","5","7","53","51","342","454","573","492","C1856438"
"31329","2072","2","3","12","19","31","261","116","1","86","C1856438"
"31330","1583","2","3","5","79","152","273","375","100","589","C1856438"
"31331","6303","2","3","2","67","118","160","261","188","423","C1856438"
"31332","7273","2","5","7","53","51","342","103","464","702","C1856438"
"31333","27031","2","3","6","11","142","225","38","331","506","C1856438"
"31334","51752","2","3","2","41","153","119","156","536","116","C1856438"
"31335","26277","2","3","12","19","31","1","426","1","78","C1856438"
"31336","79728","2","3","12","19","31","261","116","1","86","C1856439"
"31337","7298","2","3","12","76","153","40","38","54","75","C1856439"
"31338","6792","2","5","7","53","14","20","34","540","68","C1856439"
"31339","2760","2","3","7","34","52","216","395","549","674","C1856439"
"31340","10395","2","5","7","60","54","24","30","46","72","C1856507"
"31341","7167","2","3","2","90","167","266","367","500","577","C1856507"
"31342","23229","2","5","7","60","54","24","30","46","72","C1856507"
"31343","3040","2","5","5","53","51","342","40","78","178","C1856507"
"31344","5449","2","3","3","19","221","321","428","541","667","C1856542"
"31345","3655","2","5","7","53","51","342","454","573","492","C1856542"
"31346","2629","2","3","5","80","81","250","291","152","420","C1856542"
"31347","51164","2","3","7","76","153","40","38","54","75","C1856559"
"31348","6647","2","3","2","95","2","342","378","173","702","C1856559"
"31349","51604","2","3","2","61","77","142","176","235","317","C1856560"
"31350","9321","2","3","12","76","153","40","38","54","203","C1856560"
"31351","1188","2","5","8","63","45","23","34","464","187","C1856560"
"31352","5146","2","3","5","86","72","258","318","403","518","C1856560"
"31353","2717","2","3","7","34","52","216","395","549","674","C1856560"
"31354","5336","2","3","7","53","14","20","25","40","215","C1856565"
"31355","857","2","5","7","53","45","23","57","83","422","C1856565"
"31356","4998","2","3","12","76","31","261","116","1","86","C1856599"
"31357","126133","2","3","2","41","119","266","136","341","182","C1856599"
"31358","5447","2","3","5","91","214","271","372","471","586","C1856599"
"31359","51098","2","3","12","76","153","40","38","54","75","C1856599"
"31360","5156","2","5","7","53","14","20","25","40","186","C1856599"
"31361","2218","2","5","2","53","123","194","255","560","373","C1856599"
"31362","2317","2","5","7","63","45","23","103","287","664","C1856599"
"31363","57560","2","3","12","76","153","40","38","54","75","C1856599"
"31364","3955","2","5","8","89","124","143","428","236","667","C1856599"
"31365","5617","2","5","12","19","31","1","426","55","78","C1856639"
"31366","5696","2","3","12","41","116","268","156","568","116","C1856639"
"31367","8200","2","5","7","53","51","342","259","423","389","C1856639"
"31368","238","2","5","7","53","14","20","25","40","186","C1856639"
"31369","6121","2","3","2","69","83","101","126","170","224","C1856639"
"31370","546","2","3","12","19","31","261","426","1","86","C1856646"
"31371","9786","2","3","12","76","153","40","38","54","75","C1856646"
"31372","3852","2","1","6","11","142","225","142","220","298","C1856659"
"31373","356","2","5","7","53","219","339","25","489","697","C1856659"
"31374","6567","2","5","8","35","41","77","40","57","80","C1856659"
"31375","274","2","5","7","60","14","184","341","544","669","C1856659"
"31376","23534","2","3","2","22","33","323","66","101","136","C1856659"
"31377","2778","2","5","4","68","96","326","427","548","672","C1856659"
"31378","9445","2","3","12","19","31","1","426","55","78","C1856659"
"31379","23765","2","3","12","41","219","238","252","489","416","C1856660"
"31380","5830","2","3","5","43","161","305","409","208","482","C1856660"
"31381","3952","2","5","3","53","151","276","91","433","118","C1856660"
"31382","6774","2","3","12","53","14","276","25","489","416","C1856660"
"31383","1639","2","3","12","76","153","40","38","54","75","C1856660"
"31384","26608","2","3","2","22","170","50","119","463","153","C1856660"
"31385","1288","2","5","7","53","51","342","454","573","492","C1856660"
"31386","1289","2","5","7","53","51","342","454","573","492","C1856660"
"31387","894","2","3","12","19","31","1","34","540","68","C1856660"
"31388","7169","2","5","8","63","45","23","103","464","187","C1856660"
"31389","26160","2","3","12","76","153","40","38","54","75","C1856660"
"31390","7275","2","5","7","53","14","20","25","40","186","C1856661"
"31391","207","2","3","7","53","14","20","34","489","416","C1856661"
"31392","6197","2","3","12","19","14","20","34","540","68","C1856661"
"31393","10913","2","3","12","41","219","339","156","568","697","C1856661"
"31394","3295","2","3","5","43","161","305","409","208","482","C1856661"
"31395","10371","2","5","7","53","51","342","79","560","373","C1856661"
"31396","3958","2","5","7","34","52","216","395","549","674","C1856661"
"31397","23592","2","3","12","26","105","342","259","423","389","C1856661"
"31398","4512","2","3","2","48","170","110","141","359","8","C1856661"
"31399","1609","2","3","2","63","30","193","306","390","158","C1856661"
"31400","2548","2","3","7","34","52","216","395","549","674","C1856661"
"31401","2068","2","3","12","19","31","261","116","159","211","C1856661"
"31402","1759","2","5","7","60","14","184","341","544","669","C1856661"
"31403","4843","2","3","5","43","161","305","409","489","416","C1856661"
"31404","5020","2","5","4","68","96","326","427","548","672","C1856661"
"31405","3209","2","3","3","19","221","321","428","541","667","C1856661"
"31406","6473","2","3","3","19","221","321","428","541","667","C1856661"
"31407","7280","2","3","12","76","153","40","38","54","75","C1856661"
"31408","54949","2","3","2","48","170","50","119","444","556","C1856661"
"31409","5159","2","5","7","53","14","20","25","40","186","C1856661"
"31410","8086","2","3","12","22","33","323","66","101","664","C1856661"
"31411","6399","2","5","7","60","54","24","30","46","72","C1856661"
"31412","7078","2","5","7","53","51","342","454","573","702","C1856661"
"31413","7436","2","5","7","53","51","342","341","544","669","C1856661"
"31414","51259","2","3","2","76","153","40","38","54","75","C1856661"
"31415","1499","2","3","12","19","221","197","259","560","422","C1856661"
"31416","25","2","3","12","19","14","20","25","287","116","C1856661"
"31417","5160","2","3","2","67","92","293","55","75","311","C1856661"
"31418","7466","2","5","7","53","51","342","454","573","492","C1856661"
"31419","2731","2","3","2","106","104","214","234","67","53","C1856661"
"31420","5781","2","5","7","53","14","20","25","40","186","C1856661"
"31421","6609","2","3","5","105","155","250","291","152","420","C1856661"
"31422","4881","2","3","4","68","96","326","427","548","672","C1856661"
"31423","5130","2","3","2","85","143","286","51","488","102","C1856689"
"31424","7157","2","3","12","19","31","261","402","489","551","C1856694"
"31425","2056","2","5","7","53","51","119","25","40","186","C1856694"
"31426","11280","2","5","8","63","36","166","341","390","158","C1856694"
"31427","5354","2","5","7","27","36","150","341","223","628","C1856694"
"31428","10491","2","5","7","53","51","342","454","573","492","C1856694"
"31429","6324","2","5","7","63","36","166","341","223","158","C1856694"
"31430","4000","2","3","12","26","105","178","226","297","156","C1856694"
"31431","3190","2","3","2","22","33","323","66","101","136","C1856694"
"31432","7099","2","5","7","41","219","339","156","568","697","C1856694"
"31433","774","2","5","8","63","36","166","341","390","158","C1856694"
"31434","4593","2","5","7","53","14","20","454","573","492","C1856714"
"31435","1277","2","5","7","53","51","342","454","573","492","C1856714"
"31436","5824","2","3","5","47","144","185","238","310","392","C1856714"
"31437","6256","2","3","3","19","151","276","91","433","118","C1856714"
"31438","2261","2","5","7","53","14","20","25","40","186","C1856732"
"31439","2200","2","5","7","53","51","342","454","573","492","C1856732"
"31440","2896","2","5","7","34","52","216","395","549","674","C1856732"
"31441","2592","2","3","2","68","117","196","257","326","419","C1856732"
"31442","1493","2","5","7","53","51","119","25","40","186","C1856732"
"31443","1716","2","3","2","27","36","150","221","138","188","C1856738"
"31444","7372","2","3","2","68","119","109","266","182","182","C1856738"
"31445","2184","2","3","5","76","153","138","236","332","407","C1856749"
"31446","5621","2","5","8","27","36","342","454","573","628","C1856749"
"31447","54749","2","3","5","41","119","1","214","454","401","C1856749"
"31448","9469","2","3","2","103","189","303","29","475","467","C1856749"
"31449","859","2","5","8","63","45","23","103","464","187","C1856749"
"31450","3561","2","5","7","53","14","20","25","40","186","C1856749"
"31451","4222","2","3","3","19","221","321","428","541","667","C1856749"
"31452","5830","2","3","5","43","161","305","409","208","482","C1856749"
"31453","5828","2","3","5","43","161","305","409","208","482","C1856749"
"31454","6647","2","3","2","95","2","342","378","173","702","C1856749"
"31455","5328","2","5","7","34","52","216","395","549","674","C1856749"
"31456","5657","2","5","7","34","52","216","395","549","674","C1856765"
"31457","4512","2","3","2","48","170","110","141","359","8","C1856765"
"31458","9241","2","5","7","53","51","342","259","423","389","C1856765"
"31459","5925","2","3","12","19","31","1","426","55","78","C1856780"
"31460","1103","2","3","2","67","92","293","55","75","311","C1856780"
"31461","538","2","3","8","63","45","23","103","464","187","C1856780"
"31462","3417","2","3","7","34","52","216","395","549","319","C1856786"
"31463","860","2","3","12","19","31","276","91","433","118","C1856786"
"31464","30813","2","3","3","19","221","321","428","541","667","C1856786"
"31465","3655","2","5","7","53","51","342","454","573","492","C1856786"
"31466","4668","2","3","5","21","111","188","242","313","396","C1856786"
"31467","5728","2","3","5","80","81","339","156","568","605","C1856786"
"31468","4854","2","5","7","53","51","143","428","236","667","C1856786"
"31469","3149","2","3","2","48","57","110","378","370","664","C1856786"
"31470","1737","2","3","2","67","92","293","55","75","311","C1856786"
"31471","2261","2","5","7","53","14","20","25","40","186","C1856786"
"31472","2512","2","3","7","34","52","216","395","544","358","C1856786"
"31473","11041","2","3","2","27","36","150","341","223","628","C1856872"
"31474","4352","2","5","7","53","14","20","25","40","186","C1856872"
"31475","7390","2","3","5","80","81","166","132","175","473","C1856872"
"31476","4094","2","3","12","19","31","276","91","433","118","C1856872"
"31477","1287","2","5","2","53","51","342","454","573","492","C1856872"
"31478","779","2","5","8","63","36","166","341","390","158","C1856872"
"31479","23064","2","3","6","11","31","261","142","220","664","C1856872"
"31480","6888","2","3","2","90","167","266","367","500","577","C1856872"
"31481","3861","2","1","6","11","142","225","142","220","298","C1856872"
"31482","50717","2","3","12","41","116","268","434","468","213","C1856872"
"31483","4487","2","3","3","19","221","321","428","541","667","C1856872"
"31484","54903","2","3","12","76","153","40","38","54","75","C1856872"
"31485","2022","2","5","7","53","51","342","259","423","389","C1856872"
"31486","2539","2","3","2","48","57","110","141","359","383","C1856872"
"31487","5159","2","5","7","53","14","20","25","40","186","C1856872"
"31488","8516","2","5","7","53","51","342","454","573","492","C1856872"
"31489","55572","2","3","2","48","170","50","119","444","556","C1856872"
"31490","6597","2","3","12","19","31","1","426","55","78","C1856872"
"31491","2182","2","3","2","67","92","265","284","147","235","C1856872"
"31492","6606","2","3","2","22","33","323","66","101","136","C1856872"
"31493","7227","2","3","12","19","31","276","91","433","118","C1856872"
"31494","4893","2","5","7","34","52","24","30","46","72","C1856883"
"31495","6899","2","5","7","53","184","335","259","560","373","C1856883"
"31496","1186","2","5","8","63","45","23","34","464","187","C1856889"
"31497","6253","2","5","4","27","36","326","402","489","187","C1856889"
"31498","8626","2","3","3","19","221","321","428","541","667","C1856889"
"31499","11235","2","3","2","76","137","76","136","472","435","C1856904"
"31500","675","2","3","12","19","31","261","116","1","86","C1856904"
"31501","54880","2","3","12","19","31","1","426","55","78","C1856904"
"31502","50814","2","3","2","69","221","73","360","86","119","C1856904"
"31503","2074","2","3","12","19","31","1","426","55","78","C1856904"
"31504","7306","2","5","5","23","18","138","250","332","407","C1856904"
"31505","7172","2","3","5","80","81","105","426","129","586","C1856912"
"31506","1161","2","3","12","41","116","268","434","468","213","C1856912"
"31507","161742","2","5","7","41","116","24","30","568","214","C1856912"
"31508","5015","2","3","3","19","221","321","428","541","667","C1856912"
"31509","189","2","3","5","43","161","305","409","208","482","C1856912"
"31510","4041","2","5","3","68","221","197","259","560","422","C1856912"
"31511","598","2","3","12","41","219","339","402","489","416","C1856920"
"31512","9365","2","3","7","53","14","20","25","40","186","C1856920"
"31513","2200","2","5","7","53","51","342","454","573","492","C1856922"
"31514","10484","2","3","7","60","153","40","38","54","203","C1856922"
"31515","779","2","5","8","63","36","166","341","390","158","C1856922"
"31516","2332","2","3","2","22","33","71","373","466","609","C1856934"
"31517","2131","2","3","2","74","58","112","148","181","416","C1856934"
"31518","2301","2","5","6","11","142","225","142","220","673","C1856953"
"31519","4038","2","5","7","53","51","342","454","573","492","C1856953"
"31520","23594","2","3","12","76","153","261","116","1","86","C1856953"
"31521","3617","2","5","7","86","221","321","454","311","518","C1856953"
"31522","3549","2","5","3","53","51","197","259","560","422","C1856953"
"31523","1663","2","3","12","76","105","178","226","297","380","C1856954"
"31524","10082","2","3","2","74","51","342","454","573","492","C1856954"
"31525","2074","2","3","12","19","31","1","426","55","78","C1856954"
"31526","2177","2","3","2","110","90","261","431","545","443","C1856954"
"31527","1719","2","3","2","76","153","40","116","54","75","C1856954"
"31528","8243","2","3","12","76","31","40","38","54","75","C1856954"
"31529","2322","2","5","7","53","14","20","25","40","186","C1856954"
"31530","7490","2","3","3","19","221","321","428","541","667","C1856963"
"31531","2812","2","5","7","53","51","342","454","573","492","C1856963"
"31532","10577","2","5","7","34","52","216","395","549","674","C1856963"
"31533","2778","2","5","4","68","96","326","427","548","672","C1856963"
"31534","51086","2","3","2","68","45","232","321","406","520","C1856963"
"31535","324","2","3","12","41","219","197","70","255","422","C1856963"
"31536","56606","2","5","7","90","216","337","448","565","562","C1856963"
"31537","23314","2","3","3","19","221","321","428","541","667","C1856963"
"31538","2068","2","3","12","19","31","261","116","159","211","C1856963"
"31539","4683","2","3","12","19","31","261","116","1","86","C1856963"
"31540","1281","2","5","7","53","51","342","454","573","492","C1856963"
"31541","5034","2","5","7","53","51","342","454","573","492","C1856963"
"31542","55624","2","3","2","78","123","194","255","215","412","C1856963"
"31543","4023","2","3","5","24","51","342","91","20","27","C1856963"
"31544","355","2","3","7","41","219","339","156","568","697","C1856963"
"31545","595","2","3","12","19","31","1","426","489","416","C1856963"
"31546","348","2","5","7","53","51","342","454","573","492","C1857002"
"31547","23534","2","3","2","22","33","323","66","101","136","C1857002"
"31548","1278","2","5","7","53","51","342","454","573","492","C1857002"
"31549","3594","2","5","7","53","51","119","25","560","373","C1857002"
"31550","4214","2","3","12","41","219","339","34","540","117","C1857002"
"31551","6916","2","3","5","91","175","119","167","224","301","C1857055"
"31552","27247","2","3","2","48","170","50","119","100","556","C1857055"
"31553","5076","2","3","3","19","221","321","428","541","667","C1857074"
"31554","80339","2","3","5","2","213","334","443","559","687","C1857074"
"31555","2317","2","5","7","63","45","23","103","287","664","C1857074"
"31556","546","2","3","12","19","31","261","426","1","86","C1857074"
"31557","9927","2","3","12","19","31","118","155","287","116","C1857078"
"31558","9927","2","3","12","19","31","118","155","287","116","C1857078"
"31559","9103","2","5","7","53","142","71","341","560","219","C1857078"
"31560","26227","2","3","2","41","137","44","208","81","108","C1857079"
"31561","26580","2","5","8","27","70","99","162","216","290","C1857079"
"31562","1041","2","1","6","11","142","225","142","220","298","C1857079"
"31563","5168","2","3","5","32","93","163","207","324","415","C1857079"
"31564","1028","2","3","12","19","31","1","116","1","86","C1857079"
"31565","22845","2","3","2","48","68","125","161","214","288","C1857079"
"31566","29887","2","3","7","60","18","110","141","198","270","C1857079"
"31567","617","2","3","2","48","170","50","304","167","593","C1857079"
"31568","4791","2","3","12","41","219","339","156","568","697","C1857079"
"31569","55112","2","3","12","76","153","40","38","54","75","C1857079"
"31570","5631","2","3","2","72","119","109","266","336","452","C1857079"
"31571","8243","2","3","12","76","31","40","38","54","75","C1857079"
"31572","9076","2","5","6","42","36","71","177","64","219","C1857079"
"31573","55612","2","5","7","60","36","71","177","560","701","C1857079"
"31574","5824","2","3","5","47","144","185","238","310","392","C1857079"
"31575","1410","2","3","12","63","45","23","38","54","187","C1857079"
"31576","5130","2","3","2","85","143","286","51","488","102","C1857079"
"31577","79228","2","3","2","22","33","323","66","101","136","C1857079"
"31578","8076","2","5","7","53","51","342","454","573","492","C1857079"
"31579","1280","2","5","7","53","51","342","454","573","492","C1857079"
"31580","4668","2","3","5","21","111","188","242","313","396","C1857079"
"31581","6899","2","5","7","53","184","335","259","560","373","C1857079"
"31582","26504","2","3","5","42","81","296","399","201","274","C1857079"
"31583","6448","2","3","5","74","160","294","376","453","567","C1857093"
"31584","9657","2","3","12","76","153","40","38","54","75","C1857101"
"31585","3953","2","5","7","53","14","20","25","40","186","C1857101"
"31586","3914","2","5","7","53","51","342","454","573","492","C1857126"
"31587","1026","2","3","12","19","31","1","116","489","416","C1857126"
"31588","3356","2","5","4","68","96","326","427","548","672","C1857126"
"31589","3257","2","5","7","60","54","24","30","46","72","C1857126"
"31590","2068","2","3","12","19","31","261","116","159","211","C1857126"
"31591","811","2","3","2","41","116","342","423","536","342","C1857171"
"31592","1678","2","3","2","48","170","50","304","167","593","C1857171"
"31593","22880","2","3","2","115","151","340","451","569","698","C1857171"
"31594","55636","2","3","3","19","221","321","428","423","389","C1857171"
"31595","5321","2","3","5","116","183","295","398","243","327","C1857175"
"31596","7259","2","3","12","19","31","1","426","55","78","C1857175"
"31597","368","2","3","12","41","116","268","423","536","445","C1857175"
"31598","6909","2","5","7","53","51","335","444","560","373","C1857175"
"31599","1184","2","5","8","63","45","23","34","464","187","C1857175"
"31600","10555","2","3","7","34","52","216","395","549","622","C1857180"
"31601","5573","2","3","12","19","184","118","155","287","116","C1857180"
"31602","6005","2","3","2","16","197","45","155","78","695","C1857180"
"31603","1736","2","3","2","110","85","237","433","547","671","C1857180"
"31604","6736","2","3","12","19","31","276","91","433","667","C1857186"
"31605","4513","2","3","2","48","170","110","141","359","532","C1857186"
"31606","3984","2","5","7","53","14","20","34","540","68","C1857186"
"31607","6657","2","3","12","19","221","321","428","541","667","C1857190"
"31608","2263","2","5","7","53","14","20","25","40","186","C1857190"
"31609","10683","2","5","7","53","51","143","428","560","667","C1857190"
"31610","5605","2","5","7","53","14","20","34","540","68","C1857202"
"31611","3845","2","5","7","60","54","24","30","46","72","C1857202"
"31612","5148","2","3","4","68","45","272","259","518","621","C1857202"
"31613","2260","2","5","7","53","14","20","25","40","186","C1857202"
"31614","54941","2","3","12","41","116","268","434","468","213","C1857202"
"31615","3106","2","5","7","34","52","119","395","549","674","C1857202"
"31616","1301","2","5","7","53","51","342","454","573","492","C1857202"
"31617","50615","2","5","7","53","51","119","25","40","186","C1857202"
"31618","5579","2","5","7","53","14","20","34","540","68","C1857202"
"31619","7020","2","3","12","19","31","276","91","433","664","C1857202"
"31620","5193","2","3","5","43","161","305","409","208","482","C1857206"
"31621","5444","2","3","5","80","147","236","328","411","229","C1857206"
"31622","54716","2","5","8","45","94","199","240","415","666","C1857206"
"31623","8557","2","5","8","63","45","23","103","464","187","C1857206"
"31624","5573","2","3","12","19","184","118","155","287","116","C1857206"
"31625","60468","2","3","12","19","31","276","91","433","118","C1857206"
"31626","26227","2","3","2","41","137","44","208","81","108","C1857206"
"31627","341640","2","5","7","53","51","335","444","560","373","C1857206"
"31628","213","2","5","7","53","51","342","454","573","492","C1857206"
"31629","34","2","3","2","19","151","276","91","433","118","C1857206"
"31630","348932","2","3","8","45","94","199","240","415","666","C1857206"
"31631","2255","2","5","7","53","14","20","25","40","186","C1857206"
"31632","54880","2","3","12","19","31","1","426","55","78","C1857252"
"31633","2892","2","5","8","63","36","166","106","110","158","C1857252"
"31634","1244","2","3","12","41","116","268","423","536","445","C1857269"
"31635","5422","2","3","12","19","31","261","116","1","86","C1857269"
"31636","51684","2","3","12","41","116","268","38","54","75","C1857269"
"31637","58","2","5","8","63","45","23","103","464","187","C1857276"
"31638","2033","2","3","12","19","31","1","91","433","118","C1857276"
"31639","3861","2","1","6","11","142","225","142","220","298","C1857278"
"31640","51651","2","3","12","41","219","339","156","568","605","C1857278"
"31641","1019","2","3","12","19","31","1","116","1","86","C1857278"
"31642","2879","2","3","5","80","81","166","378","173","229","C1857278"
"31643","5860","2","3","2","69","91","75","204","267","352","C1857278"
"31644","4340","2","5","7","53","51","119","341","223","628","C1857278"
"31645","7421","2","3","3","19","151","276","91","433","118","C1857278"
"31646","5604","2","5","7","53","14","20","34","540","68","C1857278"
"31647","1184","2","5","8","63","45","23","34","464","187","C1857278"
"31648","1278","2","5","7","53","51","342","454","573","492","C1857287"
"31649","55640","2","3","5","80","81","104","369","117","583","C1857287"
"31650","8573","2","5","7","53","36","71","341","223","219","C1857287"
"31651","7403","2","3","12","19","31","1","426","55","78","C1857287"
"31652","54551","2","3","12","41","219","197","156","568","422","C1857287"
"31653","54903","2","3","12","76","153","40","38","54","75","C1857287"
"31654","54903","2","3","12","76","153","40","38","54","75","C1857287"
"31655","857","2","5","7","53","45","23","57","83","422","C1857287"
"31656","7291","2","3","12","19","151","276","91","489","416","C1857287"
"31657","26580","2","5","8","27","70","99","162","216","290","C1857287"
"31658","91137","2","3","2","48","94","199","240","415","666","C1857316"
"31659","54757","2","5","7","53","51","342","454","573","492","C1857316"
"31660","8243","2","3","12","76","31","40","38","54","75","C1857353"
"31661","4000","2","3","12","26","105","178","226","297","156","C1857353"
"31662","7415","2","3","7","34","52","216","395","536","445","C1857353"
"31663","2074","2","3","12","19","31","1","426","55","78","C1857353"
"31664","1302","2","5","7","53","51","342","454","573","492","C1857353"
"31665","4053","2","5","7","53","51","342","454","573","492","C1857353"
"31666","1908","2","5","4","68","96","326","427","548","672","C1857353"
"31667","23495","2","3","12","41","219","339","156","568","697","C1857353"
"31668","4221","2","3","12","19","31","342","454","573","492","C1857355"
"31669","1588","2","3","5","79","159","256","350","27","44","C1857355"
"31670","9409","2","3","5","43","161","305","409","208","482","C1857451"
"31671","7297","2","5","7","53","184","119","25","40","186","C1857451"
"31672","10002","2","3","3","19","151","276","91","433","118","C1857451"
"31673","55505","2","3","2","110","85","237","433","547","671","C1857453"
"31674","7227","2","3","12","19","31","276","91","433","118","C1857453"
"31675","1723","2","3","2","48","170","50","119","444","556","C1857453"
"31676","7681","2","3","12","41","116","268","434","468","213","C1857453"
"31677","29899","2","5","4","68","96","326","427","548","672","C1857453"
"31678","3778","2","5","8","63","36","166","106","110","158","C1857453"
"31679","9569","2","3","12","19","31","276","91","433","118","C1857453"
"31680","4041","2","5","3","68","221","197","259","560","422","C1857456"
"31681","8314","2","3","12","41","31","1","426","55","78","C1857456"
"31682","4893","2","5","7","34","52","24","30","46","72","C1857456"
"31683","7248","2","3","2","48","57","110","141","359","462","C1857456"
"31684","790","2","3","12","41","219","339","347","206","627","C1857456"
"31685","22","2","3","2","48","170","279","423","274","154","C1857479"
"31686","23426","2","5","7","42","36","71","177","223","219","C1857479"
"31687","2780","2","5","4","68","96","326","427","548","672","C1857479"
"31688","4221","2","3","12","19","31","342","454","573","492","C1857479"
"31689","50846","2","3","3","68","221","197","259","560","422","C1857479"
"31690","9992","2","5","8","63","36","166","341","110","158","C1857479"
"31691","2317","2","5","7","63","45","23","103","287","664","C1857479"
"31692","8242","2","3","12","19","31","1","426","55","78","C1857482"
"31693","3736","2","5","8","63","36","166","106","110","158","C1857482"
"31694","1193","2","5","8","63","45","23","34","464","187","C1857482"
"31695","2255","2","5","7","53","14","20","25","40","186","C1857482"
"31696","5894","2","5","7","60","54","23","34","464","187","C1857482"
"31697","50618","2","5","7","60","54","24","30","544","669","C1857483"
"31698","11005","2","1","6","11","142","225","142","220","298","C1857483"
"31699","2621","2","5","7","53","51","342","454","573","492","C1857484"
"31700","3728","2","5","7","34","52","225","142","220","298","C1857484"
"31701","54386","2","3","12","19","31","261","116","1","78","C1857484"
"31702","129880","2","3","12","76","153","40","38","54","75","C1857484"
"31703","1001","2","5","7","53","51","335","444","560","373","C1857485"
"31704","7422","2","5","7","53","51","342","454","573","702","C1857485"
"31705","3815","2","5","7","53","14","20","25","40","186","C1857485"
"31706","55612","2","5","7","60","36","71","177","560","701","C1857485"
"31707","7290","2","3","12","19","31","1","426","55","78","C1857485"
"31708","2149","2","5","4","68","96","326","427","548","672","C1857500"
"31709","5663","2","5","7","34","52","216","395","549","667","C1857500"
"31710","5080","2","3","3","19","221","321","428","541","667","C1857500"
"31711","6557","2","5","8","45","94","199","240","415","666","C1857501"
"31712","8900","2","3","12","19","31","261","116","1","86","C1857501"
"31713","7490","2","3","3","19","221","321","428","541","667","C1857527"
"31714","8625","2","3","12","19","31","276","91","236","118","C1857527"
"31715","4694","2","3","2","48","170","50","119","444","556","C1857527"
"31716","2301","2","5","6","11","142","225","142","220","673","C1857527"
"31717","9871","2","3","7","60","153","40","38","54","203","C1857527"
"31718","2629","2","3","5","80","81","250","291","152","420","C1857527"
"31719","55112","2","3","12","76","153","40","38","54","75","C1857527"
"31720","857","2","5","7","53","45","23","57","83","422","C1857539"
"31721","7015","2","3","12","19","31","1","426","55","78","C1857539"
"31722","7136","2","5","8","63","45","23","103","464","187","C1857539"
"31723","4255","2","3","12","19","31","261","116","1","86","C1857539"
"31724","5034","2","5","7","53","51","342","454","573","492","C1857539"
"31725","1586","2","3","5","79","98","256","335","425","540","C1857539"
"31726","27185","2","3","12","76","153","40","38","54","75","C1857539"
"31727","5818","2","5","7","53","51","335","444","560","373","C1857539"
"31728","2317","2","5","7","63","45","23","103","287","664","C1857586"
"31729","4514","2","3","2","48","57","110","141","359","5","C1857586"
"31730","5340","2","5","7","53","51","342","454","573","492","C1857586"
"31731","4867","2","5","7","76","153","40","38","54","75","C1857586"
"31732","5908","2","5","7","34","52","216","30","46","72","C1857586"
"31733","6690","2","5","7","68","51","119","395","549","674","C1857586"
"31734","1586","2","3","5","79","98","256","335","425","540","C1857618"
"31735","84631","2","5","7","53","51","335","444","560","373","C1857618"
"31736","5080","2","3","3","19","221","321","428","541","667","C1857618"
"31737","3752","2","5","8","63","36","166","106","110","158","C1857627"
"31738","11141","2","5","7","53","36","335","444","223","373","C1857627"
"31739","1352","2","3","2","48","170","50","119","444","556","C1857627"
"31740","2099","2","3","12","19","151","276","91","433","118","C1857627"
"31741","6223","2","3","2","110","85","237","433","547","671","C1857632"
"31742","2554","2","5","8","27","70","99","162","216","290","C1857632"
"31743","7840","2","3","12","76","153","40","38","54","75","C1857632"
"31744","3172","2","3","3","19","151","276","91","433","118","C1857632"
"31745","2353","2","3","12","19","31","1","91","489","416","C1857632"
"31746","2639","2","3","2","71","148","34","160","115","164","C1857632"
"31747","4221","2","3","12","19","31","342","454","573","492","C1857632"
"31748","80184","2","5","7","34","52","216","38","54","75","C1857638"
"31749","1075","2","5","7","34","52","216","395","549","674","C1857638"
"31750","23400","2","5","8","63","45","23","103","464","187","C1857641"
"31751","596","2","3","12","19","219","339","402","489","416","C1857641"
"31752","7040","2","5","7","53","51","342","454","573","492","C1857641"
"31753","2914","2","5","4","68","96","326","427","548","672","C1857641"
"31754","8200","2","5","7","53","51","342","259","423","389","C1857641"
"31755","2261","2","5","7","53","14","20","25","40","186","C1857641"
"31756","6866","2","5","4","68","96","326","427","548","672","C1857641"
"31757","6299","2","3","12","19","221","321","428","541","667","C1857641"
"31758","51738","2","5","4","68","96","326","427","548","672","C1857641"
"31759","2121","2","3","12","41","116","268","434","568","605","C1857641"
"31760","7015","2","3","12","19","31","1","426","55","78","C1857641"
"31761","10555","2","3","7","34","52","216","395","549","622","C1857641"
"31762","3371","2","5","7","53","51","342","454","573","492","C1857641"
"31763","10019","2","5","7","53","14","20","25","40","116","C1857641"
"31764","2588","2","3","7","34","52","216","395","549","674","C1857641"
"31765","4149","2","3","12","19","31","1","426","55","78","C1857641"
"31766","7297","2","5","7","53","184","119","25","40","186","C1857644"
"31767","133","2","5","4","68","96","326","427","548","672","C1857644"
"31768","7421","2","3","3","19","151","276","91","433","118","C1857644"
"31769","5781","2","5","7","53","14","20","25","40","186","C1857644"
"31770","8813","2","3","2","48","116","142","136","280","363","C1857644"
"31771","5447","2","3","5","91","214","271","372","471","586","C1857644"
"31772","5468","2","3","3","19","151","276","91","433","118","C1857644"
"31773","5982","2","3","12","19","31","261","116","1","86","C1857644"
"31774","368","2","3","12","41","116","268","423","536","445","C1857645"
"31775","5897","2","3","12","41","116","268","141","568","605","C1857645"
"31776","9897","2","3","12","76","18","75","38","1","212","C1857645"
"31777","5179","2","5","4","68","96","326","427","548","672","C1857651"
"31778","801","2","5","8","63","45","23","103","464","187","C1857651"
"31779","182","2","5","7","53","51","143","428","236","667","C1857651"
"31780","1723","2","3","2","48","170","50","119","444","556","C1857656"
"31781","8742","2","3","12","41","219","339","156","568","697","C1857656"
"31782","4286","2","3","12","19","31","261","116","1","664","C1857656"
"31783","641","2","3","12","19","31","261","116","1","86","C1857656"
"31784","8815","2","3","12","22","33","323","66","444","664","C1857656"
"31785","767","2","3","5","35","41","87","93","149","196","C1857656"
"31786","4693","2","5","7","53","51","342","454","573","492","C1857656"
"31787","5155","2","5","7","53","51","342","454","573","186","C1857656"
"31788","9469","2","3","2","103","189","303","29","475","467","C1857656"
"31789","1030","2","3","12","19","31","1","426","55","78","C1857656"
"31790","2859","2","2","1","9","15","21","28","42","62","C1857656"
"31791","547","2","3","7","76","153","40","38","54","75","C1857656"
"31792","4882","2","3","4","68","96","326","427","548","672","C1857656"
"31793","5727","2","3","12","68","221","197","259","560","422","C1857656"
"31794","23322","2","3","12","76","153","40","38","54","75","C1857656"
"31795","1586","2","3","5","79","98","256","335","425","540","C1857656"
"31796","6017","2","3","2","69","83","101","126","170","224","C1857656"
"31797","5328","2","5","7","34","52","216","395","549","674","C1857656"
"31798","23522","2","3","12","19","31","1","426","55","78","C1857657"
"31799","6929","2","3","12","19","31","1","426","55","78","C1857657"
"31800","1717","2","3","2","19","151","276","48","69","204","C1857657"
"31801","5563","2","3","2","48","57","110","141","359","462","C1857657"
"31802","5318","2","1","6","11","142","225","142","220","298","C1857657"
"31803","3636","2","3","5","80","14","20","25","40","186","C1857657"
"31804","2010","2","3","12","26","105","296","226","488","156","C1857657"
"31805","9652","2","3","2","110","85","237","433","547","671","C1857657"
"31806","627","2","5","7","53","51","335","444","423","373","C1857657"
"31807","4621","2","5","8","63","45","23","103","464","187","C1857657"
"31808","3593","2","5","7","53","51","119","25","489","416","C1857657"
"31809","5743","2","3","5","53","175","119","167","489","416","C1857657"
"31810","5728","2","3","5","80","81","339","156","568","605","C1857657"
"31811","4621","2","5","8","63","45","23","103","464","187","C1857662"
"31812","1643","2","3","12","41","116","268","434","468","213","C1857662"
"31813","4846","2","3","5","41","219","75","243","44","64","C1857662"
"31814","1581","2","3","5","19","151","276","91","433","118","C1857662"
"31815","5916","2","3","3","19","151","276","91","433","118","C1857665"
"31816","1161","2","3","12","41","116","268","434","468","213","C1857665"
"31817","2072","2","3","12","19","31","261","116","1","86","C1857665"
"31818","4089","2","3","12","19","219","339","259","423","605","C1857665"
"31819","6101","2","5","7","60","116","268","434","468","215","C1857665"
"31820","5657","2","5","7","34","52","216","395","549","674","C1857665"
"31821","23203","2","3","5","80","81","50","304","167","593","C1857690"
"31822","1031","2","3","12","19","31","1","426","55","78","C1857690"
"31823","5518","2","3","12","76","153","40","38","54","435","C1857693"
"31824","2074","2","3","12","19","31","1","426","55","78","C1857693"
"31825","1545","2","3","5","91","175","271","372","443","558","C1857693"
"31826","4535","2","3","2","48","170","50","119","444","556","C1857697"
"31827","8504","2","3","5","47","144","185","238","310","392","C1857697"
"31828","633","2","5","7","53","51","342","454","573","492","C1857697"
"31829","27031","2","3","6","11","142","225","38","331","506","C1857697"
"31830","26277","2","3","12","19","31","1","426","1","78","C1857699"
"31831","486","2","5","8","63","45","23","103","464","187","C1857699"
"31832","427","2","3","7","34","52","216","395","549","420","C1857707"
"31833","27185","2","3","12","76","153","40","38","54","75","C1857707"
"31834","2516","2","3","3","19","151","276","91","433","118","C1857707"
"31835","3784","2","5","8","63","36","166","106","110","158","C1857710"
"31836","4541","2","3","2","48","170","50","119","444","24","C1857710"
"31837","10982","2","3","12","76","153","40","38","54","75","C1857710"
"31838","215","2","3","5","47","144","185","238","310","392","C1857710"
"31839","595","2","3","12","19","31","1","426","489","416","C1857710"
"31840","4204","2","3","12","19","31","1","426","55","78","C1857710"
"31841","3248","2","3","2","69","83","133","167","224","301","C1857710"
"31842","4318","2","5","7","34","52","216","395","573","492","C1857710"
"31843","1297","2","5","7","53","51","342","454","573","492","C1857710"
"31844","54101","2","3","2","48","170","50","347","167","593","C1857790"
"31845","421","2","5","7","42","51","335","444","560","373","C1857790"
"31846","5728","2","3","5","80","81","339","156","568","605","C1857790"
"31847","4613","2","3","12","19","31","1","426","55","78","C1857790"
"31848","54187","2","3","5","80","81","296","272","452","148","C1857828"
"31849","26277","2","3","12","19","31","1","426","1","78","C1857949"
"31850","64240","2","3","5","47","144","185","238","310","392","C1857949"
"31851","6497","2","5","3","19","221","342","259","423","389","C1857949"
"31852","4645","2","3","4","67","92","293","55","75","311","C1857949"
"31853","10018","2","3","7","41","219","339","402","489","72","C1857949"
"31854","6469","2","5","3","53","221","197","259","560","422","C1857949"
"31855","8481","2","3","12","76","153","40","38","54","75","C1857949"
"31856","5897","2","3","12","41","116","268","141","568","605","C1857949"
"31857","10555","2","3","7","34","52","216","395","549","622","C1857949"
"31858","4036","2","5","7","60","14","184","341","544","669","C1857949"
"31859","2551","2","3","3","19","151","276","91","433","118","C1857949"
"31860","5296","2","5","7","53","14","20","25","40","186","C1857949"
"31861","7466","2","5","7","53","51","342","454","573","492","C1857949"
"31862","10855","2","5","7","34","52","216","395","549","674","C1857949"
"31863","5189","2","3","5","43","161","305","409","208","482","C1857949"
"31864","6204","2","3","2","110","85","237","433","547","671","C1857953"
"31865","886","2","5","4","68","96","326","427","548","672","C1857953"
"31866","2778","2","5","4","68","96","326","427","548","672","C1857953"
"31867","1380","2","5","7","53","51","119","395","549","674","C1857953"
"31868","6715","2","3","2","69","98","85","189","247","333","C1857953"
"31869","23169","2","3","2","78","205","112","430","429","544","C1857977"
"31870","5119","2","3","2","48","57","110","141","359","462","C1858025"
"31871","2006","2","5","7","53","51","342","454","573","492","C1858025"
"31872","9742","2","3","12","76","153","40","38","54","75","C1858025"
"31873","54345","2","5","3","19","221","321","428","541","667","C1858025"
"31874","23236","2","3","4","68","96","326","427","548","672","C1858025"
"31875","4851","2","3","12","19","221","143","428","236","667","C1858025"
"31876","4852","2","5","4","68","96","326","427","548","672","C1858025"
"31877","7157","2","3","12","19","31","261","402","489","551","C1858025"
"31878","9382","2","5","7","60","153","40","38","66","203","C1858025"
"31879","8214","2","3","6","11","142","225","142","220","298","C1858025"
"31880","2200","2","5","7","53","51","342","454","573","492","C1858025"
"31881","3630","2","5","7","53","14","20","25","40","186","C1858025"
"31882","7737","2","3","12","22","33","268","434","468","213","C1858025"
"31883","2778","2","5","4","68","96","326","427","548","672","C1858033"
"31884","51604","2","3","2","61","77","142","176","235","317","C1858033"
"31885","6311","2","3","2","22","33","323","66","362","468","C1858033"
"31886","5032","2","5","4","68","96","326","427","548","672","C1858033"
"31887","5309","2","3","3","19","221","321","428","541","667","C1858036"
"31888","7015","2","3","12","19","31","1","426","55","78","C1858036"
"31889","5897","2","3","12","41","116","268","141","568","605","C1858036"
"31890","5971","2","3","12","41","219","339","156","568","621","C1858036"
"31891","440275","2","3","2","110","85","237","433","547","671","C1858036"
"31892","9839","2","3","3","19","221","321","428","541","667","C1858036"
"31893","5354","2","5","7","27","36","150","341","223","628","C1858036"
"31894","23384","2","3","12","63","45","184","103","572","658","C1858036"
"31895","26137","2","5","7","63","45","184","103","572","658","C1858036"
"31896","831","2","5","7","53","51","342","454","573","492","C1858091"
"31897","3930","2","3","2","22","33","323","66","3","464","C1858091"
"31898","3764","2","5","8","63","36","166","106","110","158","C1858091"
"31899","2006","2","5","7","53","51","342","454","573","492","C1858091"
"31900","23746","2","3","12","41","83","101","126","271","356","C1858091"
"31901","613","2","5","7","60","54","24","30","46","72","C1858091"
"31902","9037","2","5","7","53","51","342","454","560","492","C1858091"
"31903","64123","2","5","7","53","51","342","444","560","373","C1858091"
"31904","860","2","3","12","19","31","276","91","433","118","C1858091"
"31905","7015","2","3","12","19","31","1","426","55","78","C1858116"
"31906","7454","2","5","7","60","14","20","25","40","215","C1858116"
"31907","7170","2","5","8","63","45","23","103","464","187","C1858116"
"31908","7157","2","3","12","19","31","261","402","489","551","C1858127"
"31909","9456","2","5","7","60","36","71","341","223","219","C1858127"
"31910","9401","2","3","12","76","31","261","116","1","86","C1858127"
"31911","6938","2","3","12","19","31","1","426","55","78","C1858127"
"31912","8216","2","3","12","41","119","330","214","454","144","C1858127"
"31913","335","2","5","7","53","51","342","454","573","492","C1858127"
"31914","6855","2","5","7","27","36","150","341","223","628","C1858127"
"31915","8799","2","3","5","43","161","305","409","208","482","C1858127"
"31916","60","2","3","12","60","45","184","155","287","78","C1858127"
"31917","54884","2","5","7","53","51","342","454","573","492","C1858127"
"31918","11343","2","3","5","98","213","334","57","83","658","C1858127"
"31919","9569","2","3","12","19","31","276","91","433","118","C1858127"
"31920","3835","2","3","12","76","153","40","38","54","75","C1858266"
"31921","1487","2","3","12","19","31","1","426","55","340","C1858266"
"31922","5728","2","3","5","80","81","339","156","568","605","C1858266"
"31923","2697","2","3","7","76","153","40","38","54","75","C1858266"
"31924","4948","2","5","8","63","45","23","250","464","187","C1858285"
"31925","5194","2","3","5","43","161","305","409","208","482","C1858285"
"31926","9997","2","3","2","48","170","50","119","444","556","C1858285"
"31927","4524","2","3","2","15","166","104","369","117","583","C1858285"
"31928","4627","2","5","7","63","45","184","103","572","658","C1858285"
"31929","55636","2","3","3","19","221","321","428","423","389","C1858285"
"31930","6715","2","3","2","69","98","85","189","247","333","C1858285"
"31931","2638","2","5","8","63","45","23","103","464","187","C1858285"
"31932","581","2","3","12","41","219","339","402","489","551","C1858285"
"31933","5308","2","3","3","19","221","321","428","541","667","C1858285"
"31934","5654","2","5","7","53","51","342","454","573","492","C1858285"
"31935","4292","2","3","12","19","31","261","116","1","86","C1858285"
"31936","5885","2","3","12","76","153","40","38","54","75","C1858285"
"31937","5605","2","5","7","53","14","20","34","540","68","C1858285"
"31938","4125","2","3","7","34","52","216","395","549","674","C1858285"
"31939","6495","2","3","3","19","221","321","428","541","667","C1858285"
"31940","5290","2","3","7","53","14","20","25","40","186","C1858285"
"31941","2694","2","5","7","48","51","105","139","186","245","C1858285"
"31942","6401","2","5","7","53","51","119","454","573","492","C1858285"
"31943","4512","2","3","2","48","170","110","141","359","8","C1858285"
"31944","594","2","3","2","67","92","293","55","75","311","C1858312"
"31945","29954","2","5","2","27","206","324","430","215","290","C1858312"
"31946","1186","2","5","8","63","45","23","34","464","187","C1858338"
"31947","6424","2","5","7","53","51","342","454","573","492","C1858395"
"31948","6597","2","3","12","19","31","1","426","55","78","C1858395"
"31949","5830","2","3","5","43","161","305","409","208","482","C1858395"
"31950","5818","2","5","7","53","51","335","444","560","373","C1858395"
"31951","6569","2","3","8","45","94","199","240","415","666","C1858395"
"31952","10585","2","5","2","27","206","324","430","215","290","C1858395"
"31953","1080","2","3","12","41","219","339","156","544","669","C1858395"
"31954","5617","2","5","12","19","31","1","426","55","78","C1858395"
"31955","2706","2","3","12","76","153","40","38","54","75","C1858395"
"31956","22","2","3","2","48","170","279","423","274","154","C1858395"
"31957","8481","2","3","12","76","153","40","38","54","75","C1858427"
"31958","6571","2","3","8","60","36","71","341","223","624","C1858427"
"31959","3060","2","5","4","68","96","326","427","548","672","C1858452"
"31960","4784","2","3","2","22","33","261","116","159","211","C1858452"
"31961","6908","2","3","12","19","31","1","116","159","211","C1858452"
"31962","4286","2","3","12","19","31","261","116","1","664","C1858452"
"31963","171024","2","3","2","48","45","110","141","359","462","C1858452"
"31964","3848","2","5","7","34","52","225","142","220","298","C1858452"
"31965","3845","2","5","7","60","54","24","30","46","72","C1858452"
"31966","84976","2","3","12","19","124","238","428","236","667","C1858452"
"31967","8546","2","5","7","60","18","184","341","544","669","C1858452"
"31968","5447","2","3","5","91","214","271","372","471","586","C1858452"
"31969","4609","2","3","12","19","31","1","160","107","416","C1858452"
"31970","7157","2","3","12","19","31","261","402","489","551","C1858452"
"31971","3784","2","5","8","63","36","166","106","110","158","C1858452"
"31972","6197","2","3","12","19","14","20","34","540","68","C1858452"
"31973","857","2","5","7","53","45","23","57","83","422","C1858452"
"31974","2263","2","5","7","53","14","20","25","40","186","C1858452"
"31975","10806","2","3","12","76","153","40","38","54","75","C1858452"
"31976","2239","2","3","2","74","51","342","454","573","492","C1858477"
"31977","26504","2","3","5","42","81","296","399","201","274","C1858516"
"31978","9871","2","3","7","60","153","40","38","54","203","C1858516"
"31979","5422","2","3","12","19","31","261","116","1","86","C1858539"
"31980","8302","2","5","7","53","51","119","395","549","674","C1858539"
"31981","7169","2","5","8","63","45","23","103","464","187","C1858539"
"31982","5156","2","5","7","53","14","20","25","40","186","C1858539"
"31983","79661","2","3","12","19","31","261","116","1","86","C1858539"
"31984","3651","2","3","3","19","221","321","428","541","667","C1858539"
"31985","2316","2","5","7","53","51","342","454","573","702","C1858539"
"31986","8600","2","5","7","41","219","339","156","568","697","C1858539"
"31987","9321","2","3","12","76","153","40","38","54","203","C1858539"
"31988","26229","2","3","2","74","205","191","396","408","257","C1858545"
"31989","1719","2","3","2","76","153","40","116","54","75","C1858545"
"31990","1056","2","3","5","98","194","309","415","524","645","C1858558"
"31991","10743","2","3","3","19","151","276","91","433","118","C1858558"
"31992","8820","2","3","3","19","221","321","428","541","667","C1858558"
"31993","4204","2","3","12","19","31","1","426","55","78","C1858558"
"31994","324","2","3","12","41","219","197","70","255","422","C1858565"
"31995","140902","2","5","6","34","113","292","444","497","617","C1858565"
"31996","846","2","5","4","68","96","326","427","548","672","C1858565"
"31997","6495","2","3","3","19","221","321","428","541","667","C1858565"
"31998","7174","2","3","12","41","116","268","434","468","213","C1858565"
"31999","3861","2","1","6","11","142","225","142","220","298","C1858565"
"32000","1351","2","3","2","48","170","110","141","359","462","C1858565"
"32001","6678","2","5","7","53","51","342","454","573","492","C1858569"
"32002","2317","2","5","7","63","45","23","103","287","664","C1858569"
"32003","182","2","5","7","53","51","143","428","236","667","C1858569"
"32004","2033","2","3","12","19","31","1","91","433","118","C1858569"
"32005","9939","2","3","2","22","33","323","66","101","136","C1858573"
"32006","3814","2","5","4","68","96","326","427","548","672","C1858573"
"32007","25978","2","3","2","48","57","110","141","359","462","C1858573"
"32008","4214","2","3","12","41","219","339","34","540","117","C1858573"
"32009","5194","2","3","5","43","161","305","409","208","482","C1858573"
"32010","4893","2","5","7","34","52","24","30","46","72","C1858573"
"32011","54938","2","3","2","110","85","67","76","252","154","C1858573"
"32012","1593","2","3","5","79","152","273","157","333","277","C1858573"
"32013","1824","2","1","6","11","142","225","142","220","298","C1858573"
"32014","4722","2","3","2","48","170","50","119","444","556","C1858573"
"32015","25914","2","3","12","41","116","339","409","359","187","C1858573"
"32016","1828","2","5","7","34","52","216","142","220","298","C1858573"
"32017","885","2","5","4","68","96","326","427","548","672","C1858573"
"32018","4998","2","3","12","76","31","261","116","1","86","C1858573"
"32019","3868","2","1","6","11","142","225","142","220","298","C1858573"
"32020","5290","2","3","7","53","14","20","25","40","186","C1858573"
"32021","3073","2","3","5","105","155","250","291","152","420","C1858573"
"32022","4882","2","3","4","68","96","326","427","548","672","C1858573"
"32023","5604","2","5","7","53","14","20","34","540","68","C1858573"
"32024","4351","2","3","2","90","167","266","367","500","577","C1858573"
"32025","5573","2","3","12","19","184","118","155","287","116","C1858573"
"32026","659","2","5","7","53","14","20","259","423","389","C1858573"
"32027","6683","2","3","12","76","153","40","38","54","75","C1858573"
"32028","8792","2","3","12","41","219","339","156","568","697","C1858573"
"32029","351","2","5","4","68","96","326","188","145","193","C1858573"
"32030","2068","2","3","12","19","31","261","116","159","211","C1858573"
"32031","2247","2","5","7","53","14","20","25","40","186","C1858573"
"32032","3315","2","3","12","41","181","160","362","402","215","C1858573"
"32033","5506","2","3","12","76","137","76","136","82","658","C1858573"
"32034","7474","2","5","3","68","221","184","259","544","669","C1858573"
"32035","5290","2","3","7","53","14","20","25","40","186","C1858573"
"32036","4709","2","3","2","48","170","50","119","444","556","C1858574"
"32037","7317","2","3","12","41","116","268","434","468","213","C1858574"
"32038","5830","2","3","5","43","161","305","409","208","482","C1858574"
"32039","2261","2","5","7","53","14","20","25","40","186","C1858574"
"32040","23411","2","3","12","19","31","1","91","433","118","C1858574"
"32041","54","2","3","5","80","81","178","195","256","342","C1858574"
"32042","4665","2","3","3","11","221","321","428","541","667","C1858574"
"32043","4036","2","5","7","60","14","184","341","544","669","C1858574"
"32044","1387","2","3","12","19","31","276","91","433","118","C1858574"
"32045","23556","2","3","2","61","77","142","176","235","317","C1858574"
"32046","2260","2","5","7","53","14","20","25","40","186","C1858574"
"32047","84197","2","5","2","53","14","20","25","215","186","C1858574"
"32048","7097","2","5","7","34","52","216","395","549","674","C1858574"
"32049","57521","2","3","2","48","57","110","141","359","462","C1858574"
"32050","2774","2","2","1","9","15","21","28","42","62","C1858574"
"32051","1584","2","3","5","79","159","256","276","353","456","C1858574"
"32052","54862","2","3","12","76","153","40","38","54","75","C1858574"
"32053","2812","2","5","7","53","51","342","454","573","492","C1858574"
"32054","6309","2","3","5","19","151","76","48","69","204","C1858574"
"32055","54567","2","5","7","53","51","143","428","236","667","C1858574"
"32056","2956","2","3","12","19","31","261","116","1","86","C1858574"
"32057","5155","2","5","7","53","51","342","454","573","186","C1858574"
"32058","26608","2","3","2","22","170","50","119","463","153","C1858574"
"32059","6338","2","5","8","63","45","23","34","464","187","C1858574"
"32060","7249","2","3","7","60","57","110","141","359","462","C1858574"
"32061","51085","2","3","2","48","57","110","141","359","462","C1858574"
"32062","64241","2","3","5","47","144","185","238","310","392","C1858574"
"32063","1073","2","3","8","63","45","184","103","572","658","C1858574"
"32064","3973","2","5","4","68","96","326","427","548","672","C1858656"
"32065","26608","2","3","2","22","170","50","119","463","153","C1858656"
"32066","3651","2","3","3","19","221","321","428","541","667","C1858656"
"32067","6125","2","3","2","110","85","237","433","547","671","C1858656"
"32068","54499","2","3","2","48","170","50","119","444","593","C1858672"
"32069","88","2","5","7","53","45","23","103","464","702","C1858672"
"32070","3207","2","3","3","19","221","321","428","541","667","C1858672"
"32071","54714","2","5","8","63","36","166","106","110","158","C1858672"
"32072","57817","2","5","7","34","51","342","350","243","561","C1858672"
"32073","1141","2","5","8","27","70","99","162","216","290","C1858672"
"32074","2705","2","3","12","76","153","40","38","54","75","C1858672"
"32075","6899","2","5","7","53","184","335","259","560","373","C1858673"
"32076","6812","2","5","7","27","36","150","341","223","628","C1858673"
"32077","3119","2","5","7","53","153","119","156","287","116","C1858677"
"32078","60","2","3","12","60","45","184","155","287","78","C1858677"
"32079","6927","2","3","3","19","221","321","428","541","667","C1858679"
"32080","51741","2","3","2","22","33","323","66","101","127","C1858679"
"32081","1583","2","3","5","79","152","273","375","100","589","C1858679"
"32082","6338","2","5","8","63","45","23","34","464","187","C1858679"
"32083","2581","2","3","5","80","81","250","291","152","420","C1858717"
"32084","5178","2","5","7","27","36","150","341","223","628","C1858729"
"32085","4000","2","3","12","26","105","178","226","297","156","C1858729"
"32086","7421","2","3","3","19","151","276","91","433","118","C1858729"
"32087","4968","2","3","12","19","31","261","116","1","86","C1858729"
"32088","2263","2","5","7","53","14","20","25","40","186","C1858729"
"32089","472","2","3","12","19","31","261","116","1","86","C1858729"
"32090","443","2","3","5","80","81","189","182","509","409","C1858729"
"32091","7473","2","5","3","68","221","197","259","560","422","C1858729"
"32092","6910","2","3","12","19","51","335","444","560","373","C1858729"
"32093","3238","2","5","6","11","142","225","142","220","673","C1858729"
"32094","3908","2","5","7","53","51","342","454","573","492","C1858729"
"32095","5617","2","5","12","19","31","1","426","55","78","C1858729"
"32096","3559","2","5","7","53","14","20","25","40","186","C1858729"
"32097","1028","2","3","12","19","31","1","116","1","86","C1858729"
"32098","3123","2","5","7","53","51","119","156","287","116","C1858729"
"32099","2395","2","3","2","48","170","50","304","167","593","C1858729"
"32100","10528","2","3","2","110","85","237","433","547","671","C1858729"
"32101","8626","2","3","3","19","221","321","428","541","667","C1858729"
"32102","6334","2","5","8","63","36","166","341","223","158","C1858729"
"32103","3032","2","3","2","48","57","38","347","12","145","C1858729"
"32104","1311","2","5","7","53","51","342","454","573","492","C1858729"
"32105","4535","2","3","2","48","170","50","119","444","556","C1858729"
"32106","1081","2","5","4","68","96","326","427","548","672","C1858732"
"32107","5244","2","3","3","41","151","276","91","433","118","C1858732"
"32108","5626","2","3","3","19","221","321","428","541","667","C1858732"
"32109","19","2","3","3","19","151","276","91","433","118","C1858732"
"32110","5573","2","3","12","19","184","118","155","287","116","C1858854"
"32111","23522","2","3","12","19","31","1","426","55","78","C1858854"
"32112","55636","2","3","3","19","221","321","428","423","389","C1858969"
"32113","4088","2","3","12","19","219","339","259","423","605","C1858969"
"32114","25942","2","3","12","19","31","1","426","55","78","C1858969"
"32115","2316","2","5","7","53","51","342","454","573","702","C1858969"
"32116","2099","2","3","12","19","151","276","91","433","118","C1858970"
"32117","1281","2","5","7","53","51","342","454","573","492","C1858970"
"32118","540","2","5","8","63","45","23","103","464","187","C1858970"
"32119","501","2","3","5","75","162","260","361","458","572","C1858970"
"32120","1258","2","5","4","68","45","272","106","518","621","C1858970"
"32121","4536","2","3","2","48","170","50","119","444","556","C1858970"
"32122","2153","2","5","7","53","51","342","454","573","492","C1858971"
"32123","4487","2","3","3","19","221","321","428","541","667","C1858971"
"32124","5354","2","5","7","27","36","150","341","223","628","C1858971"
"32125","6103","2","3","12","76","153","40","38","54","75","C1858973"
"32126","6324","2","5","7","63","36","166","341","223","158","C1858973"
"32127","3845","2","5","7","60","54","24","30","46","72","C1858973"
"32128","4618","2","3","12","19","31","276","91","433","118","C1858974"
"32129","5696","2","3","12","41","116","268","156","568","116","C1858974"
"32130","10801","2","3","12","76","108","293","141","305","387","C1858974"
"32131","324","2","3","12","41","219","197","70","255","422","C1858977"
"32132","103","2","3","2","110","184","119","156","287","116","C1858977"
"32133","8517","2","3","12","41","219","339","156","568","697","C1858977"
"32134","3845","2","5","7","60","54","24","30","46","72","C1858977"
"32135","6392","2","3","2","48","170","50","119","444","556","C1858980"
"32136","51807","2","3","12","76","153","40","38","54","75","C1858980"
"32137","29887","2","3","7","60","18","110","141","198","270","C1858980"
"32138","2908","2","3","12","19","151","276","91","433","118","C1858980"
"32139","27031","2","3","6","11","142","225","38","331","506","C1858981"
"32140","54938","2","3","2","110","85","67","76","252","154","C1858981"
"32141","538","2","3","8","63","45","23","103","464","187","C1858981"
"32142","501","2","3","5","75","162","260","361","458","572","C1858991"
"32143","8242","2","3","12","19","31","1","426","55","78","C1858991"
"32144","11277","2","3","12","19","31","261","116","1","86","C1858991"
"32145","54880","2","3","12","19","31","1","426","55","78","C1858991"
"32146","2188","2","3","12","19","31","261","116","1","86","C1858991"
"32147","9289","2","5","4","68","96","326","427","548","672","C1858991"
"32148","4014","2","1","6","11","142","225","142","220","298","C1858995"
"32149","4318","2","5","7","34","52","216","395","573","492","C1858995"
"32150","4860","2","3","7","34","52","216","395","549","150","C1858995"
"32151","2006","2","5","7","53","51","342","454","573","492","C1858995"
"32152","10269","2","3","2","48","182","50","119","444","556","C1858995"
"32153","255239","2","5","8","67","36","71","177","75","311","C1859014"
"32154","6323","2","5","8","63","36","166","341","390","158","C1859014"
"32155","4488","2","3","3","19","221","321","428","541","667","C1859014"
"32156","2218","2","5","2","53","123","194","255","560","373","C1859014"
"32157","9095","2","5","7","53","51","335","444","560","373","C1859014"
"32158","55505","2","3","2","110","85","237","433","547","671","C1859014"
"32159","8086","2","3","12","22","33","323","66","101","664","C1859014"
"32160","4000","2","3","12","26","105","178","226","297","156","C1859014"
"32161","132","2","3","2","110","85","237","433","80","394","C1859014"
"32162","54795","2","5","8","63","45","193","306","390","158","C1859047"
"32163","3756","2","5","8","63","36","166","106","110","158","C1859047"
"32164","27245","2","3","6","22","142","225","366","362","468","C1859047"
"32165","3954","2","3","2","48","170","67","119","444","593","C1859077"
"32166","5654","2","5","7","53","51","342","454","573","492","C1859077"
"32167","54463","2","3","2","48","57","110","141","359","462","C1859111"
"32168","4541","2","3","2","48","170","50","119","444","24","C1859111"
"32169","5727","2","3","12","68","221","197","259","560","422","C1859111"
"32170","2554","2","5","8","27","70","99","162","216","290","C1859115"
"32171","23230","2","5","7","11","142","71","341","560","219","C1859115"
"32172","5091","2","3","2","35","40","130","166","57","435","C1859115"
"32173","5468","2","3","3","19","151","276","91","433","118","C1859116"
"32174","23118","2","3","12","41","219","339","156","568","697","C1859116"
"32175","5897","2","3","12","41","116","268","141","568","605","C1859117"
"32176","6342","2","3","5","80","161","305","409","208","482","C1859117"
"32177","79823","2","3","4","68","45","272","347","518","621","C1859117"
"32178","6925","2","3","12","19","31","225","142","220","298","C1859117"
"32179","7015","2","3","12","19","31","1","426","55","78","C1859117"
"32180","5663","2","5","7","34","52","216","395","549","667","C1859117"
"32181","5167","2","3","5","32","93","163","207","303","126","C1859117"
"32182","6949","2","3","2","110","85","237","164","390","311","C1859117"
"32183","55630","2","3","5","27","81","99","162","216","290","C1859117"
"32184","6899","2","5","7","53","184","335","259","560","373","C1859117"
"32185","4512","2","3","2","48","170","110","141","359","8","C1859117"
"32186","8425","2","5","7","53","51","342","454","573","492","C1859117"
"32187","2719","2","5","7","53","51","342","454","573","492","C1859117"
"32188","9499","2","5","7","53","51","23","103","464","187","C1859117"
"32189","351","2","5","4","68","96","326","188","145","193","C1859117"
"32190","987","2","3","6","48","94","279","347","330","304","C1859117"
"32191","1509","2","5","7","34","52","216","395","549","568","C1859117"
"32192","3479","2","5","7","53","51","342","454","573","492","C1859117"
"32193","7421","2","3","3","19","151","276","91","433","118","C1859117"
"32194","2260","2","5","7","53","14","20","25","40","186","C1859117"
"32195","8314","2","3","12","41","31","1","426","55","78","C1859117"
"32196","51360","2","3","3","26","35","276","91","433","203","C1859117"
"32197","5771","2","5","7","53","14","296","25","40","186","C1859117"
"32198","23426","2","5","7","42","36","71","177","223","219","C1859117"
"32199","3952","2","5","3","53","151","276","91","433","118","C1859117"
"32200","4791","2","3","12","41","219","339","156","568","697","C1859117"
"32201","4688","2","5","7","60","14","20","25","40","215","C1859117"
"32202","6138","2","3","2","110","85","237","433","547","671","C1859117"
"32203","1618","2","3","2","22","33","323","66","101","136","C1859117"
"32204","25782","2","5","7","60","54","24","30","46","72","C1859126"
"32205","11285","2","3","2","74","205","191","396","408","620","C1859126"
"32206","6999","2","3","5","91","214","183","307","391","507","C1859126"
"32207","440","2","3","2","101","62","189","182","509","154","C1859126"
"32208","4694","2","3","2","48","170","50","119","444","556","C1859126"
"32209","54332","2","3","2","60","170","40","98","66","203","C1859126"
"32210","1277","2","5","7","53","51","342","454","573","492","C1859126"
"32211","554","2","5","4","68","96","326","427","548","672","C1859126"
"32212","94","2","5","7","53","51","342","259","423","389","C1859126"
"32213","5443","2","5","4","68","96","326","427","548","672","C1859126"
"32214","9968","2","4","3","24","119","330","214","454","144","C1859126"
"32215","397","2","5","7","60","54","24","30","46","72","C1859126"
"32216","10008","2","5","8","63","36","166","341","223","158","C1859126"
"32217","28952","2","3","12","41","116","268","434","468","213","C1859126"
"32218","6330","2","5","8","63","36","166","341","223","158","C1859126"
"32219","7439","2","5","8","63","45","23","34","464","187","C1859126"
"32220","2798","2","5","4","68","96","326","427","548","672","C1859126"
"32221","26137","2","5","7","63","45","184","103","572","658","C1859126"
"32222","4948","2","5","8","63","45","23","250","464","187","C1859126"
"32223","2261","2","5","7","53","14","20","25","40","186","C1859126"
"32224","5781","2","5","7","53","14","20","25","40","186","C1859126"
"32225","7332","2","3","12","41","116","268","434","468","213","C1859126"
"32226","7490","2","3","3","19","221","321","428","541","667","C1859126"
"32227","54551","2","3","12","41","219","197","156","568","422","C1859126"
"32228","6389","2","3","2","48","170","50","119","444","556","C1859126"
"32229","5896","2","3","12","41","116","268","434","568","605","C1859126"
"32230","9321","2","3","12","76","153","40","38","54","203","C1859126"
"32231","1281","2","5","7","53","51","342","454","573","492","C1859126"
"32232","2317","2","5","7","63","45","23","103","287","664","C1859158"
"32233","2896","2","5","7","34","52","216","395","549","674","C1859158"
"32234","10743","2","3","3","19","151","276","91","433","118","C1859162"
"32235","326","2","3","12","19","31","261","377","370","269","C1859162"
"32236","1824","2","1","6","11","142","225","142","220","298","C1859178"
"32237","6785","2","3","5","67","7","5","239","311","393","C1859178"
"32238","7473","2","5","3","68","221","197","259","560","422","C1859178"
"32239","10907","2","3","2","22","33","323","66","101","136","C1859235"
"32240","5080","2","3","3","19","221","321","428","541","667","C1859235"
"32241","8260","2","3","12","41","85","266","76","287","78","C1859235"
"32242","9095","2","5","7","53","51","335","444","560","373","C1859236"
"32243","5595","2","3","7","53","14","20","34","540","68","C1859236"
"32244","1188","2","5","8","63","45","23","34","464","187","C1859236"
"32245","9401","2","3","12","76","31","261","116","1","86","C1859236"
"32246","5144","2","3","4","68","96","326","427","548","672","C1859236"
"32247","79663","2","3","12","11","36","150","362","448","304","C1859236"
"32248","29851","2","5","7","53","14","20","25","40","186","C1859236"
"32249","23169","2","3","2","78","205","112","430","429","544","C1859236"
"32250","843","2","3","12","41","219","339","156","568","697","C1859236"
"32251","477","2","3","8","63","45","23","103","464","187","C1859236"
"32252","5449","2","3","3","19","221","321","428","541","667","C1859236"
"32253","4017","2","3","2","53","51","342","454","573","492","C1859236"
"32254","8526","2","3","2","63","30","193","306","390","158","C1859236"
"32255","1340","2","3","2","48","170","50","141","359","462","C1859236"
"32256","815","2","5","7","53","14","20","34","540","68","C1859236"
"32257","10686","2","5","6","42","36","71","177","64","219","C1859236"
"32258","1811","2","5","8","35","41","199","40","415","666","C1859236"
"32259","1382","2","3","3","67","92","293","55","75","311","C1859241"
"32260","4855","2","5","7","53","51","143","428","236","667","C1859241"
"32261","488","2","5","8","63","45","23","103","464","187","C1859241"
"32262","26580","2","5","8","27","70","99","162","216","290","C1859241"
"32263","1294","2","5","7","53","51","342","454","573","492","C1859273"
"32264","2260","2","5","7","53","14","20","25","40","186","C1859273"
"32265","6134","2","3","2","110","85","237","433","547","671","C1859273"
"32266","6390","2","3","2","48","170","50","119","444","556","C1859298"
"32267","4724","2","3","2","48","170","50","119","444","556","C1859305"
"32268","8831","2","5","7","60","54","24","30","46","72","C1859305"
"32269","3480","2","5","7","53","14","20","25","40","186","C1859309"
"32270","2956","2","3","12","19","31","261","116","1","86","C1859309"
"32271","50846","2","3","3","68","221","197","259","560","422","C1859312"
"32272","6584","2","3","8","45","94","199","240","415","666","C1859312"
"32273","4780","2","3","12","19","31","276","91","433","118","C1859312"
"32274","6785","2","3","5","67","7","5","239","311","393","C1859312"
"32275","7170","2","5","8","63","45","23","103","464","187","C1859317"
"32276","2516","2","3","3","19","151","276","91","433","118","C1859317"
"32277","3766","2","5","8","63","36","166","106","110","158","C1859317"
"32278","9997","2","3","2","48","170","50","119","444","556","C1859335"
"32279","2067","2","3","12","19","31","261","116","1","86","C1859335"
"32280","54888","2","3","2","110","85","152","129","252","154","C1859347"
"32281","860","2","3","12","19","31","276","91","433","118","C1859347"
"32282","5189","2","3","5","43","161","305","409","208","482","C1859347"
"32283","29078","2","3","2","48","170","50","119","444","556","C1859353"
"32284","2720","2","3","7","34","52","216","395","21","599","C1859353"
"32285","9939","2","3","2","22","33","323","66","101","136","C1859391"
"32286","51103","2","3","2","48","170","50","119","444","556","C1859391"
"32287","5602","2","3","12","19","14","150","34","540","68","C1859392"
"32288","2067","2","3","12","19","31","261","116","1","86","C1859392"
"32289","9896","2","3","5","80","81","296","399","201","274","C1859392"
"32290","6532","2","5","8","45","94","199","240","415","666","C1859392"
"32291","3973","2","5","4","68","96","326","427","548","672","C1859392"
"32292","29893","2","3","12","19","31","1","426","55","78","C1859399"
"32293","4853","2","3","12","19","124","143","428","236","667","C1859399"
"32294","864","2","3","12","19","31","276","91","236","605","C1859399"
"32295","438","2","3","2","69","31","1","38","87","54","C1859399"
"32296","8517","2","3","12","41","219","339","156","568","697","C1859399"
"32297","54209","2","5","7","53","51","119","395","549","674","C1859399"
"32298","8822","2","5","7","53","14","20","25","40","186","C1859399"
"32299","7084","2","3","2","72","109","115","62","268","353","C1859399"
"32300","2218","2","5","2","53","123","194","255","560","373","C1859399"
"32301","10083","2","5","7","42","36","71","177","223","219","C1859399"
"32302","5551","2","5","7","53","51","119","395","549","674","C1859399"
"32303","3339","2","5","7","53","51","342","454","573","492","C1859399"
"32304","3889","2","1","6","11","142","225","142","220","298","C1859399"
"32305","4694","2","3","2","48","170","50","119","444","556","C1859424"
"32306","7124","2","3","12","41","219","339","156","568","697","C1859424"
"32307","1893","2","5","7","53","51","342","454","573","702","C1859424"
"32308","1376","2","3","2","19","151","276","91","433","118","C1859424"
"32309","5159","2","5","7","53","14","20","25","40","186","C1859424"
"32310","1111","2","3","12","19","31","261","116","1","86","C1859424"
"32311","51594","2","3","7","76","153","40","38","54","75","C1859424"
"32312","10743","2","3","3","19","151","276","91","433","118","C1859424"
"32313","4792","2","3","12","41","219","339","156","568","605","C1859424"
"32314","10752","2","5","7","53","51","335","444","560","373","C1859424"
"32315","9343","2","3","2","22","33","323","66","101","136","C1859424"
"32316","7052","2","3","7","34","109","342","454","573","383","C1859424"
"32317","6392","2","3","2","48","170","50","119","444","556","C1859424"
"32318","1788","2","3","12","19","31","1","426","55","78","C1859424"
"32319","51750","2","3","12","19","31","261","116","1","86","C1859424"
"32320","8481","2","3","12","76","153","40","38","54","75","C1859424"
"32321","6154","2","3","2","110","85","237","433","547","671","C1859424"
"32322","2301","2","5","6","11","142","225","142","220","673","C1859424"
"32323","2492","2","5","4","68","96","326","427","548","672","C1859424"
"32324","7066","2","5","7","53","51","119","25","573","416","C1859424"
"32325","207","2","3","7","53","14","20","34","489","416","C1859424"
"32326","2294","2","3","3","19","221","321","428","541","667","C1859424"
"32327","2798","2","5","4","68","96","326","427","548","672","C1859424"
"32328","3098","2","3","2","90","167","266","367","500","577","C1859424"
"32329","6391","2","3","2","48","170","50","119","444","556","C1859424"
"32330","3606","2","5","7","53","51","119","156","489","416","C1859424"
"32331","190","2","3","3","19","151","276","91","433","118","C1859424"
"32332","10617","2","3","12","48","57","110","141","359","462","C1859442"
"32333","1406","2","3","3","19","221","321","428","541","667","C1859442"
"32334","5972","2","5","5","34","52","216","397","418","568","C1859443"
"32335","51119","2","3","2","110","85","237","433","547","671","C1859443"
"32336","23431","2","5","7","60","18","184","341","544","669","C1859447"
"32337","2316","2","5","7","53","51","342","454","573","702","C1859447"
"32338","2542","2","3","5","80","81","296","399","500","577","C1859447"
"32339","2068","2","3","12","19","31","261","116","159","211","C1859447"
"32340","6927","2","3","3","19","221","321","428","541","667","C1859447"
"32341","2567","2","5","8","27","70","99","162","216","290","C1859447"
"32342","1528","2","3","5","91","214","271","372","471","586","C1859447"
"32343","23363","2","3","12","41","116","268","434","468","213","C1859447"
"32344","23426","2","5","7","42","36","71","177","223","219","C1859447"
"32345","2078","2","3","12","19","31","276","91","148","624","C1859447"
"32346","6262","2","5","8","63","45","23","34","464","187","C1859447"
"32347","11136","2","3","5","80","94","199","240","415","666","C1859455"
"32348","7040","2","5","7","53","51","342","454","573","492","C1859455"
"32349","7546","2","5","3","19","221","321","79","560","373","C1859455"
"32350","2299","2","3","3","19","221","321","428","541","667","C1859461"
"32351","5449","2","3","3","19","221","321","428","541","667","C1859461"
"32352","2538","2","3","5","90","216","333","438","561","689","C1859461"
"32353","3561","2","5","7","53","14","20","25","40","186","C1859461"
"32354","6285","2","5","7","41","219","339","156","568","697","C1859461"
"32355","7422","2","5","7","53","51","342","454","573","702","C1859461"
"32356","4054","2","5","7","53","51","342","454","573","492","C1859461"
"32357","1355","2","3","2","48","170","50","119","444","556","C1859461"
"32358","23600","2","3","5","80","81","305","409","208","482","C1859461"
"32359","2896","2","5","7","34","52","216","395","549","674","C1859461"
"32360","3425","2","3","5","80","81","166","454","573","492","C1859461"
"32361","3459","2","5","7","53","184","119","156","287","116","C1859461"
"32362","4514","2","3","2","48","57","110","141","359","5","C1859461"
"32363","182","2","5","7","53","51","143","428","236","667","C1859461"
"32364","7274","2","3","5","43","161","99","162","216","290","C1859461"
"32365","53834","2","5","7","53","51","342","454","573","492","C1859461"
"32366","57817","2","5","7","34","51","342","350","243","561","C1859461"
"32367","23483","2","3","2","28","191","306","143","452","258","C1859461"
"32368","7015","2","3","12","19","31","1","426","55","78","C1859461"
"32369","3930","2","3","2","22","33","323","66","3","464","C1859461"
"32370","2052","2","3","5","91","130","114","290","367","475","C1859480"
"32371","6843","2","5","7","60","36","71","341","223","203","C1859480"
"32372","7291","2","3","12","19","151","276","91","489","416","C1859480"
"32373","1956","2","5","7","53","14","184","45","544","669","C1859480"
"32374","23395","2","3","2","110","85","67","76","252","154","C1859480"
"32375","3110","2","3","3","19","221","321","428","541","667","C1859480"
"32376","367","2","3","12","19","31","276","91","433","118","C1859480"
"32377","4361","2","3","12","19","31","261","116","1","86","C1859480"
"32378","203286","2","5","7","50","30","193","306","148","624","C1859480"
"32379","9150","2","3","12","19","31","261","116","159","211","C1859480"
"32380","1890","2","3","5","80","81","296","62","94","150","C1859480"
"32381","3039","2","3","5","35","41","118","155","287","116","C1859480"
"32382","23111","2","3","12","41","219","339","156","568","697","C1859480"
"32383","9569","2","3","12","19","31","276","91","433","118","C1859480"
"32384","6330","2","5","8","63","36","166","341","223","158","C1859480"
"32385","51134","2","3","12","76","153","40","38","54","75","C1859481"
"32386","1277","2","5","7","53","51","342","454","573","492","C1859481"
"32387","7157","2","3","12","19","31","261","402","489","551","C1859481"
"32388","1301","2","5","7","53","51","342","454","573","492","C1859516"
"32389","4693","2","5","7","53","51","342","454","573","492","C1859516"
"32390","5048","2","3","12","76","153","40","38","54","75","C1859520"
"32391","50814","2","3","2","69","221","73","360","86","119","C1859520"
"32392","3439","2","3","12","19","184","118","155","287","116","C1859520"
"32393","1717","2","3","2","19","151","276","48","69","204","C1859520"
"32394","7039","2","3","12","19","31","1","426","55","203","C1859520"
"32395","116519","2","5","7","53","51","342","454","573","492","C1859520"
"32396","3458","2","5","7","53","184","119","156","287","116","C1859523"
"32397","6351","2","5","4","68","96","326","427","548","672","C1859523"
"32398","6638","2","3","2","22","33","323","66","101","136","C1859523"
"32399","2263","2","5","7","53","14","20","25","40","186","C1859523"
"32400","91147","2","3","12","76","153","40","38","54","75","C1859523"
"32401","4313","2","5","7","53","51","342","454","573","492","C1859523"
"32402","8600","2","5","7","41","219","339","156","568","697","C1859541"
"32403","23742","2","5","5","68","96","326","427","447","586","C1859541"
"32404","554","2","5","4","68","96","326","427","548","672","C1859541"
"32405","673","2","5","7","53","14","20","34","540","68","C1859541"
"32406","3814","2","5","4","68","96","326","427","548","672","C1859541"
"32407","72","2","5","8","63","45","23","103","464","187","C1859541"
"32408","1816","2","5","4","68","96","326","427","548","672","C1859541"
"32409","11136","2","3","5","80","94","199","240","415","666","C1859541"
"32410","6387","2","5","4","68","96","326","427","548","672","C1859541"
"32411","6785","2","3","5","67","7","5","239","311","393","C1859541"
"32412","8777","2","5","7","42","36","71","177","223","219","C1859541"
"32413","355","2","3","7","41","219","339","156","568","697","C1859541"
"32414","111","2","5","4","68","96","326","427","548","672","C1859541"
"32415","6524","2","5","8","45","94","199","240","415","666","C1859541"
"32416","57216","2","3","12","41","116","268","259","568","422","C1859541"
"32417","6833","2","5","8","45","36","166","240","415","666","C1859541"
"32418","8438","2","3","12","76","153","261","116","1","86","C1859598"
"32419","50964","2","5","3","68","221","197","259","423","422","C1859598"
"32420","3872","2","1","6","11","142","225","142","220","298","C1859606"
"32421","54583","2","3","12","41","116","268","434","568","605","C1859606"
"32422","6197","2","3","12","19","14","20","34","540","68","C1859606"
"32423","1947","2","5","7","53","51","20","25","560","373","C1859606"
"32424","1080","2","3","12","41","219","339","156","544","669","C1859606"
"32425","1646","2","3","2","46","136","227","168","225","490","C1859606"
"32426","1528","2","3","5","91","214","271","372","471","586","C1859606"
"32427","54982","2","3","2","48","170","50","399","167","593","C1859648"
"32428","51199","2","3","12","76","153","40","38","54","75","C1859648"
"32429","1588","2","3","5","79","159","256","350","27","44","C1859680"
"32430","30062","2","3","3","19","221","321","428","541","667","C1859680"
"32431","5079","2","3","3","19","221","321","428","541","667","C1859680"
"32432","23347","2","3","12","41","116","268","434","468","213","C1859680"
"32433","3082","2","5","7","53","51","342","25","40","186","C1859680"
"32434","3663","2","3","12","53","184","119","156","287","116","C1859680"
"32435","7048","2","5","7","53","51","342","259","423","389","C1859680"
"32436","990","2","3","12","76","31","261","116","1","86","C1859682"
"32437","3195","2","3","3","19","221","321","428","541","667","C1859682"
"32438","6635","2","3","2","22","33","323","66","101","136","C1859682"
"32439","4318","2","5","7","34","52","216","395","573","492","C1859682"
"32440","6556","2","3","7","34","52","216","395","549","674","C1859682"
"32441","59","2","5","8","63","45","23","103","464","187","C1859682"
"32442","2200","2","5","7","53","51","342","454","573","492","C1859697"
"32443","2261","2","5","7","53","14","20","25","40","186","C1859697"
"32444","6833","2","5","8","45","36","166","240","415","666","C1859698"
"32445","5095","2","3","2","48","40","130","166","127","173","C1859698"
"32446","7248","2","3","2","48","57","110","141","359","462","C1859698"
"32447","5743","2","3","5","53","175","119","167","489","416","C1859698"
"32448","596","2","3","12","19","219","339","402","489","416","C1859698"
"32449","3565","2","5","7","53","51","119","25","489","416","C1859717"
"32450","3728","2","5","7","34","52","225","142","220","298","C1859717"
"32451","8029","2","5","7","53","51","105","139","186","245","C1859717"
"32452","4535","2","3","2","48","170","50","119","444","556","C1859717"
"32453","1716","2","3","2","27","36","150","221","138","188","C1859717"
"32454","8647","2","3","5","46","158","252","352","449","563","C1859717"
"32455","3764","2","5","8","63","36","166","106","110","158","C1859717"
"32456","2316","2","5","7","53","51","342","454","573","702","C1859717"
"32457","3549","2","5","3","53","51","197","259","560","422","C1859717"
"32458","1836","2","3","2","35","41","94","260","330","375","C1859717"
"32459","5906","2","5","7","34","52","216","30","46","72","C1859717"
"32460","1605","2","5","7","53","51","342","454","573","492","C1859722"
"32461","5604","2","5","7","53","14","20","34","540","68","C1859722"
"32462","5873","2","5","7","34","54","24","30","46","72","C1859727"
"32463","3981","2","3","12","19","31","261","116","1","86","C1859727"
"32464","4318","2","5","7","34","52","216","395","573","492","C1859735"
"32465","5191","2","3","5","43","161","305","409","208","482","C1859735"
"32466","7461","2","3","7","60","153","40","38","93","75","C1859735"
"32467","54658","2","3","2","78","205","207","67","355","138","C1859736"
"32468","2627","2","3","12","19","31","118","155","287","116","C1859736"
"32469","5160","2","3","2","67","92","293","55","75","311","C1859768"
"32470","1277","2","5","7","53","51","342","454","573","492","C1859768"
"32471","8518","2","3","12","19","31","1","426","55","78","C1859775"
"32472","10683","2","5","7","53","51","143","428","560","667","C1859775"
"32473","4846","2","3","5","41","219","75","243","44","64","C1859775"
"32474","779","2","5","8","63","36","166","341","390","158","C1859775"
"32475","1268","2","5","4","68","96","326","427","548","672","C1859775"
"32476","2626","2","3","12","19","31","118","155","287","116","C1859775"
"32477","7078","2","5","7","53","51","342","454","573","702","C1859775"
"32478","6845","2","5","7","60","14","184","341","544","669","C1859775"
"32479","25939","2","3","12","53","184","119","156","287","116","C1859775"
"32480","2717","2","3","7","34","52","216","395","549","674","C1859775"
"32481","2247","2","5","7","53","14","20","25","40","186","C1859775"
"32482","9841","2","3","6","11","142","225","142","220","298","C1859775"
"32483","2162","2","5","7","53","51","342","454","573","702","C1859775"
"32484","344","2","5","7","53","51","342","454","573","492","C1859828"
"32485","8867","2","3","5","60","14","184","341","544","669","C1859828"
"32486","3736","2","5","8","63","36","166","106","110","158","C1859846"
"32487","3553","2","5","7","53","51","119","25","489","416","C1859846"
"32488","8856","2","3","3","19","151","276","91","433","118","C1859846"
"32489","1121","2","5","7","60","54","24","30","46","72","C1859860"
"32490","1029","2","3","12","19","31","1","116","1","664","C1859860"
"32491","51626","2","3","12","76","153","40","38","54","75","C1859860"
"32492","8842","2","5","5","53","82","147","184","179","328","C1859860"
"32493","3930","2","3","2","22","33","323","66","3","464","C1859896"
"32494","7048","2","5","7","53","51","342","259","423","389","C1859896"
"32495","4041","2","5","3","68","221","197","259","560","422","C1859896"
"32496","1161","2","3","12","41","116","268","434","468","213","C1859896"
"32497","79944","2","3","2","48","170","50","119","220","298","C1859896"
"32498","4669","2","3","5","80","81","166","454","453","492","C1859896"
"32499","4000","2","3","12","26","105","178","226","297","156","C1859896"
"32500","8813","2","3","2","48","116","142","136","280","363","C1859896"
"32501","7169","2","5","8","63","45","23","103","464","187","C1859896"
"32502","3284","2","3","2","69","98","169","299","183","243","C1859896"
"32503","5663","2","5","7","34","52","216","395","549","667","C1859896"
"32504","54808","2","3","12","76","153","40","38","54","75","C1859896"
"32505","6330","2","5","8","63","36","166","341","223","158","C1859896"
"32506","4487","2","3","3","19","221","321","428","541","667","C1859896"
"32507","3458","2","5","7","53","184","119","156","287","116","C1859896"
"32508","2263","2","5","7","53","14","20","25","40","186","C1859896"
"32509","54903","2","3","12","76","153","40","38","54","75","C1859896"
"32510","7157","2","3","12","19","31","261","402","489","551","C1859896"
"32511","2741","2","5","8","27","70","99","162","216","290","C1859923"
"32512","368","2","3","12","41","116","268","423","536","445","C1859923"
"32513","30008","2","5","7","53","51","342","454","573","492","C1859923"
"32514","5605","2","5","7","53","14","20","34","540","68","C1859966"
"32515","10483","2","3","7","60","54","24","30","46","72","C1859966"
"32516","9896","2","3","5","80","81","296","399","201","274","C1859966"
"32517","29954","2","5","2","27","206","324","430","215","290","C1859972"
"32518","2316","2","5","7","53","51","342","454","573","702","C1859974"
"32519","4000","2","3","12","26","105","178","226","297","156","C1859974"
"32520","4704","2","3","2","48","170","50","119","444","556","C1859974"
"32521","4287","2","3","12","41","116","268","434","468","215","C1859974"
"32522","3636","2","3","5","80","14","20","25","40","186","C1859974"
"32523","2632","2","3","2","28","22","48","232","82","114","C1859979"
"32524","5660","2","5","7","34","52","326","427","548","702","C1859979"
"32525","10293","2","3","12","41","116","268","434","468","213","C1859980"
"32526","8243","2","3","12","76","31","40","38","54","75","C1859980"
"32527","26276","2","3","7","60","81","184","341","66","203","C1859980"
"32528","50964","2","5","3","68","221","197","259","423","422","C1859980"
"32529","2006","2","5","7","53","51","342","454","573","492","C1859980"
"32530","3766","2","5","8","63","36","166","106","110","158","C1859980"
"32531","3305","2","3","12","41","219","339","347","271","356","C1859980"
"32532","3897","2","5","7","53","51","335","444","560","373","C1859980"
"32533","6531","2","5","8","45","94","199","240","415","666","C1859980"
"32534","27130","2","3","12","48","45","143","38","236","69","C1860050"
"32535","6389","2","3","2","48","170","50","119","444","556","C1860050"
"32536","4137","2","3","7","27","36","150","341","223","628","C1860050"
"32537","2239","2","3","2","74","51","342","454","573","492","C1860050"
"32538","4763","2","5","7","60","54","24","30","46","214","C1860050"
"32539","7248","2","3","2","48","57","110","141","359","462","C1860050"
"32540","1233","2","5","4","68","96","326","427","548","672","C1860050"
"32541","6660","2","3","3","19","221","321","428","541","667","C1860069"
"32542","9361","2","3","2","48","170","50","119","444","556","C1860069"
"32543","3766","2","5","8","63","36","166","106","110","158","C1860069"
"32544","2068","2","3","12","19","31","261","116","159","211","C1860069"
"32545","718","2","5","7","34","51","119","395","549","674","C1860099"
"32546","6664","2","3","3","19","221","321","428","541","667","C1860099"
"32547","1277","2","5","7","53","51","342","454","573","492","C1860099"
"32548","4148","2","5","7","53","51","342","454","573","492","C1860105"
"32549","658","2","5","7","53","51","342","259","423","389","C1860105"
"32550","29940","2","5","7","53","51","342","454","573","492","C1860105"
"32551","7432","2","5","4","68","96","326","427","548","672","C1860105"
"32552","538","2","3","8","63","45","23","103","464","187","C1860107"
"32553","1487","2","3","12","19","31","1","426","55","340","C1860107"
"32554","472","2","3","12","19","31","261","116","1","86","C1860107"
"32555","1513","2","5","7","53","51","342","454","573","492","C1860121"
"32556","1594","2","3","5","92","163","96","363","460","487","C1860121"
"32557","4968","2","3","12","19","31","261","116","1","86","C1860121"
"32558","7305","2","5","7","34","52","216","395","549","674","C1860121"
"32559","1813","2","5","4","68","96","326","427","548","672","C1860121"
"32560","4313","2","5","7","53","51","342","454","573","492","C1860121"
"32561","10484","2","3","7","60","153","40","38","54","203","C1860121"
"32562","9215","2","5","2","27","36","150","430","215","628","C1860121"
"32563","23141","2","3","12","76","105","40","226","489","435","C1860121"
"32564","8864","2","3","3","19","151","276","91","433","118","C1860121"
"32565","5157","2","5","7","80","81","342","367","500","577","C1860121"
"32566","5422","2","3","12","19","31","261","116","1","86","C1860121"
"32567","3291","2","3","2","69","83","101","94","133","318","C1860121"
"32568","1594","2","3","5","92","163","96","363","460","487","C1860121"
"32569","4851","2","3","12","19","221","143","428","236","667","C1860121"
"32570","10861","2","3","2","35","142","225","142","220","673","C1860121"
"32571","10801","2","3","12","76","108","293","141","305","387","C1860121"
"32572","6165","2","3","2","110","85","237","433","547","671","C1860121"
"32573","5745","2","5","4","68","96","326","427","548","672","C1860121"
"32574","7169","2","5","8","63","45","23","103","464","187","C1860121"
"32575","3181","2","3","2","22","33","323","66","101","136","C1860121"
"32576","673","2","5","7","53","14","20","34","540","68","C1860121"
"32577","547","2","3","7","76","153","40","38","54","75","C1860121"
"32578","5277","2","3","2","61","77","142","176","235","317","C1860121"
"32579","1535","2","5","7","34","52","216","395","549","674","C1860121"
"32580","4089","2","3","12","19","219","339","259","423","605","C1860121"
"32581","51371","2","3","12","41","116","268","434","568","605","C1860121"
"32582","6812","2","5","7","27","36","150","341","223","628","C1860121"
"32583","7124","2","3","12","41","219","339","156","568","697","C1860127"
"32584","2697","2","3","7","76","153","40","38","54","75","C1860127"
"32585","7291","2","3","12","19","151","276","91","489","416","C1860127"
"32586","783","2","5","8","63","36","166","106","110","158","C1860127"
"32587","55212","2","3","12","76","153","76","38","54","75","C1860127"
"32588","2071","2","3","12","19","31","261","116","159","211","C1860127"
"32589","5832","2","3","2","101","62","189","182","509","252","C1860127"
"32590","1340","2","3","2","48","170","50","141","359","462","C1860127"
"32591","2200","2","5","7","53","51","342","454","573","492","C1860127"
"32592","9241","2","5","7","53","51","342","259","423","389","C1860127"
"32593","5745","2","5","4","68","96","326","427","548","672","C1860127"
"32594","1421","2","3","6","63","45","160","362","177","673","C1860127"
"32595","3356","2","5","4","68","96","326","427","548","672","C1860127"
"32596","2623","2","3","12","19","31","1","155","287","116","C1860127"
"32597","1728","2","3","2","41","116","268","434","568","605","C1860128"
"32598","8200","2","5","7","53","51","342","259","423","389","C1860128"
"32599","5745","2","5","4","68","96","326","427","548","672","C1860130"
"32600","7518","2","3","12","19","31","261","116","1","86","C1860130"
"32601","26503","2","3","2","89","124","204","272","347","442","C1860164"
"32602","5447","2","3","5","91","214","271","372","471","586","C1860164"
"32603","4072","2","5","7","53","51","119","454","573","492","C1860164"
"32604","5077","2","3","3","19","221","321","428","541","667","C1860176"
"32605","242","2","3","5","11","142","223","142","220","298","C1860176"
"32606","1493","2","5","7","53","51","119","25","40","186","C1860182"
"32607","776","2","5","8","63","36","166","341","390","158","C1860182"
"32608","1432","2","3","7","34","52","216","34","540","68","C1860182"
"32609","51339","2","3","12","41","116","268","434","568","605","C1860202"
"32610","50484","2","3","5","80","109","182","235","307","506","C1860202"
"32611","4318","2","5","7","34","52","216","395","573","492","C1860236"
"32612","2304","2","3","12","19","221","321","428","541","667","C1860236"
"32613","421","2","5","7","42","51","335","444","560","373","C1860236"
"32614","3507","2","5","7","53","51","119","395","549","674","C1860236"
"32615","22856","2","3","2","78","189","303","251","320","403","C1860236"
"32616","3060","2","5","4","68","96","326","427","548","672","C1860236"
"32617","26053","2","3","12","19","31","1","426","55","78","C1860236"
"32618","22954","2","3","12","41","116","268","434","468","213","C1860236"
"32619","2653","2","3","2","67","104","214","234","306","388","C1860236"
"32620","207","2","3","7","53","14","20","34","489","416","C1860236"
"32621","5745","2","5","4","68","96","326","427","548","672","C1860236"
"32622","54903","2","3","12","76","153","40","38","54","75","C1860236"
"32623","55703","2","3","2","22","33","261","116","159","211","C1860236"
"32624","5354","2","5","7","27","36","150","341","223","628","C1860236"
"32625","5745","2","5","4","68","96","326","427","548","672","C1860236"
"32626","5277","2","3","2","61","77","142","176","235","317","C1860236"
"32627","847","2","3","7","34","52","216","395","549","674","C1860236"
"32628","80169","2","3","12","19","31","261","116","1","86","C1860236"
"32629","64131","2","3","2","74","205","191","98","66","203","C1860236"
"32630","9611","2","3","12","19","151","276","91","433","118","C1860236"
"32631","6689","2","3","12","19","31","276","91","433","118","C1860236"
"32632","54658","2","3","2","78","205","207","67","355","138","C1860236"
"32633","5346","2","3","3","19","151","276","91","433","118","C1860236"
"32634","26608","2","3","2","22","170","50","119","463","153","C1860236"
"32635","2022","2","5","7","53","51","342","259","423","389","C1860236"
"32636","51103","2","3","2","48","170","50","119","444","556","C1860236"
"32637","3265","2","5","7","60","54","24","30","46","72","C1860236"
"32638","2121","2","3","12","41","116","268","434","568","605","C1860236"
"32639","2177","2","3","2","110","90","261","431","545","443","C1860236"
"32640","1950","2","5","7","53","14","20","25","40","186","C1860236"
"32641","4068","2","5","7","53","51","119","25","549","674","C1860236"
"32642","54463","2","3","2","48","57","110","141","359","462","C1860236"
"32643","6323","2","5","8","63","36","166","341","390","158","C1860236"
"32644","5728","2","3","5","80","81","339","156","568","605","C1860243"
"32645","6785","2","3","5","67","7","5","239","311","393","C1860243"
"32646","5443","2","5","4","68","96","326","427","548","672","C1860243"
"32647","5429","2","3","12","19","31","261","116","1","86","C1860243"
"32648","54790","2","3","12","19","31","1","426","55","78","C1860243"
"32649","10815","2","5","7","60","36","71","341","223","666","C1860244"
"32650","768","2","3","5","35","41","77","40","370","303","C1860244"
"32651","6911","2","5","6","19","142","335","259","560","373","C1860244"
"32652","3418","2","3","2","67","151","276","33","48","155","C1860244"
"32653","729262","2","3","12","22","142","225","366","362","468","C1860244"
"32654","392255","2","5","7","53","51","342","259","423","389","C1860244"
"32655","6714","2","5","7","53","14","20","25","40","186","C1860245"
"32656","2038","2","5","7","11","142","225","142","220","116","C1860245"
"32657","5468","2","3","3","19","151","276","91","433","118","C1860245"
"32658","2263","2","5","7","53","14","20","25","40","186","C1860245"
"32659","11253","2","3","2","41","116","268","423","536","445","C1860245"
"32660","203068","2","3","7","34","52","216","38","54","75","C1860247"
"32661","4722","2","3","2","48","170","50","119","444","556","C1860247"
"32662","710","2","5","7","53","51","342","454","573","702","C1860247"
"32663","23064","2","3","6","11","31","261","142","220","664","C1860247"
"32664","2260","2","5","7","53","14","20","25","40","186","C1860247"
"32665","5626","2","3","3","19","221","321","428","541","667","C1860247"
"32666","29887","2","3","7","60","18","110","141","198","270","C1860247"
"32667","6868","2","5","7","53","51","342","454","236","492","C1860253"
"32668","4846","2","3","5","41","219","75","243","44","64","C1860253"
"32669","4157","2","5","4","68","96","326","427","548","672","C1860253"
"32670","7249","2","3","7","60","57","110","141","359","462","C1860253"
"32671","5506","2","3","12","76","137","76","136","82","658","C1860253"
"32672","2796","2","5","4","68","96","326","427","548","672","C1860253"
"32673","4313","2","5","7","53","51","342","454","573","492","C1860253"
"32674","421","2","5","7","42","51","335","444","560","373","C1860335"
"32675","191","2","3","5","80","81","105","426","129","690","C1860335"
"32676","2157","2","5","7","53","51","342","454","573","702","C1860335"
"32677","11155","2","5","7","63","45","23","103","464","187","C1860335"
"32678","545","2","3","12","19","31","261","116","1","86","C1860335"
"32679","30817","2","5","3","68","221","197","259","560","422","C1860344"
"32680","1829","2","1","6","11","142","225","142","220","298","C1860344"
"32681","4835","2","3","5","80","130","114","290","367","475","C1860344"
"32682","3339","2","5","7","53","51","342","454","573","492","C1860344"
"32683","51259","2","3","2","76","153","40","38","54","75","C1860394"
"32684","9321","2","3","12","76","153","40","38","54","203","C1860394"
"32685","10555","2","3","7","34","52","216","395","549","622","C1860394"
"32686","22845","2","3","2","48","68","125","161","214","288","C1860394"
"32687","5889","2","3","12","19","31","261","116","1","86","C1860450"
"32688","6885","2","3","12","41","219","339","156","568","697","C1860450"
"32689","2261","2","5","7","53","14","20","25","40","186","C1860450"
"32690","6834","2","3","2","48","170","50","119","444","556","C1860450"
"32691","4771","2","5","7","60","36","71","177","64","215","C1860450"
"32692","5696","2","3","12","41","116","268","156","568","116","C1860450"
"32693","4261","2","3","12","53","184","119","156","287","116","C1860450"
"32694","7227","2","3","12","19","31","276","91","433","118","C1860450"
"32695","1836","2","3","2","35","41","94","260","330","375","C1860475"
"32696","1312","2","3","2","87","79","105","426","129","25","C1860475"
"32697","1296","2","5","7","53","51","342","454","573","492","C1860475"
"32698","54941","2","3","12","41","116","268","434","468","213","C1860475"
"32699","1029","2","3","12","19","31","1","116","1","664","C1860475"
"32700","1387","2","3","12","19","31","276","91","433","118","C1860475"
"32701","3166","2","3","3","19","221","321","428","541","667","C1860475"
"32702","5663","2","5","7","34","52","216","395","549","667","C1860475"
"32703","26227","2","3","2","41","137","44","208","81","108","C1860475"
"32704","26154","2","3","5","47","144","185","238","310","392","C1860475"
"32705","1594","2","3","5","92","163","96","363","460","487","C1860475"
"32706","3459","2","5","7","53","184","119","156","287","116","C1860475"
"32707","3110","2","3","3","19","221","321","428","541","667","C1860475"
"32708","11222","2","3","2","48","182","67","76","463","153","C1860475"
"32709","4536","2","3","2","48","170","50","119","444","556","C1860475"
"32710","55687","2","3","2","48","170","152","119","252","154","C1860488"
"32711","2065","2","5","7","53","14","20","25","40","186","C1860488"
"32712","4204","2","3","12","19","31","1","426","55","78","C1860488"
"32713","1186","2","5","8","63","45","23","34","464","187","C1860493"
"32714","2290","2","3","3","19","221","321","428","541","667","C1860493"
"32715","4148","2","5","7","53","51","342","454","573","492","C1860493"
"32716","3988","2","3","5","98","174","277","379","476","42","C1860493"
"32717","8553","2","3","12","19","151","276","91","433","118","C1860493"
"32718","23171","2","3","5","116","183","295","398","552","622","C1860493"
"32719","6663","2","3","3","19","221","321","428","541","667","C1860493"
"32720","4625","2","3","8","63","45","23","103","464","187","C1860493"
"32721","4313","2","5","7","53","51","342","454","573","492","C1860493"
"32722","56997","2","3","2","48","170","50","119","444","556","C1860493"
"32723","25978","2","3","2","48","57","110","141","359","462","C1860493"
"32724","5580","2","5","7","34","52","216","395","287","116","C1860493"
"32725","4621","2","5","8","63","45","23","103","464","187","C1860493"
"32726","843","2","3","12","41","219","339","156","568","697","C1860493"
"32727","2261","2","5","7","53","14","20","25","40","186","C1860493"
"32728","4148","2","5","7","53","51","342","454","573","492","C1860493"
"32729","22954","2","3","12","41","116","268","434","468","213","C1860493"
"32730","7461","2","3","7","60","153","40","38","93","75","C1860493"
"32731","1776","2","5","7","105","219","261","402","129","215","C1860493"
"32732","5076","2","3","3","19","221","321","428","541","667","C1860607"
"32733","9897","2","3","12","76","18","75","38","1","212","C1860607"
"32734","6017","2","3","2","69","83","101","126","170","224","C1860608"
"32735","7468","2","3","12","19","31","1","426","55","78","C1860608"
"32736","7258","2","3","12","19","36","1","426","55","78","C1860608"
"32737","7415","2","3","7","34","52","216","395","536","445","C1860608"
"32738","6341","2","3","2","48","170","50","119","444","556","C1860614"
"32739","8867","2","3","5","60","14","184","341","544","669","C1860614"
"32740","59","2","5","8","63","45","23","103","464","187","C1860614"
"32741","5130","2","3","2","85","143","286","51","488","102","C1860614"
"32742","2316","2","5","7","53","51","342","454","573","702","C1860614"
"32743","3630","2","5","7","53","14","20","25","40","186","C1860614"
"32744","7124","2","3","12","41","219","339","156","568","697","C1860614"
"32745","2697","2","3","7","76","153","40","38","54","75","C1860614"
"32746","7421","2","3","3","19","151","276","91","433","118","C1860614"
"32747","4694","2","3","2","48","170","50","119","444","556","C1860614"
"32748","22909","2","3","12","19","31","261","116","1","86","C1860614"
"32749","7157","2","3","12","19","31","261","402","489","551","C1860614"
"32750","843","2","3","12","41","219","339","156","568","697","C1860614"
"32751","7415","2","3","7","34","52","216","395","536","445","C1860614"
"32752","54903","2","3","12","76","153","40","38","54","75","C1860614"
"32753","10293","2","3","12","41","116","268","434","468","213","C1860614"
"32754","7291","2","3","12","19","151","276","91","489","416","C1860614"
"32755","2324","2","5","7","53","14","20","25","40","186","C1860614"
"32756","5972","2","5","5","34","52","216","397","418","568","C1860614"
"32757","51085","2","3","2","48","57","110","141","359","462","C1860614"
"32758","4621","2","5","8","63","45","23","103","464","187","C1860614"
"32759","142","2","3","12","19","31","261","116","1","86","C1860614"
"32760","570","2","3","5","43","161","305","409","255","56","C1860614"
"32761","6424","2","5","7","53","51","342","454","573","492","C1860614"
"32762","51684","2","3","12","41","116","268","38","54","75","C1860707"
"32763","50485","2","3","12","19","31","261","116","1","86","C1860707"
"32764","2812","2","5","7","53","51","342","454","573","492","C1860710"
"32765","8929","2","3","3","19","221","321","428","541","667","C1860710"
"32766","10585","2","5","2","27","206","324","430","215","290","C1860711"
"32767","6778","2","5","7","53","51","119","25","489","416","C1860711"
"32768","3691","2","5","7","53","51","342","454","573","492","C1860711"
"32769","7443","2","3","12","19","31","261","34","540","68","C1860789"
"32770","3552","2","3","12","53","51","119","156","489","416","C1860789"
"32771","9719","2","5","7","53","51","342","454","573","492","C1860789"
"32772","7297","2","5","7","53","184","119","25","40","186","C1860789"
"32773","23411","2","3","12","19","31","1","91","433","118","C1860789"
"32774","7253","2","5","4","68","96","326","427","548","672","C1860789"
"32775","5618","2","5","7","53","51","119","25","40","186","C1860789"
"32776","5888","2","3","12","19","31","261","116","1","86","C1860789"
"32777","472","2","3","12","19","31","261","116","1","86","C1860796"
"32778","5444","2","3","5","80","147","236","328","411","229","C1860796"
"32779","2972","2","3","2","19","33","261","116","159","211","C1860796"
"32780","1786","2","3","12","19","31","1","426","55","78","C1860796"
"32781","25836","2","3","12","76","153","40","38","54","75","C1860796"
"32782","6392","2","3","2","48","170","50","119","444","556","C1860816"
"32783","3592","2","5","7","53","51","119","25","489","416","C1860816"
"32784","583","2","3","12","76","153","40","38","54","75","C1860816"
"32785","2006","2","5","7","53","51","342","454","573","492","C1860816"
"32786","2132","2","3","2","74","58","112","148","193","263","C1860816"
"32787","9180","2","5","7","53","51","119","25","549","416","C1860816"
"32788","5925","2","3","12","19","31","1","426","55","78","C1860816"
"32789","6389","2","3","2","48","170","50","119","444","556","C1860816"
"32790","5447","2","3","5","91","214","271","372","471","586","C1860816"
"32791","2033","2","3","12","19","31","1","91","433","118","C1860816"
"32792","1146","2","5","8","27","70","99","162","216","290","C1860816"
"32793","9987","2","3","2","22","33","323","66","101","136","C1860816"
"32794","788","2","3","2","45","151","199","240","415","666","C1860816"
"32795","4137","2","3","7","27","36","150","341","223","628","C1860816"
"32796","3426","2","5","7","53","51","119","395","549","674","C1860816"
"32797","4867","2","5","7","76","153","40","38","54","75","C1860816"
"32798","8942","2","3","5","52","212","183","307","391","507","C1860816"
"32799","1280","2","5","7","53","51","342","454","573","492","C1860816"
"32800","4255","2","3","12","19","31","261","116","1","86","C1860816"
"32801","2255","2","5","7","53","14","20","25","40","186","C1860825"
"32802","6261","2","5","8","63","45","23","34","464","187","C1860825"
"32803","1021","2","3","12","19","31","1","426","55","78","C1860828"
"32804","5176","2","5","7","53","51","342","454","573","492","C1860828"
"32805","2879","2","3","5","80","81","166","378","173","229","C1860834"
"32806","8260","2","3","12","41","85","266","76","287","78","C1860834"
"32807","6309","2","3","5","19","151","76","48","69","204","C1860834"
"32808","6868","2","5","7","53","51","342","454","236","492","C1860834"
"32809","5648","2","5","7","53","51","119","395","549","674","C1860834"
"32810","2776","2","5","4","68","96","326","427","548","672","C1860834"
"32811","333929","2","3","6","11","142","225","142","220","298","C1860834"
"32812","3920","2","5","7","34","52","216","395","549","674","C1860834"
"32813","54","2","3","5","80","81","178","195","256","342","C1860834"
"32814","2316","2","5","7","53","51","342","454","573","702","C1860834"
"32815","51360","2","3","3","26","35","276","91","433","203","C1860834"
"32816","1001","2","5","7","53","51","335","444","560","373","C1860834"
"32817","1528","2","3","5","91","214","271","372","471","586","C1861063"
"32818","7476","2","5","3","68","221","197","259","560","422","C1861063"
"32819","7855","2","5","3","68","221","197","259","560","422","C1861063"
"32820","7471","2","5","3","68","221","197","259","560","422","C1861063"
"32821","5897","2","3","12","41","116","268","141","568","605","C1861063"
"32822","10735","2","3","12","76","153","40","38","54","75","C1861063"
"32823","207","2","3","7","53","14","20","34","489","416","C1861063"
"32824","5828","2","3","5","43","161","305","409","208","482","C1861063"
"32825","5828","2","3","5","43","161","305","409","208","482","C1861063"
"32826","6866","2","5","4","68","96","326","427","548","672","C1861063"
"32827","10087","2","3","7","50","47","39","100","321","255","C1861063"
"32828","1836","2","3","2","35","41","94","260","330","375","C1861063"
"32829","7015","2","3","12","19","31","1","426","55","78","C1861098"
"32830","4791","2","3","12","41","219","339","156","568","697","C1861098"
"32831","3784","2","5","8","63","36","166","106","110","158","C1861141"
"32832","6505","2","3","2","45","94","199","240","415","666","C1861141"
"32833","5160","2","3","2","67","92","293","55","75","311","C1861172"
"32834","7157","2","3","12","19","31","261","402","489","551","C1861172"
"32835","5626","2","3","3","19","221","321","428","541","667","C1861172"
"32836","57817","2","5","7","34","51","342","350","243","561","C1861172"
"32837","1146","2","5","8","27","70","99","162","216","290","C1861172"
"32838","2638","2","5","8","63","45","23","103","464","187","C1861172"
"32839","4512","2","3","2","48","170","110","141","359","8","C1861172"
"32840","2313","2","3","12","19","31","276","91","433","118","C1861172"
"32841","4763","2","5","7","60","54","24","30","46","214","C1861178"
"32842","10269","2","3","2","48","182","50","119","444","556","C1861195"
"32843","1311","2","5","7","53","51","342","454","573","492","C1861195"
"32844","846","2","5","4","68","96","326","427","548","672","C1861195"
"32845","2263","2","5","7","53","14","20","25","40","186","C1861195"
"32846","4000","2","3","12","26","105","178","226","297","156","C1861218"
"32847","54101","2","3","2","48","170","50","347","167","593","C1861218"
"32848","7015","2","3","12","19","31","1","426","55","78","C1861218"
"32849","7124","2","3","12","41","219","339","156","568","697","C1861218"
"32850","5781","2","5","7","53","14","20","25","40","186","C1861218"
"32851","7428","2","3","12","41","116","268","434","468","213","C1861218"
"32852","4312","2","5","7","53","51","342","454","573","492","C1861218"
"32853","7043","2","5","7","53","51","342","454","573","492","C1861218"
"32854","5913","2","5","7","27","36","71","341","223","219","C1861218"
"32855","2153","2","5","7","53","51","342","454","573","492","C1861218"
"32856","7389","2","3","2","17","24","51","132","210","123","C1861218"
"32857","4688","2","5","7","60","14","20","25","40","215","C1861218"
"32858","5788","2","5","7","34","52","216","395","549","674","C1861226"
"32859","3115","2","5","7","53","184","119","156","287","116","C1861226"
"32860","25782","2","5","7","60","54","24","30","46","72","C1861248"
"32861","7351","2","3","2","20","29","98","123","166","221","C1861248"
"32862","1758","2","5","7","53","51","342","454","573","492","C1861326"
"32863","1896","2","5","12","41","219","339","156","568","697","C1861326"
"32864","2261","2","5","7","53","14","20","25","40","186","C1861326"
"32865","6620","2","5","7","27","36","150","341","223","628","C1861326"
"32866","4853","2","3","12","19","124","143","428","236","667","C1861328"
"32867","25942","2","3","12","19","31","1","426","55","78","C1861328"
"32868","3954","2","3","2","48","170","67","119","444","593","C1861329"
"32869","4488","2","3","3","19","221","321","428","541","667","C1861329"
"32870","6495","2","3","3","19","221","321","428","541","667","C1861329"
"32871","5982","2","3","12","19","31","261","116","1","86","C1861329"
"32872","2263","2","5","7","53","14","20","25","40","186","C1861329"
"32873","5034","2","5","7","53","51","342","454","573","492","C1861329"
"32874","1311","2","5","7","53","51","342","454","573","492","C1861329"
"32875","3891","2","1","6","11","142","225","142","220","298","C1861329"
"32876","2707","2","3","12","76","153","40","38","54","75","C1861329"
"32877","23095","2","3","7","76","153","40","38","54","75","C1861329"
"32878","23093","2","3","12","76","153","40","38","54","75","C1861329"
"32879","4536","2","3","2","48","170","50","119","444","556","C1861329"
"32880","25782","2","5","7","60","54","24","30","46","72","C1861331"
"32881","5784","2","5","7","42","81","296","399","201","274","C1861331"
"32882","2009","2","3","12","76","153","40","38","54","75","C1861336"
"32883","359","2","3","5","80","81","166","397","374","486","C1861336"
"32884","10262","2","3","2","22","33","323","66","101","136","C1861336"
"32885","1311","2","5","7","53","51","342","454","573","492","C1861349"
"32886","3845","2","5","7","60","54","24","30","46","72","C1861349"
"32887","3675","2","5","7","53","51","342","454","573","492","C1861349"
"32888","3605","2","5","7","53","51","119","25","489","416","C1861349"
"32889","54880","2","3","12","19","31","1","426","55","78","C1861355"
"32890","7099","2","5","7","41","219","339","156","568","697","C1861355"
"32891","5824","2","3","5","47","144","185","238","310","392","C1861360"
"32892","22930","2","5","7","60","54","24","30","46","72","C1861360"
"32893","1020","2","3","12","19","14","118","34","540","68","C1861373"
"32894","4352","2","5","7","53","14","20","25","40","186","C1861373"
"32895","1959","2","3","3","19","151","276","91","433","118","C1861376"
"32896","23556","2","3","2","61","77","142","176","235","317","C1861376"
"32897","7827","2","5","7","53","170","335","25","560","373","C1861385"
"32898","6657","2","3","12","19","221","321","428","541","667","C1861385"
"32899","2033","2","3","12","19","31","1","91","433","118","C1861388"
"32900","3122","2","5","7","53","184","119","156","287","116","C1861388"
"32901","2915","2","5","4","68","96","326","427","548","672","C1861388"
"32902","974","2","5","7","53","51","119","395","549","674","C1861388"
"32903","29926","2","3","2","68","66","123","158","207","278","C1861388"
"32904","10749","2","3","7","76","153","40","38","54","75","C1861443"
"32905","4514","2","3","2","48","57","110","141","359","5","C1861443"
"32906","368","2","3","12","41","116","268","423","536","445","C1861519"
"32907","7314","2","3","12","41","219","261","409","208","482","C1861519"
"32908","23322","2","3","12","76","153","40","38","54","75","C1861519"
"32909","7292","2","5","12","41","219","339","156","568","697","C1861528"
"32910","51715","2","5","7","60","54","24","30","46","72","C1861528"
"32911","4297","2","3","12","19","31","1","426","55","78","C1861528"
"32912","1312","2","3","2","87","79","105","426","129","25","C1861537"
"32913","1439","2","5","7","53","14","20","25","40","186","C1861537"
"32914","1583","2","3","5","79","152","273","375","100","589","C1861544"
"32915","8516","2","5","7","53","51","342","454","573","492","C1861544"
"32916","3162","2","3","5","53","51","119","402","489","416","C1861556"
"32917","540","2","5","8","63","45","23","103","464","187","C1861556"
"32918","4763","2","5","7","60","54","24","30","46","214","C1861675"
"32919","9031","2","3","12","19","31","1","426","55","78","C1861675"
"32920","10060","2","3","8","41","45","23","423","464","445","C1861736"
"32921","23400","2","5","8","63","45","23","103","464","187","C1861736"
"32922","2332","2","3","2","22","33","71","373","466","609","C1861821"
"32923","3553","2","5","7","53","51","119","25","489","416","C1861821"
"32924","22948","2","3","12","76","137","76","136","472","435","C1861825"
"32925","9031","2","3","12","19","31","1","426","55","78","C1861829"
"32926","26277","2","3","12","19","31","1","426","1","78","C1861829"
"32927","54902","2","3","2","48","182","50","119","444","556","C1861829"
"32928","3172","2","3","3","19","151","276","91","433","118","C1861829"
"32929","5350","2","5","8","63","45","23","103","464","187","C1861829"
"32930","1281","2","5","7","53","51","342","454","573","492","C1861829"
"32931","4137","2","3","7","27","36","150","341","223","628","C1861829"
"32932","715","2","5","7","53","51","119","395","549","674","C1861829"
"32933","7287","2","5","7","11","142","71","341","560","219","C1861866"
"32934","3423","2","3","5","74","3","342","374","294","590","C1861866"
"32935","3593","2","5","7","53","51","119","25","489","416","C1861866"
"32936","7390","2","3","5","80","81","166","132","175","473","C1861866"
"32937","26128","2","3","12","76","153","40","38","54","154","C1861866"
"32938","6326","2","5","8","63","36","166","341","390","158","C1861866"
"32939","2767","2","5","4","68","96","326","427","548","672","C1861866"
"32940","7704","2","3","12","41","116","268","434","468","213","C1861866"
"32941","6616","2","5","7","34","52","216","341","223","628","C1861866"
"32942","54332","2","3","2","60","170","40","98","66","203","C1861866"
"32943","7555","2","3","2","110","85","237","433","547","671","C1861866"
"32944","2033","2","3","12","19","31","1","91","433","118","C1861866"
"32945","10133","2","3","12","76","153","40","38","54","75","C1861866"
"32946","2074","2","3","12","19","31","1","426","55","78","C1861866"
"32947","23363","2","3","12","41","116","268","434","468","213","C1861866"
"32948","2778","2","5","4","68","96","326","427","548","672","C1861866"
"32949","5781","2","5","7","53","14","20","25","40","186","C1861866"
"32950","5885","2","3","12","76","153","40","38","54","75","C1861866"
"32951","3651","2","3","3","19","221","321","428","541","667","C1861866"
"32952","2629","2","3","5","80","81","250","291","152","420","C1861866"
"32953","617","2","3","2","48","170","50","304","167","593","C1861866"
"32954","23414","2","3","12","19","31","118","155","287","116","C1861866"
"32955","8653","2","3","12","110","85","237","136","472","127","C1861866"
"32956","4214","2","3","12","41","219","339","34","540","117","C1861901"
"32957","7274","2","3","5","43","161","99","162","216","290","C1861901"
"32958","1387","2","3","12","19","31","276","91","433","118","C1861901"
"32959","7428","2","3","12","41","116","268","434","468","213","C1861901"
"32960","4141","2","3","2","110","85","237","433","547","154","C1861901"
"32961","10939","2","3","2","48","170","50","119","444","593","C1861901"
"32962","950","2","5","7","60","14","184","341","544","669","C1861901"
"32963","10060","2","3","8","41","45","23","423","464","445","C1861901"
"32964","6297","2","3","12","41","116","266","402","489","416","C1861901"
"32965","55764","2","3","12","76","153","40","38","54","75","C1861975"
"32966","2261","2","5","7","53","14","20","25","40","186","C1861975"
"32967","23384","2","3","12","63","45","184","103","572","658","C1861975"
"32968","6303","2","3","2","67","118","160","261","188","423","C1861975"
"32969","2073","2","3","12","19","31","261","116","1","86","C1861975"
"32970","540","2","5","8","63","45","23","103","464","187","C1861975"
"32971","22891","2","3","12","76","153","40","341","54","75","C1861975"
"32972","4835","2","3","5","80","130","114","290","367","475","C1861975"
"32973","7124","2","3","12","41","219","339","156","568","697","C1861975"
"32974","3651","2","3","3","19","221","321","428","541","667","C1861975"
"32975","3918","2","5","7","53","51","342","454","573","492","C1861975"
"32976","730","2","5","7","53","51","119","395","549","674","C1861975"
"32977","8242","2","3","12","19","31","1","426","55","78","C1861975"
"32978","9851","2","3","12","76","153","40","38","54","75","C1861975"
"32979","57282","2","3","2","45","94","199","240","415","666","C1861975"
"32980","1954","2","5","7","53","51","342","454","573","492","C1861975"
"32981","8518","2","3","12","19","31","1","426","55","78","C1861975"
"32982","4534","2","3","5","80","81","296","399","362","468","C1862050"
"32983","2072","2","3","12","19","31","261","116","1","86","C1862050"
"32984","5732","2","5","4","68","96","326","427","548","672","C1862050"
"32985","843","2","3","12","41","219","339","156","568","697","C1862050"
"32986","25959","2","3","3","19","151","276","91","433","118","C1862050"
"32987","1493","2","5","7","53","51","119","25","40","186","C1862052"
"32988","23639","2","3","12","41","219","261","136","271","356","C1862052"
"32989","2067","2","3","12","19","31","261","116","1","86","C1862096"
"32990","8600","2","5","7","41","219","339","156","568","697","C1862096"
"32991","6628","2","3","2","22","33","323","66","101","136","C1862102"
"32992","6597","2","3","12","19","31","1","426","55","78","C1862102"
"32993","9896","2","3","5","80","81","296","399","201","274","C1862102"
"32994","4323","2","5","7","53","51","342","454","573","492","C1862102"
"32995","445","2","3","2","84","97","167","210","278","360","C1862103"
"32996","2556","2","5","8","27","70","99","162","216","290","C1862103"
"32997","2812","2","5","7","53","51","342","454","573","492","C1862112"
"32998","2626","2","3","12","19","31","118","155","287","116","C1862112"
"32999","29078","2","3","2","48","170","50","119","444","556","C1862132"
"33000","4626","2","5","8","63","45","23","103","464","187","C1862132"
"33001","6499","2","3","2","110","85","237","433","547","671","C1862132"
"33002","776","2","5","8","63","36","166","341","390","158","C1862132"
"33003","4621","2","5","8","63","45","23","103","464","187","C1862132"
"33004","23411","2","3","12","19","31","1","91","433","118","C1862132"
"33005","4882","2","3","4","68","96","326","427","548","672","C1862132"
"33006","790","2","3","12","41","219","339","347","206","627","C1862132"
"33007","3475","2","3","12","19","31","1","91","433","667","C1862132"
"33008","4920","2","5","7","53","14","20","259","560","373","C1862132"
"33009","6440","2","5","5","68","96","185","238","310","272","C1862132"
"33010","57551","2","3","12","76","153","40","38","54","75","C1862132"
"33011","1280","2","5","7","53","51","342","454","573","492","C1862132"
"33012","50615","2","5","7","53","51","119","25","40","186","C1862132"
"33013","2316","2","5","7","53","51","342","454","573","702","C1862132"
"33014","1644","2","3","2","88","79","239","333","258","345","C1862132"
"33015","4647","2","5","7","60","83","101","126","170","224","C1862132"
"33016","4352","2","5","7","53","14","20","25","40","186","C1862132"
"33017","4041","2","5","3","68","221","197","259","560","422","C1862132"
"33018","7476","2","5","3","68","221","197","259","560","422","C1862132"
"33019","27030","2","3","12","19","31","1","426","55","78","C1862132"
"33020","6239","2","3","12","19","119","330","214","454","144","C1862132"
"33021","617","2","3","2","48","170","50","304","167","593","C1862132"
"33022","2239","2","3","2","74","51","342","454","573","492","C1862132"
"33023","51360","2","3","3","26","35","276","91","433","203","C1862142"
"33024","257","2","3","3","19","221","321","428","541","667","C1862142"
"33025","207","2","3","7","53","14","20","34","489","416","C1862142"
"33026","1188","2","5","8","63","45","23","34","464","187","C1862142"
"33027","1535","2","5","7","34","52","216","395","549","674","C1862142"
"33028","6870","2","5","4","68","96","326","427","548","672","C1862142"
"33029","4692","2","5","7","53","51","119","402","489","416","C1862144"
"33030","10483","2","3","7","60","54","24","30","46","72","C1862144"
"33031","958","2","5","7","53","51","119","156","568","697","C1862144"
"33032","5727","2","3","12","68","221","197","259","560","422","C1862144"
"33033","8022","2","3","3","110","85","321","428","541","667","C1862147"
"33034","710","2","5","7","53","51","342","454","573","702","C1862147"
"33035","7201","2","5","4","68","96","326","427","548","672","C1862147"
"33036","3914","2","5","7","53","51","342","454","573","492","C1862151"
"33037","275","2","3","5","106","104","214","70","377","488","C1862151"
"33038","2990","2","3","7","34","52","216","395","549","674","C1862151"
"33039","26160","2","3","12","76","153","40","38","54","75","C1862152"
"33040","9451","2","3","2","110","51","335","226","297","380","C1862152"
"33041","2912","2","5","4","68","96","326","427","548","672","C1862152"
"33042","9775","2","3","2","22","33","323","66","101","136","C1862152"
"33043","54209","2","5","7","53","51","119","395","549","674","C1862152"
"33044","9049","2","3","3","41","151","276","378","271","356","C1862170"
"33045","4929","2","3","3","19","151","276","91","433","118","C1862178"
"33046","4810","2","3","2","76","57","110","444","560","373","C1862178"
"33047","9031","2","3","12","19","31","1","426","55","78","C1862265"
"33048","8924","2","3","12","41","116","268","434","468","213","C1862265"
"33049","4582","2","5","7","53","206","324","430","429","544","C1862265"
"33050","5332","2","3","4","68","96","326","427","548","672","C1862265"
"33051","5173","2","5","4","68","96","326","427","548","672","C1862265"
"33052","1535","2","5","7","34","52","216","395","549","674","C1862265"
"33053","26119","2","5","7","60","14","184","341","544","669","C1862265"
"33054","5573","2","3","12","19","184","118","155","287","116","C1862265"
"33055","790","2","3","12","41","219","339","347","206","627","C1862265"
"33056","5824","2","3","5","47","144","185","238","310","392","C1862265"
"33057","9652","2","3","2","110","85","237","433","547","671","C1862265"
"33058","805","2","5","8","53","45","20","34","464","187","C1862265"
"33059","7390","2","3","5","80","81","166","132","175","473","C1862265"
"33060","3569","2","5","7","53","51","342","454","573","416","C1862265"
"33061","7167","2","3","2","90","167","266","367","500","577","C1862265"
"33062","54790","2","3","12","19","31","1","426","55","78","C1862304"
"33063","2200","2","5","7","53","51","342","454","573","492","C1862304"
"33064","196","2","3","3","19","151","276","91","433","118","C1862304"
"33065","4735","2","3","12","76","153","40","38","54","75","C1862313"
"33066","5446","2","3","5","80","147","236","328","411","528","C1862313"
"33067","1636","2","3","5","80","81","166","397","418","568","C1862313"
"33068","4204","2","3","12","19","31","1","426","55","78","C1862313"
"33069","1376","2","3","2","19","151","276","91","433","118","C1862313"
"33070","23592","2","3","12","26","105","342","259","423","389","C1862314"
"33071","3977","2","5","7","53","51","119","25","40","416","C1862314"
"33072","54487","2","3","2","22","33","323","66","101","136","C1862314"
"33073","3892","2","1","6","11","142","225","142","220","298","C1862314"
"33074","4758","2","3","7","34","52","216","395","549","517","C1862314"
"33075","7840","2","3","12","76","153","40","38","54","75","C1862314"
"33076","6648","2","3","2","95","151","160","378","173","229","C1862314"
"33077","478","2","3","8","63","45","23","366","464","187","C1862314"
"33078","857","2","5","7","53","45","23","57","83","422","C1862314"
"33079","59272","2","3","5","80","94","199","240","415","666","C1862314"
"33080","3984","2","5","7","53","14","20","34","540","68","C1862314"
"33081","8322","2","5","3","68","221","184","259","544","669","C1862314"
"33082","79042","2","3","12","22","33","323","66","101","664","C1862314"
"33083","1280","2","5","7","53","51","342","454","573","492","C1862314"
"33084","4724","2","3","2","48","170","50","119","444","556","C1862314"
"33085","2773","2","5","4","68","96","326","427","548","672","C1862314"
"33086","7516","2","3","12","19","31","261","116","1","86","C1862314"
"33087","10019","2","5","7","53","14","20","25","40","116","C1862314"
"33088","1524","2","5","4","68","96","326","427","548","672","C1862314"
"33089","4539","2","3","2","53","184","86","107","560","195","C1862314"
"33090","23639","2","3","12","41","219","261","136","271","356","C1862314"
"33091","4780","2","3","12","19","31","276","91","433","118","C1862314"
"33092","3815","2","5","7","53","14","20","25","40","186","C1862314"
"33093","4513","2","3","2","48","170","110","141","359","532","C1862376"
"33094","1836","2","3","2","35","41","94","260","330","375","C1862376"
"33095","6335","2","5","8","63","36","166","341","390","158","C1862474"
"33096","3930","2","3","2","22","33","323","66","3","464","C1862474"
"33097","291","2","3","2","48","170","50","304","167","593","C1862474"
"33098","3785","2","5","8","63","36","166","106","110","158","C1862474"
"33099","10815","2","5","7","60","36","71","341","223","666","C1862474"
"33100","5832","2","3","2","101","62","189","182","509","252","C1862474"
"33101","8050","2","3","2","67","92","293","55","75","311","C1862479"
"33102","7476","2","5","3","68","221","197","259","560","422","C1862479"
"33103","2184","2","3","5","76","153","138","236","332","407","C1862479"
"33104","3643","2","5","7","53","14","20","25","40","186","C1862479"
"33105","2033","2","3","12","19","31","1","91","433","118","C1862479"
"33106","2147","2","5","7","68","51","342","454","573","492","C1862481"
"33107","6521","2","5","8","35","41","199","40","415","666","C1862481"
"33108","30835","2","5","7","53","51","119","395","549","674","C1862689"
"33109","1528","2","3","5","91","214","271","372","471","586","C1862689"
"33110","10269","2","3","2","48","182","50","119","444","556","C1862697"
"33111","2152","2","5","7","53","51","119","454","549","674","C1862697"
"33112","2263","2","5","7","53","14","20","25","40","186","C1862697"
"33113","27125","2","3","12","19","31","261","116","159","211","C1862697"
"33114","779","2","5","8","63","36","166","341","390","158","C1862761"
"33115","7401","2","5","7","60","83","101","126","170","224","C1862761"
"33116","3060","2","5","4","68","96","326","427","548","672","C1862761"
"33117","2176","2","3","12","19","31","261","116","1","86","C1862761"
"33118","673","2","5","7","53","14","20","34","540","68","C1862761"
"33119","1385","2","3","12","19","151","276","91","433","118","C1862761"
"33120","4247","2","3","2","68","67","320","98","180","279","C1862761"
"33121","3030","2","3","2","48","57","339","44","65","31","C1862761"
"33122","1021","2","3","12","19","31","1","426","55","78","C1862761"
"33123","1301","2","5","7","53","51","342","454","573","492","C1862761"
"33124","9935","2","3","12","19","31","1","426","55","78","C1862761"
"33125","5054","2","5","7","53","51","342","454","573","492","C1862761"
"33126","1499","2","3","12","19","221","197","259","560","422","C1862761"
"33127","635","2","3","8","45","94","199","240","415","666","C1862761"
"33128","79734","2","5","8","63","36","166","106","110","158","C1862761"
"33129","8074","2","5","7","53","14","20","25","40","186","C1862761"
"33130","2146","2","3","12","19","31","1","426","55","78","C1862761"
"33131","4509","2","3","2","48","170","50","119","444","556","C1862761"
"33132","5077","2","3","3","19","221","321","428","541","667","C1862761"
"33133","10019","2","5","7","53","14","20","25","40","116","C1862761"
"33134","51010","2","3","2","110","85","237","433","547","671","C1862761"
"33135","5663","2","5","7","34","52","216","395","549","667","C1862761"
"33136","9409","2","3","5","43","161","305","409","208","482","C1862761"
"33137","427","2","3","7","34","52","216","395","549","420","C1862761"
"33138","3053","2","5","7","53","51","342","454","573","492","C1862761"
"33139","6138","2","3","2","110","85","237","433","547","671","C1862761"
"33140","1487","2","3","12","19","31","1","426","55","340","C1862761"
"33141","8086","2","3","12","22","33","323","66","101","664","C1862839"
"33142","23426","2","5","7","42","36","71","177","223","219","C1862839"
"33143","10020","2","3","2","89","124","204","42","452","258","C1862855"
"33144","9031","2","3","12","19","31","1","426","55","78","C1862855"
"33145","3440","2","3","12","19","184","118","155","287","116","C1862855"
"33146","10262","2","3","2","22","33","323","66","101","136","C1862855"
"33147","6927","2","3","3","19","221","321","428","541","667","C1862855"
"33148","5624","2","5","7","53","51","342","454","573","492","C1862855"
"33149","6262","2","5","8","63","45","23","34","464","187","C1862855"
"33150","116","2","5","4","68","96","326","427","548","672","C1862862"
"33151","89884","2","3","3","110","221","321","428","541","667","C1862862"
"33152","5396","2","3","3","19","221","321","428","541","667","C1862862"
"33153","3549","2","5","3","53","51","197","259","560","422","C1862862"
"33154","8085","2","3","12","19","31","1","426","55","78","C1862862"
"33155","6591","2","3","12","19","31","1","426","55","78","C1862863"
"33156","1401","2","5","7","53","51","119","395","573","492","C1862863"
"33157","4000","2","3","12","26","105","178","226","297","156","C1862863"
"33158","6899","2","5","7","53","184","335","259","560","373","C1862863"
"33159","8481","2","3","12","76","153","40","38","54","75","C1862863"
"33160","4535","2","3","2","48","170","50","119","444","556","C1862863"
"33161","7416","2","3","2","48","170","339","304","167","593","C1862863"
"33162","3973","2","5","4","68","96","326","427","548","672","C1862863"
"33163","8626","2","3","3","19","221","321","428","541","667","C1862863"
"33164","2737","2","3","12","19","116","321","428","54","667","C1862863"
"33165","1280","2","5","7","53","51","342","454","573","492","C1862863"
"33166","10134","2","3","2","41","219","339","156","536","342","C1862863"
"33167","9569","2","3","12","19","31","276","91","433","118","C1862863"
"33168","6331","2","5","8","63","36","166","341","223","158","C1862863"
"33169","4089","2","3","12","19","219","339","259","423","605","C1862863"
"33170","2301","2","5","6","11","142","225","142","220","673","C1862863"
"33171","5449","2","3","3","19","221","321","428","541","667","C1862863"
"33172","53834","2","5","7","53","51","342","454","573","492","C1862863"
"33173","27031","2","3","6","11","142","225","38","331","506","C1862863"
"33174","11152","2","3","2","48","57","110","141","359","462","C1862863"
"33175","60","2","3","12","60","45","184","155","287","78","C1862863"
"33176","4803","2","5","7","60","54","24","30","46","72","C1862863"
"33177","2520","2","5","4","68","96","326","427","548","672","C1862863"
"33178","388753","2","3","2","48","170","50","304","167","593","C1862863"
"33179","2261","2","5","7","53","14","20","25","40","186","C1862863"
"33180","2629","2","3","5","80","81","250","291","152","420","C1862863"
"33181","9401","2","3","12","76","31","261","116","1","86","C1862863"
"33182","54903","2","3","12","76","153","40","38","54","75","C1862863"
"33183","29851","2","5","7","53","14","20","25","40","186","C1862863"
"33184","3759","2","5","8","63","36","166","106","110","158","C1862863"
"33185","9451","2","3","2","110","51","335","226","297","380","C1862863"
"33186","2255","2","5","7","53","14","20","25","40","186","C1862863"
"33187","1811","2","5","8","35","41","199","40","415","666","C1862932"
"33188","387357","2","5","7","53","14","20","25","40","186","C1862932"
"33189","26258","2","5","7","60","18","184","341","544","669","C1862932"
"33190","5255","2","3","7","34","45","23","103","464","187","C1862968"
"33191","9409","2","3","5","43","161","305","409","208","482","C1862968"
"33192","4594","2","3","7","48","92","261","116","186","245","C1862968"
"33193","3930","2","3","2","22","33","323","66","3","464","C1862968"
"33194","4054","2","5","7","53","51","342","454","573","492","C1862968"
"33195","4683","2","3","12","19","31","261","116","1","86","C1862968"
"33196","2626","2","3","12","19","31","118","155","287","116","C1863008"
"33197","23095","2","3","7","76","153","40","38","54","75","C1863008"
"33198","7421","2","3","3","19","151","276","91","433","118","C1863008"
"33199","3459","2","5","7","53","184","119","156","287","116","C1863051"
"33200","7389","2","3","2","17","24","51","132","210","123","C1863051"
"33201","6792","2","5","7","53","14","20","34","540","68","C1863051"
"33202","5743","2","3","5","53","175","119","167","489","416","C1863051"
"33203","1282","2","5","7","53","51","342","454","573","492","C1863051"
"33204","6144","2","3","2","110","85","237","433","547","671","C1863062"
"33205","26353","2","3","12","76","45","160","347","271","356","C1863062"
"33206","825","2","5","7","53","51","342","454","573","492","C1863184"
"33207","6628","2","3","2","22","33","323","66","101","136","C1863184"
"33208","3861","2","1","6","11","142","225","142","220","298","C1863198"
"33209","3239","2","3","3","19","221","321","428","541","667","C1863198"
"33210","7227","2","3","12","19","31","276","91","433","118","C1863200"
"33211","51750","2","3","12","19","31","261","116","1","86","C1863200"
"33212","5889","2","3","12","19","31","261","116","1","86","C1863200"
"33213","6165","2","3","2","110","85","237","433","547","671","C1863351"
"33214","23141","2","3","12","76","105","40","226","489","435","C1863351"
"33215","1021","2","3","12","19","31","1","426","55","78","C1863351"
"33216","2263","2","5","7","53","14","20","25","40","186","C1863351"
"33217","2248","2","5","7","53","14","20","25","40","186","C1863351"
"33218","8398","2","3","5","116","183","40","38","352","455","C1863353"
"33219","2245","2","5","7","60","54","24","30","46","72","C1863353"
"33220","2643","2","3","5","87","91","75","204","267","352","C1863353"
"33221","2332","2","3","2","22","33","71","373","466","609","C1863353"
"33222","4286","2","3","12","19","31","261","116","1","664","C1863353"
"33223","2260","2","5","7","53","14","20","25","40","186","C1863353"
"33224","1401","2","5","7","53","51","119","395","573","492","C1863353"
"33225","5652","2","1","6","11","142","225","142","220","298","C1863360"
"33226","4001","2","3","12","76","31","40","38","54","75","C1863360"
"33227","25978","2","3","2","48","57","110","141","359","462","C1863360"
"33228","2332","2","3","2","22","33","71","373","466","609","C1863360"
"33229","5573","2","3","12","19","184","118","155","287","116","C1863360"
"33230","3984","2","5","7","53","14","20","34","540","68","C1863360"
"33231","673","2","5","7","53","14","20","34","540","68","C1863360"
"33232","5894","2","5","7","60","54","23","34","464","187","C1863360"
"33233","55343","2","3","4","68","69","306","410","520","639","C1863363"
"33234","726","2","5","7","53","51","342","454","573","492","C1863363"
"33235","10516","2","5","7","53","51","342","454","573","492","C1863382"
"33236","1536","2","5","7","34","52","216","395","549","674","C1863382"
"33237","2239","2","3","2","74","51","342","454","573","492","C1863402"
"33238","7415","2","3","7","34","52","216","395","536","445","C1863402"
"33239","5167","2","3","5","32","93","163","207","303","126","C1863402"
"33240","51085","2","3","2","48","57","110","141","359","462","C1863406"
"33241","9949","2","3","2","22","33","225","142","220","298","C1863406"
"33242","2189","2","3","12","19","31","261","116","1","86","C1863411"
"33243","1813","2","5","4","68","96","326","427","548","672","C1863411"
"33244","5743","2","3","5","53","175","119","167","489","416","C1863715"
"33245","10293","2","3","12","41","116","268","434","468","213","C1863715"
"33246","1277","2","5","7","53","51","342","454","573","492","C1863715"
"33247","54714","2","5","8","63","36","166","106","110","158","C1863715"
"33248","546","2","3","12","19","31","261","426","1","86","C1863739"
"33249","4535","2","3","2","48","170","50","119","444","556","C1863739"
"33250","3694","2","5","7","53","51","342","454","573","492","C1863749"
"33251","10262","2","3","2","22","33","323","66","101","136","C1863749"
"33252","2244","2","5","7","53","51","342","454","573","492","C1863749"
"33253","5468","2","3","3","19","151","276","91","433","118","C1863749"
"33254","1583","2","3","5","79","152","273","375","100","589","C1863749"
"33255","6913","2","3","3","19","221","321","428","541","667","C1863749"
"33256","183","2","5","4","68","96","326","427","548","672","C1863752"
"33257","182","2","5","7","53","51","143","428","236","667","C1863752"
"33258","2706","2","3","12","76","153","40","38","54","75","C1863752"
"33259","4791","2","3","12","41","219","339","156","568","697","C1863872"
"33260","1636","2","3","5","80","81","166","397","418","568","C1863872"
"33261","3909","2","5","7","53","51","342","454","573","492","C1863924"
"33262","2261","2","5","7","53","14","20","25","40","186","C1863924"
"33263","3040","2","5","5","53","51","342","40","78","178","C1863924"
"33264","585","2","3","12","76","153","40","38","54","75","C1863924"
"33265","10806","2","3","12","76","153","40","38","54","75","C1864105"
"33266","2218","2","5","2","53","123","194","255","560","373","C1864105"
"33267","3694","2","5","7","53","51","342","454","573","492","C1864114"
"33268","4000","2","3","12","26","105","178","226","297","156","C1864114"
"33269","3455","2","5","12","53","184","119","156","287","116","C1864114"
"33270","2566","2","5","8","27","70","99","162","216","290","C1864155"
"33271","2677","2","5","7","53","51","342","454","573","492","C1864205"
"33272","3426","2","5","7","53","51","119","395","549","674","C1864205"
"33273","2261","2","5","7","53","14","20","25","40","186","C1864205"
"33274","1822","2","3","12","19","31","1","426","55","462","C1864205"
"33275","19","2","3","3","19","151","276","91","433","118","C1864205"
"33276","54806","2","5","7","76","153","40","38","54","75","C1864205"
"33277","4879","2","5","4","68","96","326","427","548","672","C1864205"
"33278","5913","2","5","7","27","36","71","341","223","219","C1864205"
"33279","6689","2","3","12","19","31","276","91","433","118","C1864205"
"33280","2296","2","3","3","19","221","321","428","541","667","C1864238"
"33281","2767","2","5","4","68","96","326","427","548","672","C1864238"
"33282","3458","2","5","7","53","184","119","156","287","116","C1864365"
"33283","8626","2","3","3","19","221","321","428","541","667","C1864365"
"33284","23545","2","3","5","29","88","132","85","222","346","C1864375"
"33285","2006","2","5","7","53","51","342","454","573","492","C1864375"
"33286","1906","2","5","4","68","96","326","427","548","672","C1864375"
"33287","2070","2","3","12","19","31","1","426","55","78","C1864375"
"33288","435","2","3","8","84","97","167","210","278","360","C1864375"
"33289","477","2","3","8","63","45","23","103","464","187","C1864498"
"33290","54386","2","3","12","19","31","261","116","1","78","C1864498"
"33291","4337","2","3","2","80","91","75","204","267","352","C1864498"
"33292","1184","2","5","8","63","45","23","34","464","187","C1864570"
"33293","1536","2","5","7","34","52","216","395","549","674","C1864570"
"33294","1621","2","3","5","53","51","239","333","422","537","C1864580"
"33295","26040","2","3","12","19","31","1","116","297","78","C1864580"
"33296","26277","2","3","12","19","31","1","426","1","78","C1864580"
"33297","9244","2","5","7","53","51","119","25","40","416","C1864580"
"33298","999","2","5","7","53","51","342","444","560","373","C1864580"
"33299","7846","2","3","12","76","153","40","38","54","75","C1864580"
"33300","10806","2","3","12","76","153","40","38","54","75","C1864580"
"33301","554","2","5","4","68","96","326","427","548","672","C1864580"
"33302","5830","2","3","5","43","161","305","409","208","482","C1864584"
"33303","8867","2","3","5","60","14","184","341","544","669","C1864584"
"33304","1144","2","5","8","27","70","99","162","216","290","C1864584"
"33305","9469","2","3","2","103","189","303","29","475","467","C1864690"
"33306","5859","2","3","2","110","85","237","433","547","154","C1864690"
"33307","6949","2","3","2","110","85","237","164","390","311","C1864690"
"33308","1181","2","5","8","63","45","23","34","464","187","C1864715"
"33309","7469","2","3","12","19","31","261","116","159","211","C1864715"
"33310","8742","2","3","12","41","219","339","156","568","697","C1864715"
"33311","23483","2","3","2","28","191","306","143","452","258","C1864795"
"33312","6690","2","5","7","68","51","119","395","549","674","C1864795"
"33313","7476","2","5","3","68","221","197","259","560","422","C1864795"
"33314","1432","2","3","7","34","52","216","34","540","68","C1864795"
"33315","2908","2","3","12","19","151","276","91","433","118","C1864796"
"33316","10312","2","3","7","34","52","216","395","549","674","C1864796"
"33317","2040","2","5","7","34","52","216","395","549","674","C1864796"
"33318","9968","2","4","3","24","119","330","214","454","144","C1864796"
"33319","7140","2","5","8","63","45","23","103","464","187","C1864796"
"33320","2317","2","5","7","63","45","23","103","287","664","C1864825"
"33321","7048","2","5","7","53","51","342","259","423","389","C1864825"
"33322","5096","2","3","2","48","40","130","166","127","173","C1864826"
"33323","2332","2","3","2","22","33","71","373","466","609","C1864826"
"33324","4287","2","3","12","41","116","268","434","468","215","C1864853"
"33325","9968","2","4","3","24","119","330","214","454","144","C1864853"
"33326","5314","2","3","12","76","153","40","38","54","75","C1864853"
"33327","4318","2","5","7","34","52","216","395","573","492","C1864853"
"33328","2623","2","3","12","19","31","1","155","287","116","C1864873"
"33329","6347","2","5","7","53","51","119","427","489","416","C1864873"
"33330","7051","2","1","6","11","142","225","142","220","298","C1864887"
"33331","7048","2","5","7","53","51","342","259","423","389","C1864887"
"33332","8878","2","3","12","41","219","339","156","568","697","C1864903"
"33333","10102","2","3","2","48","182","67","76","463","153","C1864903"
"33334","5903","2","3","12","22","33","323","66","101","664","C1864903"
"33335","4654","2","3","12","19","31","276","91","433","118","C1864903"
"33336","8924","2","3","12","41","116","268","434","468","213","C1864903"
"33337","43","2","3","5","85","143","286","51","488","389","C1864903"
"33338","5832","2","3","2","101","62","189","182","509","252","C1864903"
"33339","1644","2","3","2","88","79","239","333","258","345","C1864903"
"33340","5449","2","3","3","19","221","321","428","541","667","C1864903"
"33341","2623","2","3","12","19","31","1","155","287","116","C1864903"
"33342","2736","2","3","12","41","116","321","428","54","667","C1864903"
"33343","7466","2","5","7","53","51","342","454","573","492","C1864903"
"33344","54209","2","5","7","53","51","119","395","549","674","C1864903"
"33345","6567","2","5","8","35","41","77","40","57","80","C1864903"
"33346","5922","2","5","7","60","54","24","30","46","72","C1864903"
"33347","7248","2","3","2","48","57","110","141","359","462","C1864903"
"33348","23230","2","5","7","11","142","71","341","560","219","C1864947"
"33349","5073","2","3","2","110","85","323","433","146","194","C1864954"
"33350","5982","2","3","12","19","31","261","116","1","86","C1864954"
"33351","11277","2","3","12","19","31","261","116","1","86","C1864954"
"33352","7298","2","3","12","76","153","40","38","54","75","C1864954"
"33353","1482","2","3","3","19","221","321","428","541","667","C1864954"
"33354","1584","2","3","5","79","159","256","276","353","456","C1864954"
"33355","5604","2","5","7","53","14","20","34","540","68","C1864954"
"33356","950","2","5","7","60","14","184","341","544","669","C1865020"
"33357","2006","2","5","7","53","51","342","454","573","492","C1865020"
"33358","2138","2","3","12","19","31","1","426","55","78","C1865020"
"33359","23085","2","3","2","76","153","110","141","543","411","C1865020"
"33360","10682","2","5","4","68","96","326","48","69","204","C1865027"
"33361","29914","2","3","2","48","94","178","240","569","666","C1865027"
"33362","10060","2","3","8","41","45","23","423","464","445","C1865027"
"33363","4593","2","5","7","53","14","20","454","573","492","C1865027"
"33364","2318","2","5","7","53","45","23","103","464","187","C1865027"
"33365","6687","2","3","2","48","170","50","119","444","593","C1865027"
"33366","3229","2","3","3","19","221","321","428","541","667","C1865027"
"33367","3909","2","5","7","53","51","342","454","573","492","C1865027"
"33368","8799","2","3","5","43","161","305","409","208","482","C1865027"
"33369","1280","2","5","7","53","51","342","454","573","492","C1865027"
"33370","6532","2","5","8","45","94","199","240","415","666","C1865027"
"33371","259232","2","5","8","63","45","23","34","464","187","C1865027"
"33372","5296","2","5","7","53","14","20","25","40","186","C1865027"
"33373","5594","2","5","7","34","14","20","34","540","274","C1865027"
"33374","6606","2","3","2","22","33","323","66","101","136","C1865027"
"33375","3239","2","3","3","19","221","321","428","541","667","C1865027"
"33376","5573","2","3","12","19","184","118","155","287","116","C1865027"
"33377","6616","2","5","7","34","52","216","341","223","628","C1865027"
"33378","5048","2","3","12","76","153","40","38","54","75","C1865027"
"33379","573","2","3","12","41","219","339","347","271","356","C1865030"
"33380","4297","2","3","12","19","31","1","426","55","78","C1865030"
"33381","3265","2","5","7","60","54","24","30","46","72","C1865030"
"33382","2737","2","3","12","19","116","321","428","54","667","C1865030"
"33383","5310","2","5","7","53","51","335","444","560","373","C1865030"
"33384","54880","2","3","12","19","31","1","426","55","78","C1865030"
"33385","5728","2","3","5","80","81","339","156","568","605","C1865030"
"33386","5885","2","3","12","76","153","40","38","54","75","C1865037"
"33387","55835","2","3","12","76","153","40","38","54","75","C1865037"
"33388","3178","2","3","2","22","33","323","66","101","136","C1865037"
"33389","3735","2","3","2","110","85","237","433","252","154","C1865037"
"33390","2200","2","5","7","53","51","342","454","573","492","C1865037"
"33391","1289","2","5","7","53","51","342","454","573","492","C1865037"
"33392","4338","2","3","2","110","85","75","204","267","352","C1865037"
"33393","9968","2","4","3","24","119","330","214","454","144","C1865037"
"33394","1376","2","3","2","19","151","276","91","433","118","C1865037"
"33395","2629","2","3","5","80","81","250","291","152","420","C1865037"
"33396","249","2","3","5","27","51","335","444","560","373","C1865037"
"33397","9333","2","1","6","11","142","225","142","220","298","C1865037"
"33398","546","2","3","12","19","31","261","426","1","86","C1865037"
"33399","7056","2","5","7","53","51","119","454","573","492","C1865037"
"33400","673","2","5","7","53","14","20","34","540","68","C1865037"
"33401","2255","2","5","7","53","14","20","25","40","186","C1865037"
"33402","9244","2","5","7","53","51","119","25","40","416","C1865037"
"33403","8867","2","3","5","60","14","184","341","544","669","C1865037"
"33404","5308","2","3","3","19","221","321","428","541","667","C1865037"
"33405","11284","2","3","12","19","31","261","116","1","86","C1865037"
"33406","5566","2","3","12","76","14","20","34","540","75","C1865037"
"33407","5179","2","5","4","68","96","326","427","548","672","C1865037"
"33408","8450","2","3","12","41","116","268","434","468","213","C1865037"
"33409","4210","2","3","12","41","219","339","156","568","697","C1865037"
"33410","1175","2","5","7","60","14","184","341","544","669","C1865038"
"33411","2324","2","5","7","53","14","20","25","40","186","C1865038"
"33412","3767","2","5","8","63","36","166","106","110","158","C1865038"
"33413","1292","2","5","7","53","51","342","454","573","492","C1865038"
"33414","51626","2","3","12","76","153","40","38","54","75","C1865038"
"33415","1828","2","5","7","34","52","216","142","220","298","C1865039"
"33416","4638","2","5","7","53","45","23","103","464","187","C1865039"
"33417","6786","2","5","8","63","45","23","103","464","187","C1865039"
"33418","7415","2","3","7","34","52","216","395","536","445","C1865060"
"33419","28982","2","3","5","25","44","165","101","274","358","C1865060"
"33420","7547","2","3","3","19","221","321","428","541","667","C1865060"
"33421","23529","2","5","7","53","51","119","25","40","416","C1865060"
"33422","1303","2","5","7","53","51","342","454","573","492","C1865060"
"33423","8838","2","5","7","53","51","342","259","423","389","C1865060"
"33424","8822","2","5","7","53","14","20","25","40","186","C1865060"
"33425","10939","2","3","2","48","170","50","119","444","593","C1865060"
"33426","9132","2","5","8","63","36","166","106","110","158","C1865060"
"33427","4758","2","3","7","34","52","216","395","549","517","C1865060"
"33428","11160","2","3","12","41","116","268","423","536","445","C1865060"
"33429","3239","2","3","3","19","221","321","428","541","667","C1865060"
"33430","6662","2","3","3","19","221","321","428","541","667","C1865143"
"33431","9343","2","3","2","22","33","323","66","101","136","C1865143"
"33432","4312","2","5","7","53","51","342","454","573","492","C1865186"
"33433","1161","2","3","12","41","116","268","434","468","213","C1865186"
"33434","54809","2","5","7","50","30","193","306","148","624","C1865186"
"33435","546","2","3","12","19","31","261","426","1","86","C1865186"
"33436","10617","2","3","12","48","57","110","141","359","462","C1865186"
"33437","4322","2","5","7","53","51","342","454","573","492","C1865186"
"33438","2719","2","5","7","53","51","342","454","573","492","C1865186"
"33439","6576","2","3","2","45","94","199","240","569","666","C1865186"
"33440","5261","2","5","7","53","14","20","34","540","68","C1865186"
"33441","3909","2","5","7","53","51","342","454","573","492","C1865186"
"33442","3778","2","5","8","63","36","166","106","110","158","C1865200"
"33443","10516","2","5","7","53","51","342","454","573","492","C1865200"
"33444","2812","2","5","7","53","51","342","454","573","492","C1865200"
"33445","55005","2","3","2","68","96","326","427","429","544","C1865200"
"33446","7040","2","5","7","53","51","342","454","573","492","C1865200"
"33447","4160","2","5","4","68","96","326","427","548","672","C1865200"
"33448","3786","2","5","8","63","36","166","106","110","158","C1865200"
"33449","10558","2","3","2","50","47","39","100","321","209","C1865200"
"33450","220136","2","3","12","11","142","225","38","220","298","C1865200"
"33451","2688","2","5","7","53","51","119","25","40","186","C1865200"
"33452","5889","2","3","12","19","31","261","116","1","86","C1865244"
"33453","4088","2","3","12","19","219","339","259","423","605","C1865244"
"33454","4000","2","3","12","26","105","178","226","297","156","C1865244"
"33455","8292","2","5","5","27","51","342","454","573","492","C1865244"
"33456","6571","2","3","8","60","36","71","341","223","624","C1865244"
"33457","2057","2","5","7","53","14","20","25","40","186","C1865244"
"33458","6948","2","5","7","48","51","105","139","186","245","C1865244"
"33459","7026","2","3","3","19","151","276","91","433","118","C1865244"
"33460","23592","2","3","12","26","105","342","259","423","389","C1865244"
"33461","5125","2","5","6","11","51","225","142","220","298","C1865244"
"33462","6261","2","5","8","63","45","23","34","464","187","C1865244"
"33463","673","2","5","7","53","14","20","34","540","68","C1865244"
"33464","8517","2","3","12","41","219","339","156","568","697","C1865244"
"33465","5818","2","5","7","53","51","335","444","560","373","C1865270"
"33466","7020","2","3","12","19","31","276","91","433","664","C1865270"
"33467","8643","2","5","3","68","221","197","259","560","422","C1865270"
"33468","4072","2","5","7","53","51","119","454","573","492","C1865279"
"33469","9997","2","3","2","48","170","50","119","444","556","C1865279"
"33470","5980","2","3","12","19","31","261","116","1","86","C1865279"
"33471","26503","2","3","2","89","124","204","272","347","442","C1865279"
"33472","6794","2","3","12","53","14","20","34","540","68","C1865279"
"33473","80224","2","3","2","48","170","50","119","444","556","C1865279"
"33474","2077","2","3","12","76","153","40","38","54","75","C1865279"
"33475","2067","2","3","12","19","31","261","116","1","86","C1865279"
"33476","2623","2","3","12","19","31","1","155","287","116","C1865286"
"33477","10564","2","5","7","60","54","24","30","46","72","C1865292"
"33478","50939","2","3","12","76","153","40","38","472","435","C1865292"
"33479","3630","2","5","7","53","14","20","25","40","186","C1865292"
"33480","8792","2","3","12","41","219","339","156","568","697","C1865292"
"33481","2629","2","3","5","80","81","250","291","152","420","C1865292"
"33482","1785","2","5","7","60","14","184","341","544","669","C1865292"
"33483","8452","2","3","12","41","116","268","434","468","213","C1865295"
"33484","3569","2","5","7","53","51","342","454","573","416","C1865295"
"33485","29899","2","5","4","68","96","326","427","548","672","C1865295"
"33486","3914","2","5","7","53","51","342","454","573","492","C1865302"
"33487","2006","2","5","7","53","51","342","454","573","492","C1865302"
"33488","23111","2","3","12","41","219","339","156","568","697","C1865304"
"33489","54880","2","3","12","19","31","1","426","55","78","C1865304"
"33490","7248","2","3","2","48","57","110","141","359","462","C1865304"
"33491","1717","2","3","2","19","151","276","48","69","204","C1865304"
"33492","2263","2","5","7","53","14","20","25","40","186","C1865305"
"33493","8516","2","5","7","53","51","342","454","573","492","C1865305"
"33494","1967","2","3","2","110","85","237","433","547","671","C1865305"
"33495","3043","2","5","7","34","52","216","395","549","116","C1865305"
"33496","546","2","3","12","19","31","261","426","1","86","C1865313"
"33497","7994","2","3","12","19","31","1","426","55","78","C1865313"
"33498","3549","2","5","3","53","51","197","259","560","422","C1865313"
"33499","27086","2","3","12","19","221","321","428","541","667","C1865332"
"33500","1188","2","5","8","63","45","23","34","464","187","C1865332"
"33501","1586","2","3","5","79","98","256","335","425","540","C1865343"
"33502","9365","2","3","7","53","14","20","25","40","186","C1865343"
"33503","6499","2","3","2","110","85","237","433","547","671","C1865353"
"33504","5260","2","5","7","53","14","20","34","540","68","C1865353"
"33505","10269","2","3","2","48","182","50","119","444","556","C1865353"
"33506","7516","2","3","12","19","31","261","116","1","86","C1865353"
"33507","3075","2","5","7","53","51","119","395","549","674","C1865353"
"33508","1487","2","3","12","19","31","1","426","55","340","C1865353"
"33509","1776","2","5","7","105","219","261","402","129","215","C1865377"
"33510","1280","2","5","7","53","51","342","454","573","492","C1865377"
"33511","4313","2","5","7","53","51","342","454","573","492","C1865384"
"33512","8454","2","3","12","41","116","268","434","468","213","C1865384"
"33513","5450","2","3","12","19","221","261","116","159","211","C1865412"
"33514","4292","2","3","12","19","31","261","116","1","86","C1865412"
"33515","4790","2","3","7","34","52","216","166","129","697","C1865412"
"33516","6755","2","5","4","68","96","326","427","548","672","C1865412"
"33517","5428","2","3","2","48","170","50","119","167","593","C1865412"
"33518","2990","2","3","7","34","52","216","395","549","674","C1865412"
"33519","3973","2","5","4","68","96","326","427","548","672","C1865417"
"33520","5130","2","3","2","85","143","286","51","488","102","C1865417"
"33521","6888","2","3","2","90","167","266","367","500","577","C1865571"
"33522","6638","2","3","2","22","33","323","66","101","136","C1865571"
"33523","859","2","5","8","63","45","23","103","464","187","C1865571"
"33524","2187","2","3","12","19","31","261","116","1","86","C1865572"
"33525","2176","2","3","12","19","31","261","116","1","86","C1865572"
"33526","1535","2","5","7","34","52","216","395","549","674","C1865572"
"33527","1535","2","5","7","34","52","216","395","549","674","C1865572"
"33528","51","2","3","5","43","151","276","91","433","482","C1865572"
"33529","23384","2","3","12","63","45","184","103","572","658","C1865572"
"33530","5551","2","5","7","53","51","119","395","549","674","C1865572"
"33531","1786","2","3","12","19","31","1","426","55","78","C1865572"
"33532","1235","2","5","4","68","96","326","427","548","672","C1865572"
"33533","2066","2","5","7","53","14","20","25","40","186","C1865572"
"33534","6647","2","3","2","95","2","342","378","173","702","C1865572"
"33535","6389","2","3","2","48","170","50","119","444","556","C1865572"
"33536","6900","2","5","7","53","51","342","454","223","373","C1865572"
"33537","10262","2","3","2","22","33","323","66","101","136","C1865572"
"33538","4041","2","5","3","68","221","197","259","560","422","C1865572"
"33539","5308","2","3","3","19","221","321","428","541","667","C1865572"
"33540","3295","2","3","5","43","161","305","409","208","482","C1865572"
"33541","2317","2","5","7","63","45","23","103","287","664","C1865598"
"33542","3728","2","5","7","34","52","225","142","220","298","C1865598"
"33543","5191","2","3","5","43","161","305","409","208","482","C1865614"
"33544","3340","2","3","2","74","58","112","148","193","525","C1865614"
"33545","1824","2","1","6","11","142","225","142","220","298","C1865702"
"33546","210","2","3","7","34","52","216","395","549","674","C1865702"
"33547","129563","2","3","12","19","31","1","426","55","78","C1865702"
"33548","2736","2","3","12","41","116","321","428","54","667","C1865819"
"33549","1789","2","3","12","19","31","1","426","55","78","C1865841"
"33550","54714","2","5","8","63","36","166","106","110","158","C1865841"
"33551","1387","2","3","12","19","31","276","91","433","118","C1865841"
"33552","3043","2","5","7","34","52","216","395","549","116","C1865841"
"33553","6663","2","3","3","19","221","321","428","541","667","C1865841"
"33554","1292","2","5","7","53","51","342","454","573","492","C1865841"
"33555","7334","2","3","12","41","116","268","434","468","213","C1865841"
"33556","4000","2","3","12","26","105","178","226","297","156","C1865841"
"33557","3479","2","5","7","53","51","342","454","573","492","C1865841"
"33558","682","2","3","2","53","51","342","454","573","492","C1865841"
"33559","25836","2","3","12","76","153","40","38","54","75","C1865841"
"33560","2314","2","3","12","63","45","184","103","572","658","C1865841"
"33561","4867","2","5","7","76","153","40","38","54","75","C1865841"
"33562","1440","2","5","7","53","51","119","25","489","416","C1865847"
"33563","10166","2","3","2","84","97","167","210","278","360","C1865847"
"33564","5339","2","5","7","53","51","342","454","573","492","C1865847"
"33565","55997","2","5","3","53","221","321","259","423","389","C1865847"
"33566","6239","2","3","12","19","119","330","214","454","144","C1865847"
"33567","4340","2","5","7","53","51","119","341","223","628","C1865847"
"33568","25942","2","3","12","19","31","1","426","55","78","C1865847"
"33569","22827","2","3","2","22","33","323","66","101","136","C1865847"
"33570","3594","2","5","7","53","51","119","25","560","373","C1865847"
"33571","5465","2","3","3","19","151","276","91","433","118","C1865847"
"33572","3209","2","3","3","19","221","321","428","541","667","C1865866"
"33573","1859","2","3","7","53","14","20","34","540","68","C1865866"
"33574","652","2","5","7","53","51","342","454","573","492","C1865866"
"33575","3119","2","5","7","53","153","119","156","287","116","C1865866"
"33576","2317","2","5","7","63","45","23","103","287","664","C1865866"
"33577","3440","2","3","12","19","184","118","155","287","116","C1865866"
"33578","5144","2","3","4","68","96","326","427","548","672","C1865866"
"33579","9896","2","3","5","80","81","296","399","201","274","C1865866"
"33580","5627","2","5","7","53","51","342","454","573","702","C1865866"
"33581","9897","2","3","12","76","18","75","38","1","212","C1865866"
"33582","59344","2","5","5","68","184","223","155","447","586","C1865866"
"33583","3861","2","1","6","11","142","225","142","220","298","C1865866"
"33584","2972","2","3","2","19","33","261","116","159","211","C1865871"
"33585","1278","2","5","7","53","51","342","454","573","492","C1865871"
"33586","1352","2","3","2","48","170","50","119","444","556","C1865871"
"33587","5130","2","3","2","85","143","286","51","488","102","C1865872"
"33588","2629","2","3","5","80","81","250","291","152","420","C1865872"
"33589","5111","2","3","12","19","31","261","116","1","86","C1865872"
"33590","8200","2","5","7","53","51","342","259","423","389","C1865872"
"33591","5077","2","3","3","19","221","321","428","541","667","C1865872"
"33592","4908","2","5","7","53","51","342","259","423","389","C1865877"
"33593","207","2","3","7","53","14","20","34","489","416","C1865877"
"33594","7468","2","3","12","19","31","1","426","55","78","C1865877"
"33595","8504","2","3","5","47","144","185","238","310","392","C1865877"
"33596","3557","2","3","12","41","219","339","156","568","697","C1865903"
"33597","7428","2","3","12","41","116","268","434","468","213","C1865903"
"33598","5073","2","3","2","110","85","323","433","146","194","C1865903"
"33599","7424","2","5","7","53","51","342","454","573","702","C1865916"
"33600","1387","2","3","12","19","31","276","91","433","118","C1865916"
"33601","5728","2","3","5","80","81","339","156","568","605","C1865916"
"33602","84433","2","3","12","41","219","339","156","568","697","C1865916"
"33603","3915","2","5","7","53","51","342","454","573","492","C1865916"
"33604","5932","2","3","12","19","31","261","116","1","86","C1865916"
"33605","4049","2","3","12","41","219","339","156","568","697","C1865916"
"33606","6324","2","5","7","63","36","166","341","223","158","C1865916"
"33607","4893","2","5","7","34","52","24","30","46","72","C1865916"
"33608","2706","2","3","12","76","153","40","38","54","75","C1865918"
"33609","5443","2","5","4","68","96","326","427","548","672","C1865918"
"33610","7486","2","3","12","19","31","261","116","1","86","C1865926"
"33611","1031","2","3","12","19","31","1","426","55","78","C1865926"
"33612","5925","2","3","12","19","31","1","426","55","78","C1865951"
"33613","1536","2","5","7","34","52","216","395","549","674","C1865951"
"33614","9775","2","3","2","22","33","323","66","101","136","C1865992"
"33615","6804","2","5","7","60","36","71","341","223","219","C1865992"
"33616","2677","2","5","7","53","51","342","454","573","492","C1865992"
"33617","26012","2","3","12","19","31","261","116","159","211","C1865992"
"33618","6657","2","3","12","19","221","321","428","541","667","C1865992"
"33619","137814","2","5","7","53","184","335","259","560","373","C1865992"
"33620","23495","2","3","12","41","219","339","156","568","697","C1865992"
"33621","4843","2","3","5","43","161","305","409","489","416","C1865992"
"33622","7099","2","5","7","41","219","339","156","568","697","C1865992"
"33623","10555","2","3","7","34","52","216","395","549","622","C1865992"
"33624","650","2","5","7","53","51","342","259","423","389","C1865992"
"33625","224","2","3","5","50","47","39","202","19","233","C1865992"
"33626","10013","2","3","12","19","31","143","91","236","311","C1865992"
"33627","9533","2","3","2","19","31","1","426","55","78","C1865992"
"33628","1352","2","3","2","48","170","50","119","444","556","C1865992"
"33629","2218","2","5","2","53","123","194","255","560","373","C1865992"
"33630","1281","2","5","7","53","51","342","454","573","492","C1866010"
"33631","1129","2","5","4","68","96","326","427","548","672","C1866010"
"33632","2760","2","3","7","34","52","216","395","549","674","C1866010"
"33633","5566","2","3","12","76","14","20","34","540","75","C1866010"
"33634","51109","2","3","2","69","51","101","126","170","224","C1866010"
"33635","4023","2","3","5","24","51","342","91","20","27","C1866012"
"33636","7681","2","3","12","41","116","268","434","468","213","C1866012"
"33637","3784","2","5","8","63","36","166","106","110","158","C1866013"
"33638","8504","2","3","5","47","144","185","238","310","392","C1866013"
"33639","8029","2","5","7","53","51","105","139","186","245","C1866021"
"33640","7136","2","5","8","63","45","23","103","464","187","C1866021"
"33641","7507","2","3","12","19","31","261","116","1","86","C1866021"
"33642","2706","2","3","12","76","153","40","38","54","75","C1866021"
"33643","4318","2","5","7","34","52","216","395","573","492","C1866021"
"33644","2717","2","3","7","34","52","216","395","549","674","C1866021"
"33645","5818","2","5","7","53","51","335","444","560","373","C1866021"
"33646","5573","2","3","12","19","184","118","155","287","116","C1866032"
"33647","6125","2","3","2","110","85","237","433","547","671","C1866032"
"33648","2317","2","5","7","63","45","23","103","287","664","C1866032"
"33649","54487","2","3","2","22","33","323","66","101","136","C1866129"
"33650","1565","2","3","5","91","214","226","326","413","530","C1866129"
"33651","3764","2","5","8","63","36","166","106","110","158","C1866129"
"33652","2653","2","3","2","67","104","214","234","306","388","C1866129"
"33653","3690","2","5","7","53","51","342","454","573","492","C1866141"
"33654","9569","2","3","12","19","31","276","91","433","118","C1866141"
"33655","1130","2","5","7","60","54","326","141","359","462","C1866141"
"33656","51360","2","3","3","26","35","276","91","433","203","C1866141"
"33657","5295","2","5","7","53","14","20","25","40","186","C1866141"
"33658","6392","2","3","2","48","170","50","119","444","556","C1866141"
"33659","5172","2","5","8","45","94","199","240","415","666","C1866141"
"33660","2776","2","5","4","68","96","326","427","548","672","C1866141"
"33661","3930","2","3","2","22","33","323","66","3","464","C1866141"
"33662","22931","2","5","7","34","54","24","30","46","72","C1866141"
"33663","2556","2","5","8","27","70","99","162","216","290","C1866141"
"33664","2109","2","3","2","48","170","50","119","444","556","C1866141"
"33665","2643","2","3","5","87","91","75","204","267","352","C1866141"
"33666","3931","2","3","5","116","183","295","454","243","327","C1866141"
"33667","7403","2","3","12","19","31","1","426","55","78","C1866141"
"33668","9394","2","3","2","74","58","112","148","193","263","C1866141"
"33669","51364","2","3","6","11","142","225","142","220","298","C1866141"
"33670","1584","2","3","5","79","159","256","276","353","456","C1866141"
"33671","4593","2","5","7","53","14","20","454","573","492","C1866141"
"33672","79797","2","3","2","11","142","225","214","220","144","C1866141"
"33673","1747","2","3","3","19","221","321","428","541","667","C1866141"
"33674","23495","2","3","12","41","219","339","156","568","697","C1866141"
"33675","4878","2","3","12","19","31","1","426","55","78","C1866141"
"33676","4976","2","3","2","48","170","50","119","444","556","C1866141"
"33677","55172","2","5","7","27","36","150","341","223","628","C1866141"
"33678","55670","2","3","5","43","161","305","409","208","482","C1866141"
"33679","10752","2","5","7","53","51","335","444","560","373","C1866141"
"33680","801","2","5","8","63","45","23","103","464","187","C1866180"
"33681","2815","2","5","7","53","51","342","454","573","492","C1866180"
"33682","54345","2","5","3","19","221","321","428","541","667","C1866190"
"33683","6469","2","5","3","53","221","197","259","560","422","C1866190"
"33684","9968","2","4","3","24","119","330","214","454","144","C1866190"
"33685","1174","2","5","7","60","153","184","341","544","669","C1866190"
"33686","7450","2","5","7","53","51","342","454","573","492","C1866190"
"33687","1289","2","5","7","53","51","342","454","573","492","C1866190"
"33688","3976","2","5","7","53","51","119","25","489","416","C1866190"
"33689","2706","2","3","12","76","153","40","38","54","75","C1866190"
"33690","6335","2","5","8","63","36","166","341","390","158","C1866190"
"33691","3977","2","5","7","53","51","119","25","40","416","C1866190"
"33692","83872","2","5","7","53","51","342","454","573","492","C1866190"
"33693","55135","2","3","12","76","137","76","136","472","435","C1866190"
"33694","5624","2","5","7","53","51","342","454","573","492","C1866190"
"33695","1399","2","5","7","53","14","20","25","40","186","C1866190"
"33696","6336","2","5","8","63","36","166","341","390","158","C1866190"
"33697","79867","2","3","2","76","153","40","38","54","75","C1866190"
"33698","25978","2","3","2","48","57","110","141","359","462","C1866190"
"33699","6262","2","5","8","63","45","23","34","464","187","C1866190"
"33700","2177","2","3","2","110","90","261","431","545","443","C1866190"
"33701","6662","2","3","3","19","221","321","428","541","667","C1866190"
"33702","7474","2","5","3","68","221","184","259","544","669","C1866190"
"33703","27164","2","3","3","19","221","321","428","541","667","C1866190"
"33704","999","2","5","7","53","51","342","444","560","373","C1866190"
"33705","4625","2","3","8","63","45","23","103","464","187","C1866227"
"33706","7169","2","5","8","63","45","23","103","464","187","C1866227"
"33707","4041","2","5","3","68","221","197","259","560","422","C1866227"
"33708","1906","2","5","4","68","96","326","427","548","672","C1866227"
"33709","7415","2","3","7","34","52","216","395","536","445","C1866227"
"33710","3835","2","3","12","76","153","40","38","54","75","C1866227"
"33711","473","2","3","12","19","31","1","426","55","78","C1866241"
"33712","7469","2","3","12","19","31","261","116","159","211","C1866241"
"33713","11232","2","3","3","19","151","276","91","433","118","C1866241"
"33714","1308","2","5","7","53","51","119","454","573","492","C1866241"
"33715","6597","2","3","12","19","31","1","426","55","78","C1866241"
"33716","1020","2","3","12","19","14","118","34","540","68","C1866241"
"33717","6821","2","3","5","114","211","332","175","556","256","C1866241"
"33718","4254","2","5","7","53","14","20","25","40","186","C1866241"
"33719","2188","2","3","12","19","31","261","116","1","86","C1866241"
"33720","1861","2","5","7","60","14","184","341","544","669","C1866241"
"33721","7177","2","3","5","80","51","119","454","549","674","C1866241"
"33722","10195","2","3","2","48","69","99","162","216","290","C1866241"
"33723","641","2","3","12","19","31","261","116","1","86","C1866241"
"33724","7681","2","3","12","41","116","268","434","468","213","C1866241"
"33725","25942","2","3","12","19","31","1","426","55","78","C1866241"
"33726","3712","2","3","2","48","170","50","119","444","556","C1866241"
"33727","3115","2","5","7","53","184","119","156","287","116","C1866241"
"33728","3728","2","5","7","34","52","225","142","220","298","C1866241"
"33729","6786","2","5","8","63","45","23","103","464","187","C1866241"
"33730","8643","2","5","3","68","221","197","259","560","422","C1866282"
"33731","5663","2","5","7","34","52","216","395","549","667","C1866282"
"33732","8195","2","3","12","76","153","76","38","54","75","C1866282"
"33733","2548","2","3","7","34","52","216","395","549","674","C1866282"
"33734","51057","2","3","12","76","153","40","38","54","75","C1866282"
"33735","10743","2","3","3","19","151","276","91","433","118","C1866282"
"33736","5476","2","3","7","34","52","216","395","152","310","C1866284"
"33737","23400","2","5","8","63","45","23","103","464","187","C1866284"
"33738","5828","2","3","5","43","161","305","409","208","482","C1866284"
"33739","5993","2","3","12","19","31","1","426","55","78","C1866284"
"33740","5745","2","5","4","68","96","326","427","548","672","C1866284"
"33741","7039","2","3","12","19","31","1","426","55","203","C1866294"
"33742","6390","2","3","2","48","170","50","119","444","556","C1866294"
"33743","3748","2","5","8","63","36","166","106","110","158","C1866339"
"33744","7040","2","5","7","53","51","342","454","573","492","C1866339"
"33745","3458","2","5","7","53","184","119","156","287","116","C1866339"
"33746","5538","2","3","2","115","18","340","269","342","444","C1866487"
"33747","54187","2","3","5","80","81","296","272","452","148","C1866487"
"33748","2815","2","5","7","53","51","342","454","573","492","C1866487"
"33749","7374","2","3","12","19","31","261","116","1","86","C1866487"
"33750","492","2","3","8","63","45","23","103","464","187","C1866487"
"33751","240","2","3","7","34","52","216","395","489","416","C1866495"
"33752","658","2","5","7","53","51","342","259","423","389","C1866495"
"33753","27031","2","3","6","11","142","225","38","331","506","C1866495"
"33754","10908","2","3","2","97","173","275","377","473","592","C1866496"
"33755","7291","2","3","12","19","151","276","91","489","416","C1866496"
"33756","587","2","3","2","67","94","199","182","75","666","C1866498"
"33757","8878","2","3","12","41","219","339","156","568","697","C1866498"
"33758","10084","2","3","2","22","33","323","66","101","136","C1866500"
"33759","22931","2","5","7","34","54","24","30","46","72","C1866500"
"33760","675","2","3","12","19","31","261","116","1","86","C1866504"
"33761","3119","2","5","7","53","153","119","156","287","116","C1866504"
"33762","7490","2","3","3","19","221","321","428","541","667","C1866504"
"33763","23347","2","3","12","41","116","268","434","468","213","C1866555"
"33764","2317","2","5","7","63","45","23","103","287","664","C1866555"
"33765","3909","2","5","7","53","51","342","454","573","492","C1866558"
"33766","2072","2","3","12","19","31","261","116","1","86","C1866558"
"33767","55112","2","3","12","76","153","40","38","54","75","C1866558"
"33768","3845","2","5","7","60","54","24","30","46","72","C1866558"
"33769","26580","2","5","8","27","70","99","162","216","290","C1866689"
"33770","4625","2","3","8","63","45","23","103","464","187","C1866689"
"33771","27089","2","3","2","48","170","50","119","444","542","C1866689"
"33772","2694","2","5","7","48","51","105","139","186","245","C1866689"
"33773","5979","2","5","7","53","14","20","25","40","186","C1866710"
"33774","1387","2","3","12","19","31","276","91","433","118","C1866710"
"33775","673","2","5","7","53","14","20","34","540","68","C1866710"
"33776","2255","2","5","7","53","14","20","25","40","186","C1866730"
"33777","54","2","3","5","80","81","178","195","256","342","C1866730"
"33778","5972","2","5","5","34","52","216","397","418","568","C1866730"
"33779","4069","2","5","7","34","52","216","395","549","674","C1866730"
"33780","9632","2","3","7","60","153","40","38","54","203","C1866730"
"33781","1513","2","5","7","53","51","342","454","573","492","C1866730"
"33782","5781","2","5","7","53","14","20","25","40","186","C1866730"
"33783","7040","2","5","7","53","51","342","454","573","492","C1866730"
"33784","3636","2","3","5","80","14","20","25","40","186","C1866730"
"33785","11160","2","3","12","41","116","268","423","536","445","C1866730"
"33786","2328","2","3","5","91","214","226","326","413","530","C1866730"
"33787","7287","2","5","7","11","142","71","341","560","219","C1866730"
"33788","9927","2","3","12","19","31","118","155","287","116","C1866730"
"33789","2067","2","3","12","19","31","261","116","1","86","C1866730"
"33790","10522","2","3","12","19","221","197","259","236","422","C1866730"
"33791","3930","2","3","2","22","33","323","66","3","464","C1866730"
"33792","3952","2","5","3","53","151","276","91","433","118","C1866730"
"33793","2672","2","3","3","19","221","321","259","423","389","C1866730"
"33794","23556","2","3","2","61","77","142","176","235","317","C1866730"
"33795","6341","2","3","2","48","170","50","119","444","556","C1866730"
"33796","9126","2","3","12","76","153","40","38","54","75","C1866730"
"33797","51062","2","5","7","27","36","150","402","489","373","C1866730"
"33798","55624","2","3","2","78","123","194","255","215","412","C1866730"
"33799","6718","2","3","2","46","136","227","168","225","490","C1866730"
"33800","7048","2","5","7","53","51","342","259","423","389","C1866730"
"33801","2627","2","3","12","19","31","118","155","287","116","C1866751"
"33802","64324","2","3","12","19","31","1","426","55","78","C1866751"
"33803","326","2","3","12","19","31","261","377","370","269","C1866751"
"33804","9775","2","3","2","22","33","323","66","101","136","C1866751"
"33805","5264","2","3","5","43","161","305","409","208","482","C1866753"
"33806","7474","2","5","3","68","221","184","259","544","669","C1866753"
"33807","3636","2","3","5","80","14","20","25","40","186","C1866753"
"33808","10661","2","3","12","19","31","1","426","55","78","C1866753"
"33809","55612","2","5","7","60","36","71","177","560","701","C1866753"
"33810","2778","2","5","4","68","96","326","427","548","672","C1866753"
"33811","2335","2","5","7","53","51","342","454","573","492","C1866772"
"33812","6469","2","5","3","53","221","197","259","560","422","C1866772"
"33813","6469","2","5","3","53","221","197","259","560","422","C1866772"
"33814","5932","2","3","12","19","31","261","116","1","86","C1866772"
"33815","51091","2","3","2","110","85","237","433","547","671","C1866863"
"33816","1152","2","3","2","72","115","66","72","507","152","C1866863"
"33817","1292","2","5","7","53","51","342","454","573","492","C1866863"
"33818","471","2","3","5","80","81","61","373","341","142","C1866863"
"33819","10758","2","3","12","41","219","339","156","568","697","C1866863"
"33820","51259","2","3","2","76","153","40","38","54","75","C1866863"
"33821","3643","2","5","7","53","14","20","25","40","186","C1866863"
"33822","1027","2","3","12","19","31","1","116","1","86","C1866863"
"33823","2334","2","5","7","53","14","20","25","40","186","C1866959"
"33824","7026","2","3","3","19","151","276","91","433","118","C1866959"
"33825","1499","2","3","12","19","221","197","259","560","422","C1866959"
"33826","4988","2","5","4","68","96","326","427","548","672","C1867006"
"33827","4222","2","3","3","19","221","321","428","541","667","C1867006"
"33828","1410","2","3","12","63","45","23","38","54","187","C1867060"
"33829","10008","2","5","8","63","36","166","341","223","158","C1867060"
"33830","4148","2","5","7","53","51","342","454","573","492","C1867060"
"33831","3300","2","3","12","41","116","268","347","271","356","C1867060"
"33832","2253","2","5","7","53","14","20","25","40","186","C1867103"
"33833","3115","2","5","7","53","184","119","156","287","116","C1867103"
"33834","841","2","3","12","41","219","339","156","568","697","C1867103"
"33835","28982","2","3","5","25","44","165","101","274","358","C1867103"
"33836","4137","2","3","7","27","36","150","341","223","628","C1867103"
"33837","6223","2","3","2","110","85","237","433","547","671","C1867103"
"33838","8076","2","5","7","53","51","342","454","573","492","C1867103"
"33839","5080","2","3","3","19","221","321","428","541","667","C1867103"
"33840","1583","2","3","5","79","152","273","375","100","589","C1867103"
"33841","2317","2","5","7","63","45","23","103","287","664","C1867103"
"33842","801","2","5","8","63","45","23","103","464","187","C1867103"
"33843","22995","2","3","12","76","153","40","38","54","75","C1867103"
"33844","6647","2","3","2","95","2","342","378","173","702","C1867103"
"33845","5956","2","5","4","68","96","326","427","548","672","C1867103"
"33846","9152","2","5","8","45","94","199","240","415","666","C1867103"
"33847","8450","2","3","12","41","116","268","434","468","213","C1867103"
"33848","8675","2","5","7","60","54","24","98","66","203","C1867103"
"33849","25782","2","5","7","60","54","24","30","46","72","C1867103"
"33850","4536","2","3","2","48","170","50","119","444","556","C1867103"
"33851","9427","2","5","5","53","51","119","252","489","416","C1867114"
"33852","7248","2","3","2","48","57","110","141","359","462","C1867114"
"33853","6899","2","5","7","53","184","335","259","560","373","C1867114"
"33854","25794","2","5","6","11","142","225","142","220","673","C1867131"
"33855","2146","2","3","12","19","31","1","426","55","78","C1867131"
"33856","51151","2","3","5","23","18","138","250","332","407","C1867131"
"33857","546","2","3","12","19","31","261","426","1","86","C1867131"
"33858","9496","2","5","6","11","142","225","142","220","673","C1867131"
"33859","1959","2","3","3","19","151","276","91","433","118","C1867131"
"33860","2296","2","3","3","19","221","321","428","541","667","C1867131"
"33861","8200","2","5","7","53","51","342","259","423","389","C1867131"
"33862","3643","2","5","7","53","14","20","25","40","186","C1867131"
"33863","148738","2","5","7","53","51","342","444","560","373","C1867131"
"33864","1723","2","3","2","48","170","50","119","444","556","C1867131"
"33865","3930","2","3","2","22","33","323","66","3","464","C1867131"
"33866","54539","2","3","2","48","170","50","119","444","556","C1867131"
"33867","23321","2","5","7","53","184","119","156","287","116","C1867131"
"33868","50846","2","3","3","68","221","197","259","560","422","C1867131"
"33869","5290","2","3","7","53","14","20","25","40","186","C1867131"
"33870","23118","2","3","12","41","219","339","156","568","697","C1867131"
"33871","3689","2","5","7","34","52","216","395","549","674","C1867131"
"33872","4893","2","5","7","34","52","24","30","46","72","C1867131"
"33873","3717","2","5","7","53","14","20","25","40","186","C1867131"
"33874","4846","2","3","5","41","219","75","243","44","64","C1867131"
"33875","2239","2","3","2","74","51","342","454","573","492","C1867131"
"33876","3239","2","3","3","19","221","321","428","541","667","C1867131"
"33877","701","2","3","12","76","153","40","38","54","75","C1867131"
"33878","3425","2","3","5","80","81","166","454","573","492","C1867131"
"33879","5290","2","3","7","53","14","20","25","40","186","C1867131"
"33880","4214","2","3","12","41","219","339","34","540","117","C1867131"
"33881","4810","2","3","2","76","57","110","444","560","373","C1867131"
"33882","4893","2","5","7","34","52","24","30","46","72","C1867131"
"33883","5395","2","3","12","19","31","261","116","1","86","C1867132"
"33884","50485","2","3","12","19","31","261","116","1","86","C1867132"
"33885","10225","2","5","7","53","51","119","395","549","674","C1867138"
"33886","2332","2","3","2","22","33","71","373","466","609","C1867138"
"33887","3508","2","3","12","19","31","261","116","1","86","C1867423"
"33888","8220","2","3","2","22","33","323","66","101","136","C1867423"
"33889","8799","2","3","5","43","161","305","409","208","482","C1867423"
"33890","8915","2","3","12","41","219","339","156","568","697","C1867439"
"33891","54361","2","5","3","68","221","197","259","560","422","C1867439"
"33892","7157","2","3","12","19","31","261","402","489","551","C1867448"
"33893","5293","2","3","7","53","14","20","25","40","186","C1867448"
"33894","1728","2","3","2","41","116","268","434","568","605","C1867448"
"33895","5269","2","5","7","34","52","216","395","549","674","C1867448"
"33896","10013","2","3","12","19","31","143","91","236","311","C1867487"
"33897","1581","2","3","5","19","151","276","91","433","118","C1867487"
"33898","2516","2","3","3","19","151","276","91","433","118","C1867616"
"33899","6638","2","3","2","22","33","323","66","101","136","C1867616"
"33900","429","2","3","3","19","221","321","428","541","667","C1867616"
"33901","7292","2","5","12","41","219","339","156","568","697","C1867638"
"33902","4072","2","5","7","53","51","119","454","573","492","C1867638"
"33903","5859","2","3","2","110","85","237","433","547","154","C1867743"
"33904","5743","2","3","5","53","175","119","167","489","416","C1867743"
"33905","144717","2","5","7","60","54","24","30","46","72","C1867743"
"33906","1513","2","5","7","53","51","342","454","573","492","C1867743"
"33907","5190","2","3","5","43","161","305","409","208","482","C1867743"
"33908","1893","2","5","7","53","51","342","454","573","702","C1867743"
"33909","617","2","3","2","48","170","50","304","167","593","C1867863"
"33910","6663","2","3","3","19","221","321","428","541","667","C1867863"
"33911","3784","2","5","8","63","36","166","106","110","158","C1867863"
"33912","699","2","3","12","76","153","40","38","54","75","C1867863"
"33913","4854","2","5","7","53","51","143","428","236","667","C1867863"
"33914","5913","2","5","7","27","36","71","341","223","219","C1867863"
"33915","5328","2","5","7","34","52","216","395","549","674","C1867863"
"33916","55670","2","3","5","43","161","305","409","208","482","C1867864"
"33917","6647","2","3","2","95","2","342","378","173","702","C1867864"
"33918","4358","2","3","5","43","161","305","409","208","482","C1867864"
"33919","10743","2","3","3","19","151","276","91","433","118","C1867864"
"33920","6314","2","3","12","19","31","1","426","568","78","C1867955"
"33921","3098","2","3","2","90","167","266","367","500","577","C1867955"
"33922","3931","2","3","5","116","183","295","454","243","327","C1867955"
"33923","287","2","5","7","76","153","40","38","54","203","C1867955"
"33924","5994","2","3","12","19","31","276","91","491","118","C1867955"
"33925","2147","2","5","7","68","51","342","454","573","492","C1867955"
"33926","55640","2","3","5","80","81","104","369","117","583","C1867955"
"33927","5982","2","3","12","19","31","261","116","1","86","C1867955"
"33928","51131","2","3","12","19","184","119","156","287","116","C1867955"
"33929","2668","2","5","7","53","14","20","25","40","186","C1867955"
"33930","1410","2","3","12","63","45","23","38","54","187","C1867955"
"33931","6392","2","3","2","48","170","50","119","444","556","C1867955"
"33932","5781","2","5","7","53","14","20","25","40","186","C1867955"
"33933","2677","2","5","7","53","51","342","454","573","492","C1867955"
"33934","2138","2","3","12","19","31","1","426","55","78","C1867955"
"33935","8878","2","3","12","41","219","339","156","568","697","C1867955"
"33936","3074","2","3","7","34","52","216","395","549","607","C1867955"
"33937","4591","2","3","12","41","116","268","434","468","213","C1867955"
"33938","54487","2","3","2","22","33","323","66","101","136","C1867955"
"33939","178","2","3","7","34","52","216","395","549","674","C1867955"
"33940","1636","2","3","5","80","81","166","397","418","568","C1867955"
"33941","54809","2","5","7","50","30","193","306","148","624","C1867955"
"33942","2006","2","5","7","53","51","342","454","573","492","C1867955"
"33943","6309","2","3","5","19","151","76","48","69","204","C1867955"
"33944","2006","2","5","7","53","51","342","454","573","492","C1867955"
"33945","2176","2","3","12","19","31","261","116","1","86","C1867955"
"33946","9368","2","5","7","42","36","71","177","223","219","C1867955"
"33947","6342","2","3","5","80","161","305","409","208","482","C1867971"
"33948","919","2","5","7","53","14","119","25","40","186","C1867971"
"33949","51259","2","3","2","76","153","40","38","54","75","C1867981"
"33950","6197","2","3","12","19","14","20","34","540","68","C1867981"
"33951","5116","2","3","12","76","153","40","38","54","75","C1867983"
"33952","54209","2","5","7","53","51","119","395","549","674","C1867983"
"33953","345611","2","3","2","48","219","339","156","568","462","C1868071"
"33954","3814","2","5","4","68","96","326","427","548","672","C1868071"
"33955","3425","2","3","5","80","81","166","454","573","492","C1868071"
"33956","2720","2","3","7","34","52","216","395","21","599","C1868085"
"33957","3043","2","5","7","34","52","216","395","549","116","C1868085"
"33958","3889","2","1","6","11","142","225","142","220","298","C1868085"
"33959","3887","2","1","6","11","142","225","142","220","298","C1868085"
"33960","1301","2","5","7","53","51","342","454","573","492","C1868085"
"33961","726","2","5","7","53","51","342","454","573","492","C1868085"
"33962","3423","2","3","5","74","3","342","374","294","590","C1868085"
"33963","2245","2","5","7","60","54","24","30","46","72","C1868085"
"33964","3251","2","3","4","68","96","326","427","341","150","C1868085"
"33965","22930","2","5","7","60","54","24","30","46","72","C1868085"
"33966","6648","2","3","2","95","151","160","378","173","229","C1868085"
"33967","1758","2","5","7","53","51","342","454","573","492","C1868114"
"33968","3273","2","5","7","53","51","342","454","573","702","C1868114"
"33969","4893","2","5","7","34","52","24","30","46","72","C1868394"
"33970","3952","2","5","3","53","151","276","91","433","118","C1868394"
"33971","51317","2","3","12","19","31","1","426","55","78","C1868394"
"33972","5573","2","3","12","19","184","118","155","287","116","C1868528"
"33973","4683","2","3","12","19","31","261","116","1","86","C1868528"
"33974","4688","2","5","7","60","14","20","25","40","215","C1868528"
"33975","6223","2","3","2","110","85","237","433","547","671","C1868528"
"33976","55624","2","3","2","78","123","194","255","215","412","C1868528"
"33977","8260","2","3","12","41","85","266","76","287","78","C1868556"
"33978","10329","2","3","2","63","123","194","423","536","544","C1868556"
"33979","658","2","5","7","53","51","342","259","423","389","C1868556"
"33980","1280","2","5","7","53","51","342","454","573","492","C1868569"
"33981","54345","2","5","3","19","221","321","428","541","667","C1868569"
"33982","6736","2","3","12","19","31","276","91","433","667","C1868577"
"33983","669","2","3","5","90","167","266","441","106","616","C1868577"
"33984","5352","2","5","7","53","51","342","454","573","492","C1868577"
"33985","79955","2","5","7","42","36","71","177","223","219","C1868577"
"33986","27245","2","3","6","22","142","225","366","362","468","C1868577"
"33987","8622","2","3","4","68","96","326","427","548","672","C1868577"
"33988","5189","2","3","5","43","161","305","409","208","482","C1868577"
"33989","4854","2","5","7","53","51","143","428","236","667","C1868577"
"33990","779","2","5","8","63","36","166","341","390","158","C1868577"
"33991","9370","2","5","3","41","151","276","91","433","118","C1868577"
"33992","3575","2","5","7","53","51","184","341","544","669","C1868577"
"33993","6496","2","3","3","19","221","321","428","541","667","C1868577"
"33994","2538","2","3","5","90","216","333","438","561","689","C1868578"
"33995","8890","2","3","2","110","85","237","433","547","671","C1868578"
"33996","3835","2","3","12","76","153","40","38","54","75","C1868578"
"33997","2335","2","5","7","53","51","342","454","573","492","C1868578"
"33998","5595","2","3","7","53","14","20","34","540","68","C1868578"
"33999","28952","2","3","12","41","116","268","434","468","213","C1868578"
"34000","3887","2","1","6","11","142","225","142","220","298","C1868578"
"34001","355","2","3","7","41","219","339","156","568","697","C1868578"
"34002","54209","2","5","7","53","51","119","395","549","674","C1868598"
"34003","8492","2","5","7","68","51","119","395","549","674","C1868598"
"34004","2317","2","5","7","63","45","23","103","287","664","C1868598"
"34005","478","2","3","8","63","45","23","366","464","187","C1868623"
"34006","4204","2","3","12","19","31","1","426","55","78","C1868623"
"34007","875","2","3","5","80","137","44","21","451","316","C1868623"
"34008","2271","2","3","5","80","81","166","170","226","305","C1868672"
"34009","1289","2","5","7","53","51","342","454","573","492","C1868672"
"34010","2146","2","3","12","19","31","1","426","55","78","C1868672"
"34011","3984","2","5","7","53","14","20","34","540","68","C1868672"
"34012","1380","2","5","7","53","51","119","395","549","674","C1868684"
"34013","242","2","3","5","11","142","223","142","220","298","C1868684"
"34014","4204","2","3","12","19","31","1","426","55","78","C1868684"
"34015","55729","2","3","12","19","31","1","426","55","78","C1868684"
"34016","5290","2","3","7","53","14","20","25","40","186","C1868684"
"34017","9420","2","3","5","79","159","256","215","282","366","C1868684"
"34018","25836","2","3","12","76","153","40","38","54","75","C1868684"
"34019","4000","2","3","12","26","105","178","226","297","156","C1868720"
"34020","51601","2","3","2","67","92","293","55","75","311","C1868720"
"34021","9409","2","3","5","43","161","305","409","208","482","C1868720"
"34022","10060","2","3","8","41","45","23","423","464","445","C1869117"
"34023","6341","2","3","2","48","170","50","119","444","556","C1869117"
"34024","3418","2","3","2","67","151","276","33","48","155","C1869118"
"34025","23426","2","5","7","42","36","71","177","223","219","C1869118"
"34026","1282","2","5","7","53","51","342","454","573","492","C1869118"
"34027","6125","2","3","2","110","85","237","433","547","671","C1869118"
"34028","2218","2","5","2","53","123","194","255","560","373","C1869122"
"34029","760","2","3","5","35","41","77","40","78","178","C1869122"
"34030","54716","2","5","8","45","94","199","240","415","666","C1873509"
"34031","5396","2","3","3","19","221","321","428","541","667","C1873509"
"34032","3569","2","5","7","53","51","342","454","573","416","C1873509"
"34033","23522","2","3","12","19","31","1","426","55","78","C1873509"
"34034","9401","2","3","12","76","31","261","116","1","86","C1873509"
"34035","2736","2","3","12","41","116","321","428","54","667","C1873509"
"34036","710","2","5","7","53","51","342","454","573","702","C1876165"
"34037","1535","2","5","7","34","52","216","395","549","674","C1876165"
"34038","9632","2","3","7","60","153","40","38","54","203","C1876165"
"34039","585","2","3","12","76","153","40","38","54","75","C1876165"
"34040","7994","2","3","12","19","31","1","426","55","78","C1876165"
"34041","10381","2","3","12","76","153","40","38","54","75","C1876165"
"34042","4089","2","3","12","19","219","339","259","423","605","C1876165"
"34043","2521","2","3","2","22","33","323","66","101","136","C1876165"
"34044","6535","2","5","8","45","94","199","240","415","666","C1876165"
"34045","54453","2","5","7","60","54","24","30","46","72","C1876165"
"34046","5940","2","3","2","22","33","323","66","101","136","C1876165"
"34047","5745","2","5","4","68","96","326","427","548","672","C1876185"
"34048","2812","2","5","7","53","51","342","454","573","492","C1876185"
"34049","9343","2","3","2","22","33","323","66","101","136","C1876187"
"34050","4221","2","3","12","19","31","342","454","573","492","C1876187"
"34051","6845","2","5","7","60","14","184","341","544","669","C1876187"
"34052","3304","2","5","7","34","52","216","395","271","356","C1876203"
"34053","4893","2","5","7","34","52","24","30","46","72","C1876203"
"34054","1501","2","5","7","27","36","150","341","223","628","C1876203"
"34055","1340","2","3","2","48","170","50","141","359","462","C1876203"
"34056","1828","2","5","7","34","52","216","142","220","298","C1879286"
"34057","3078","2","5","7","53","51","119","395","549","674","C1879286"
"34058","2572","2","3","2","67","57","190","152","197","93","C1879286"
"34059","2201","2","5","7","53","51","342","454","573","492","C1879286"
"34060","5158","2","3","4","68","45","272","259","518","621","C1879312"
"34061","1636","2","3","5","80","81","166","397","418","568","C1879312"
"34062","3930","2","3","2","22","33","323","66","3","464","C1879312"
"34063","8547","2","5","7","53","51","342","454","573","492","C1879312"
"34064","1200","2","3","5","80","81","178","226","297","380","C1879312"
"34065","2122","2","3","12","19","31","1","426","55","78","C1879312"
"34066","5979","2","5","7","53","14","20","25","40","186","C1879312"
"34067","5290","2","3","7","53","14","20","25","40","186","C1879312"
"34068","4514","2","3","2","48","57","110","141","359","5","C1879312"
"34069","10535","2","3","12","76","153","40","38","54","75","C1879312"
"34070","26471","2","3","2","110","85","237","433","547","671","C1879312"
"34071","2253","2","5","7","53","14","20","25","40","186","C1879312"
"34072","6521","2","5","8","35","41","199","40","415","666","C1879312"
"34073","2332","2","3","2","22","33","71","373","466","609","C1879312"
"34074","1749","2","3","3","19","221","321","428","541","667","C1879312"
"34075","6334","2","5","8","63","36","166","341","223","158","C1879321"
"34076","5982","2","3","12","19","31","261","116","1","86","C1879321"
"34077","5077","2","3","3","19","221","321","428","541","667","C1879321"
"34078","3299","2","3","12","42","81","296","399","201","274","C1879362"
"34079","2990","2","3","7","34","52","216","395","549","674","C1879362"
"34080","6785","2","3","5","67","7","5","239","311","393","C1879362"
"34081","9820","2","3","12","41","116","268","434","468","213","C1879526"
"34082","2259","2","5","8","63","36","166","341","223","158","C1879526"
"34083","4763","2","5","7","60","54","24","30","46","214","C1879526"
"34084","3507","2","5","7","53","51","119","395","549","674","C1879677"
"34085","6103","2","3","12","76","153","40","38","54","75","C1879677"
"34086","2153","2","5","7","53","51","342","454","573","492","C1955869"
"34087","2201","2","5","7","53","51","342","454","573","492","C1955869"
"34088","3717","2","5","7","53","14","20","25","40","186","C1955869"
"34089","1030","2","3","12","19","31","1","426","55","78","C1955869"
"34090","54463","2","3","2","48","57","110","141","359","462","C1955869"
"34091","4000","2","3","12","26","105","178","226","297","156","C1955869"
"34092","1376","2","3","2","19","151","276","91","433","118","C1955869"
"34093","8557","2","5","8","63","45","23","103","464","187","C1955869"
"34094","4613","2","3","12","19","31","1","426","55","78","C1955869"
"34095","3849","2","1","6","11","142","225","142","220","298","C1955869"
"34096","3291","2","3","2","69","83","101","94","133","318","C1955869"
"34097","3977","2","5","7","53","51","119","25","40","416","C1955869"
"34098","11155","2","5","7","63","45","23","103","464","187","C1955870"
"34099","8139","2","3","12","41","116","268","434","468","213","C1955870"
"34100","11154","2","5","7","60","18","184","341","544","669","C1955870"
"34101","2542","2","3","5","80","81","296","399","500","577","C1955870"
"34102","57030","2","3","7","27","36","150","341","223","628","C1955934"
"34103","207","2","3","7","53","14","20","34","489","416","C1955934"
"34104","1146","2","5","8","27","70","99","162","216","290","C1955934"
"34105","1291","2","5","7","53","51","342","454","573","492","C1955934"
"34106","3769","2","5","8","63","36","166","106","110","158","C1955934"
"34107","6326","2","5","8","63","36","166","341","390","158","C1955934"
"34108","8091","2","3","12","110","109","22","262","129","638","C1956097"
"34109","5376","2","5","7","53","51","342","454","573","492","C1956097"
"34110","25978","2","3","2","48","57","110","141","359","462","C1956097"
"34111","5354","2","5","7","27","36","150","341","223","628","C1956097"
"34112","348","2","5","7","53","51","342","454","573","492","C1956147"
"34113","1277","2","5","7","53","51","342","454","573","492","C1956147"
"34114","23601","2","5","7","34","52","216","395","549","674","C1959620"
"34115","3123","2","5","7","53","51","119","156","287","116","C1959620"
"34116","5921","2","5","7","60","14","24","25","40","215","C1960469"
"34117","6390","2","3","2","48","170","50","119","444","556","C1960469"
"34118","9223","2","5","7","42","36","71","177","223","219","C1960469"
"34119","6531","2","5","8","45","94","199","240","415","666","C1960469"
"34120","2218","2","5","2","53","123","194","255","560","373","C1960469"
"34121","1499","2","3","12","19","221","197","259","560","422","C1960469"
"34122","2978","2","3","5","80","81","272","223","518","621","C1960469"
"34123","2260","2","5","7","53","14","20","25","40","186","C1960469"
"34124","720","2","5","7","53","51","342","454","573","492","C1960469"
"34125","4803","2","5","7","60","54","24","30","46","72","C1960469"
"34126","10491","2","5","7","53","51","342","454","573","492","C1960469"
"34127","50964","2","5","3","68","221","197","259","423","422","C1960469"
"34128","2322","2","5","7","53","14","20","25","40","186","C1960469"
"34129","23495","2","3","12","41","219","339","156","568","697","C1960469"
"34130","5993","2","3","12","19","31","1","426","55","78","C1960546"
"34131","5130","2","3","2","85","143","286","51","488","102","C1960546"
"34132","26281","2","5","7","53","14","20","25","40","186","C1961099"
"34133","5077","2","3","3","19","221","321","428","541","667","C1961099"
"34134","26525","2","5","7","53","219","119","156","568","697","C1961099"
"34135","1902","2","5","4","68","96","326","427","548","672","C1961099"
"34136","4851","2","3","12","19","221","143","428","236","667","C1961099"
"34137","9896","2","3","5","80","81","296","399","201","274","C1961099"
"34138","147138","2","3","12","41","219","339","156","568","697","C1961099"
"34139","23742","2","5","5","68","96","326","427","447","586","C1961099"
"34140","30813","2","3","3","19","221","321","428","541","667","C1961099"
"34141","26503","2","3","2","89","124","204","272","347","442","C1961099"
"34142","4853","2","3","12","19","124","143","428","236","667","C1961099"
"34143","1147","2","3","12","41","219","339","156","568","697","C1961099"
"34144","7520","2","3","7","34","52","216","395","549","86","C1961099"
"34145","1029","2","3","12","19","31","1","116","1","664","C1961099"
"34146","6299","2","3","12","19","221","321","428","541","667","C1961099"
"34147","3763","2","5","8","63","36","166","106","110","158","C1961099"
"34148","3458","2","5","7","53","184","119","156","287","116","C1961835"
"34149","6622","2","3","7","27","36","150","341","223","628","C1961835"
"34150","3759","2","5","8","63","36","166","106","110","158","C1963946"
"34151","2581","2","3","5","80","81","250","291","152","420","C1963946"
"34152","4647","2","5","7","60","83","101","126","170","224","C1963946"
"34153","5580","2","5","7","34","52","216","395","287","116","C1963946"
"34154","4853","2","3","12","19","124","143","428","236","667","C1963946"
"34155","4221","2","3","12","19","31","342","454","573","492","C1968564"
"34156","729","2","5","7","53","51","119","395","549","219","C1968564"
"34157","4668","2","3","5","21","111","188","242","313","396","C1968564"
"34158","6900","2","5","7","53","51","342","454","223","373","C1968564"
"34159","1969","2","5","7","53","14","20","25","560","186","C1968564"
"34160","2224","2","3","3","19","151","276","91","433","118","C1968564"
"34161","5728","2","3","5","80","81","339","156","568","605","C1968564"
"34162","3796","2","3","12","76","153","40","38","54","75","C1968565"
"34163","4204","2","3","12","19","31","1","426","55","78","C1968565"
"34164","5130","2","3","2","85","143","286","51","488","102","C1968565"
"34165","1293","2","5","7","53","51","342","454","573","492","C1968565"
"34166","860","2","3","12","19","31","276","91","433","118","C1968574"
"34167","2248","2","5","7","53","14","20","25","40","186","C1968574"
"34168","3586","2","5","7","53","51","119","25","489","416","C1968574"
"34169","3592","2","5","7","53","51","119","25","489","416","C1968592"
"34170","2626","2","3","12","19","31","118","155","287","116","C1968592"
"34171","9056","2","3","8","45","94","199","240","415","666","C1968593"
"34172","10908","2","3","2","97","173","275","377","473","592","C1968593"
"34173","10367","2","3","2","48","170","50","119","444","593","C1968602"
"34174","3827","2","5","4","68","96","326","427","548","672","C1968602"
"34175","3845","2","5","7","60","54","24","30","46","72","C1968602"
"34176","6310","2","3","12","22","142","225","366","362","468","C1968611"
"34177","3576","2","5","4","68","96","326","427","548","672","C1968611"
"34178","4893","2","5","7","34","52","24","30","46","72","C1968618"
"34179","23363","2","3","12","41","116","268","434","468","213","C1968618"
"34180","2261","2","5","7","53","14","20","25","40","186","C1968619"
"34181","7042","2","5","7","53","51","342","454","573","492","C1968619"
"34182","6281","2","5","7","34","52","216","395","572","327","C1968619"
"34183","6229","2","3","2","110","85","237","433","547","671","C1968706"
"34184","9101","2","3","12","41","219","339","156","568","605","C1968706"
"34185","1789","2","3","12","19","31","1","426","55","78","C1968729"
"34186","7226","2","5","7","34","52","216","395","549","674","C1968729"
"34187","7305","2","5","7","34","52","216","395","549","674","C1968729"
"34188","2697","2","3","7","76","153","40","38","54","75","C1968790"
"34189","2719","2","5","7","53","51","342","454","573","492","C1968790"
"34190","1294","2","5","7","53","51","342","454","573","492","C1968790"
"34191","51135","2","3","12","53","219","20","156","568","697","C1968790"
"34192","6440","2","5","5","68","96","185","238","310","272","C1968790"
"34193","2067","2","3","12","19","31","261","116","1","86","C1968790"
"34194","7461","2","3","7","60","153","40","38","93","75","C1968790"
"34195","23462","2","3","12","19","31","143","428","236","667","C1968845"
"34196","6016","2","5","7","60","54","24","30","46","72","C1968851"
"34197","6521","2","5","8","35","41","199","40","415","666","C1968851"
"34198","9469","2","3","2","103","189","303","29","475","467","C1968851"
"34199","55315","2","3","5","80","81","296","62","94","150","C1968851"
"34200","84991","2","3","2","22","33","323","66","101","136","C1968852"
"34201","4867","2","5","7","76","153","40","38","54","75","C1968852"
"34202","1289","2","5","7","53","51","342","454","573","492","C1968852"
"34203","3586","2","5","7","53","51","119","25","489","416","C1968852"
"34204","4615","2","3","12","41","219","339","156","568","697","C1968855"
"34205","6330","2","5","8","63","36","166","341","223","158","C1968855"
"34206","6329","2","5","8","63","36","166","341","390","158","C1968958"
"34207","627","2","5","7","53","51","335","444","423","373","C1968958"
"34208","2263","2","5","7","53","14","20","25","40","186","C1968959"
"34209","3636","2","3","5","80","14","20","25","40","186","C1968959"
"34210","9248","2","5","4","68","96","326","427","548","672","C1968999"
"34211","7941","2","3","5","7","218","338","450","567","696","C1968999"
"34212","1130","2","5","7","60","54","326","141","359","462","C1968999"
"34213","3949","2","5","7","60","14","184","341","544","669","C1968999"
"34214","3845","2","5","7","60","54","24","30","46","72","C1968999"
"34215","2067","2","3","12","19","31","261","116","1","86","C1968999"
"34216","5157","2","5","7","80","81","342","367","500","577","C1968999"
"34217","54808","2","3","12","76","153","40","38","54","75","C1968999"
"34218","3043","2","5","7","34","52","216","395","549","116","C1969063"
"34219","55636","2","3","3","19","221","321","428","423","389","C1969073"
"34220","7134","2","5","8","63","45","23","103","464","187","C1969073"
"34221","7471","2","5","3","68","221","197","259","560","422","C1969073"
"34222","7045","2","5","12","19","51","1","426","55","78","C1969073"
"34223","5444","2","3","5","80","147","236","328","411","229","C1969073"
"34224","7259","2","3","12","19","31","1","426","55","78","C1969144"
"34225","435","2","3","8","84","97","167","210","278","360","C1969144"
"34226","29954","2","5","2","27","206","324","430","215","290","C1969144"
"34227","1814","2","5","4","68","96","326","427","548","672","C1969144"
"34228","2121","2","3","12","41","116","268","434","568","605","C1969176"
"34229","5190","2","3","5","43","161","305","409","208","482","C1969176"
"34230","2146","2","3","12","19","31","1","426","55","78","C1969176"
"34231","3339","2","5","7","53","51","342","454","573","492","C1969222"
"34232","5745","2","5","4","68","96","326","427","548","672","C1969222"
"34233","7248","2","3","2","48","57","110","141","359","462","C1969236"
"34234","1586","2","3","5","79","98","256","335","425","540","C1969236"
"34235","1103","2","3","2","67","92","293","55","75","311","C1969236"
"34236","8973","2","5","8","27","70","99","162","216","290","C1969363"
"34237","4694","2","3","2","48","170","50","119","444","556","C1969363"
"34238","27031","2","3","6","11","142","225","38","331","506","C1969363"
"34239","5139","2","3","4","68","96","326","427","548","672","C1969363"
"34240","6775","2","5","7","53","14","119","25","40","186","C1969372"
"34241","1380","2","5","7","53","51","119","395","549","674","C1969372"
"34242","5648","2","5","7","53","51","119","395","549","674","C1969372"
"34243","54551","2","3","12","41","219","197","156","568","422","C1969372"
"34244","1144","2","5","8","27","70","99","162","216","290","C1969372"
"34245","23363","2","3","12","41","116","268","434","468","213","C1969372"
"34246","2033","2","3","12","19","31","1","91","433","118","C1969372"
"34247","6303","2","3","2","67","118","160","261","188","423","C1969372"
"34248","2316","2","5","7","53","51","342","454","573","702","C1969372"
"34249","5020","2","5","4","68","96","326","427","548","672","C1969372"
"34250","6774","2","3","12","53","14","276","25","489","416","C1969372"
"34251","54903","2","3","12","76","153","40","38","54","75","C1969443"
"34252","4540","2","3","2","48","170","50","119","444","556","C1969443"
"34253","1636","2","3","5","80","81","166","397","418","568","C1969645"
"34254","2159","2","5","7","68","51","119","454","549","674","C1969655"
"34255","1414","2","5","6","11","45","160","362","177","673","C1969655"
"34256","2263","2","5","7","53","14","20","25","40","186","C1969680"
"34257","55172","2","5","7","27","36","150","341","223","628","C1969680"
"34258","9451","2","3","2","110","51","335","226","297","380","C1969738"
"34259","9401","2","3","12","76","31","261","116","1","86","C1969738"
"34260","546","2","3","12","19","31","261","426","1","86","C1969875"
"34261","4582","2","5","7","53","206","324","430","429","544","C1969875"
"34262","54840","2","3","12","19","31","261","116","1","86","C1969875"
"34263","8820","2","3","3","19","221","321","428","541","667","C1969875"
"34264","1103","2","3","2","67","92","293","55","75","311","C1969875"
"34265","6794","2","3","12","53","14","20","34","540","68","C1969879"
"34266","26119","2","5","7","60","14","184","341","544","669","C1969879"
"34267","2879","2","3","5","80","81","166","378","173","229","C1969879"
"34268","345","2","5","7","53","51","342","454","573","492","C1969879"
"34269","2121","2","3","12","41","116","268","434","568","605","C1969879"
"34270","5327","2","5","7","53","51","342","454","573","492","C1969879"
"34271","3766","2","5","8","63","36","166","106","110","158","C1969893"
"34272","4988","2","5","4","68","96","326","427","548","672","C1969913"
"34273","8243","2","3","12","76","31","40","38","54","75","C1969913"
"34274","7545","2","5","3","34","52","216","142","220","298","C1969913"
"34275","5961","2","5","7","27","51","326","126","414","702","C1969913"
"34276","4792","2","3","12","41","219","339","156","568","605","C1969913"
"34277","1080","2","3","12","41","219","339","156","544","669","C1969913"
"34278","23025","2","5","7","60","36","71","341","223","624","C1969913"
"34279","26580","2","5","8","27","70","99","162","216","290","C1969913"
"34280","1436","2","5","7","53","14","20","25","40","186","C1969913"
"34281","5506","2","3","12","76","137","76","136","82","658","C1969913"
"34282","1559","2","3","5","91","214","226","11","348","172","C1969913"
"34283","8086","2","3","12","22","33","323","66","101","664","C1969913"
"34284","8625","2","3","12","19","31","276","91","236","118","C1969913"
"34285","6314","2","3","12","19","31","1","426","568","78","C1969913"
"34286","6662","2","3","3","19","221","321","428","541","667","C1970095"
"34287","1364","2","5","6","42","36","71","177","64","219","C1970095"
"34288","8851","2","3","12","19","31","261","116","1","86","C1970107"
"34289","3145","2","3","5","80","81","166","132","175","473","C1970112"
"34290","1294","2","5","7","53","51","342","454","573","492","C1970112"
"34291","4137","2","3","7","27","36","150","341","223","628","C1970167"
"34292","26012","2","3","12","19","31","261","116","159","211","C1970167"
"34293","3977","2","5","7","53","51","119","25","40","416","C1970167"
"34294","3918","2","5","7","53","51","342","454","573","492","C1970168"
"34295","2516","2","3","3","19","151","276","91","433","118","C1970168"
"34296","338","2","5","7","53","51","342","454","573","492","C1970168"
"34297","10585","2","5","2","27","206","324","430","215","290","C1970187"
"34298","4535","2","3","2","48","170","50","119","444","556","C1970187"
"34299","5336","2","3","7","53","14","20","25","40","215","C1970257"
"34300","2138","2","3","12","19","31","1","426","55","78","C1970257"
"34301","4920","2","5","7","53","14","20","259","560","373","C1970257"
"34302","10225","2","5","7","53","51","119","395","549","674","C1970257"
"34303","6660","2","3","3","19","221","321","428","541","667","C1970263"
"34304","22891","2","3","12","76","153","40","341","54","75","C1970263"
"34305","22930","2","5","7","60","54","24","30","46","72","C1970263"
"34306","3209","2","3","3","19","221","321","428","541","667","C1970263"
"34307","410","2","3","7","34","52","216","395","549","674","C1970298"
"34308","4088","2","3","12","19","219","339","259","423","605","C1970308"
"34309","5518","2","3","12","76","153","40","38","54","435","C1970308"
"34310","6662","2","3","3","19","221","321","428","541","667","C1970308"
"34311","90","2","5","7","53","51","342","259","423","389","C1970308"
"34312","9414","2","5","7","42","36","71","177","223","219","C1970308"
"34313","4353","2","3","7","34","52","216","395","549","674","C1970308"
"34314","5328","2","5","7","34","52","216","395","549","674","C1970431"
"34315","177","2","5","7","53","51","339","156","568","697","C1970431"
"34316","2767","2","5","4","68","96","326","427","548","672","C1970431"
"34317","2812","2","5","7","53","51","342","454","573","492","C1970482"
"34318","51715","2","5","7","60","54","24","30","46","72","C1970497"
"34319","2316","2","5","7","53","51","342","454","573","702","C1970497"
"34320","4487","2","3","3","19","221","321","428","541","667","C1970497"
"34321","1495","2","5","7","53","51","335","444","560","373","C1970497"
"34322","7167","2","3","2","90","167","266","367","500","577","C1970497"
"34323","1144","2","5","8","27","70","99","162","216","290","C1970705"
"34324","4000","2","3","12","26","105","178","226","297","156","C1970705"
"34325","2074","2","3","12","19","31","1","426","55","78","C1970705"
"34326","6899","2","5","7","53","184","335","259","560","373","C1970705"
"34327","6299","2","3","12","19","221","321","428","541","667","C1970705"
"34328","5631","2","3","2","72","119","109","266","336","452","C1970705"
"34329","2677","2","5","7","53","51","342","454","573","492","C1970705"
"34330","2006","2","5","7","53","51","342","454","573","492","C1970705"
"34331","6584","2","3","8","45","94","199","240","415","666","C1970705"
"34332","3308","2","3","12","41","219","339","347","271","356","C1970705"
"34333","6391","2","3","2","48","170","50","119","444","556","C1970705"
"34334","10617","2","3","12","48","57","110","141","359","462","C1970705"
"34335","4916","2","5","7","53","14","20","25","447","186","C1970705"
"34336","1644","2","3","2","88","79","239","333","258","345","C1970705"
"34337","7274","2","3","5","43","161","99","162","216","290","C1970705"
"34338","5337","2","3","7","34","52","216","395","552","98","C1970705"
"34339","887","2","5","4","68","96","326","427","548","672","C1970705"
"34340","7084","2","3","2","72","109","115","62","268","353","C1970705"
"34341","1261","2","5","8","63","36","166","106","110","158","C1970705"
"34342","3730","2","5","7","53","14","20","25","40","186","C1970705"
"34343","4313","2","5","7","53","51","342","454","573","492","C1970705"
"34344","5663","2","5","7","34","52","216","395","549","667","C1970705"
"34345","4921","2","5","7","53","14","20","25","573","186","C1970705"
"34346","5982","2","3","12","19","31","261","116","1","86","C1970705"
"34347","9927","2","3","12","19","31","118","155","287","116","C1970705"
"34348","3383","2","5","7","53","51","119","454","287","116","C1970777"
"34349","23639","2","3","12","41","219","261","136","271","356","C1970777"
"34350","4000","2","3","12","26","105","178","226","297","156","C1970816"
"34351","1636","2","3","5","80","81","166","397","418","568","C1970816"
"34352","1399","2","5","7","53","14","20","25","40","186","C1970883"
"34353","3229","2","3","3","19","221","321","428","541","667","C1970883"
"34354","308","2","5","7","53","51","342","454","573","702","C1970883"
"34355","25970","2","5","7","53","14","20","25","40","116","C1970883"
"34356","9896","2","3","5","80","81","296","399","201","274","C1970883"
"34357","4609","2","3","12","19","31","1","160","107","416","C1970883"
"34358","9968","2","4","3","24","119","330","214","454","144","C1970883"
"34359","6648","2","3","2","95","151","160","378","173","229","C2048011"
"34360","1832","2","5","7","34","52","225","142","220","298","C2048011"
"34361","6231","2","3","2","110","85","237","433","547","671","C2048011"
"34362","6392","2","3","2","48","170","50","119","444","556","C2048011"
"34363","5009","2","3","2","48","97","50","304","167","593","C2048011"
"34364","7048","2","5","7","53","51","342","259","423","389","C2048011"
"34365","4625","2","3","8","63","45","23","103","464","187","C2048011"
"34366","2703","2","3","12","76","153","40","38","54","75","C2048011"
"34367","5727","2","3","12","68","221","197","259","560","422","C2048011"
"34368","2892","2","5","8","63","36","166","106","110","158","C2063326"
"34369","2200","2","5","7","53","51","342","454","573","492","C2063326"
"34370","51684","2","3","12","41","116","268","38","54","75","C2063326"
"34371","2099","2","3","12","19","151","276","91","433","118","C2063326"
"34372","9509","2","5","7","53","51","342","454","573","492","C2063326"
"34373","4089","2","3","12","19","219","339","259","423","605","C2063326"
"34374","54658","2","3","2","78","205","207","67","355","138","C2063326"
"34375","675","2","3","12","19","31","261","116","1","86","C2063866"
"34376","2033","2","3","12","19","31","1","91","433","118","C2063866"
"34377","1387","2","3","12","19","31","276","91","433","118","C2063866"
"34378","54567","2","5","7","53","51","143","428","236","667","C2063866"
"34379","7461","2","3","7","60","153","40","38","93","75","C2063866"
"34380","1723","2","3","2","48","170","50","119","444","556","C2063866"
"34381","3897","2","5","7","53","51","335","444","560","373","C2112129"
"34382","2261","2","5","7","53","14","20","25","40","186","C2112129"
"34383","2192","2","5","7","53","51","342","454","573","492","C2112129"
"34384","79602","2","3","2","48","57","110","141","359","462","C2112129"
"34385","5376","2","5","7","53","51","342","454","573","492","C2112129"
"34386","1674","2","5","8","63","45","23","103","464","187","C2112129"
"34387","5290","2","3","7","53","14","20","25","40","186","C2112129"
"34388","7840","2","3","12","76","153","40","38","54","75","C2112129"
"34389","4522","2","3","5","15","166","104","262","121","167","C2112129"
"34390","5728","2","3","5","80","81","339","156","568","605","C2112129"
"34391","55129","2","5","8","63","45","23","34","464","187","C2112129"
"34392","10516","2","5","7","53","51","342","454","573","492","C2112129"
"34393","5728","2","3","5","80","81","339","156","568","605","C2112942"
"34394","4851","2","3","12","19","221","143","428","236","667","C2112942"
"34395","6716","2","3","2","69","98","169","299","50","494","C2112942"
"34396","3674","2","5","7","53","51","342","454","573","492","C2128203"
"34397","26191","2","5","7","53","14","20","25","40","186","C2128203"
"34398","2195","2","5","7","53","51","335","444","560","373","C2169794"
"34399","7038","2","5","7","60","18","184","98","66","203","C2169794"
"34400","146059","2","3","12","19","31","261","116","1","86","C2169794"
"34401","3758","2","5","8","63","36","166","106","110","158","C2169795"
"34402","2677","2","5","7","53","51","342","454","573","492","C2169795"
"34403","9378","2","5","7","27","36","71","341","223","219","C2176208"
"34404","478","2","3","8","63","45","23","366","464","187","C2176208"
"34405","8626","2","3","3","19","221","321","428","541","667","C2216370"
"34406","59341","2","5","8","63","45","193","306","390","158","C2216370"
"34407","4582","2","5","7","53","206","324","430","429","544","C2216370"
"34408","5213","2","3","2","90","167","266","367","500","577","C2216370"
"34409","8504","2","3","5","47","144","185","238","310","392","C2216370"
"34410","5888","2","3","12","19","31","261","116","1","86","C2216370"
"34411","4306","2","3","3","19","151","276","91","433","118","C2216370"
"34412","4000","2","3","12","26","105","178","226","297","156","C2219717"
"34413","6295","2","3","4","68","45","272","427","518","621","C2219717"
"34414","7504","2","5","4","68","96","326","427","548","672","C2219717"
"34415","83593","2","5","7","60","54","24","30","46","72","C2219717"
"34416","8291","2","5","8","63","45","23","103","464","187","C2219717"
"34417","5950","2","5","7","53","51","101","126","170","224","C2219717"
"34418","6310","2","3","12","22","142","225","366","362","468","C2219717"
"34419","6927","2","3","3","19","221","321","428","541","667","C2219717"
"34420","7157","2","3","12","19","31","261","402","489","551","C2219717"
"34421","26580","2","5","8","27","70","99","162","216","290","C2219717"
"34422","1280","2","5","7","53","51","342","454","573","492","C2219717"
"34423","6390","2","3","2","48","170","50","119","444","556","C2219717"
"34424","7319","2","3","12","41","116","268","434","468","213","C2219717"
"34425","3892","2","1","6","11","142","225","142","220","298","C2229182"
"34426","427","2","3","7","34","52","216","395","549","420","C2229182"
"34427","6736","2","3","12","19","31","276","91","433","667","C2229182"
"34428","175","2","3","7","34","52","216","395","549","674","C2229182"
"34429","2731","2","3","2","106","104","214","234","67","53","C2229182"
"34430","16","2","3","2","110","85","237","433","547","154","C2229182"
"34431","5982","2","3","12","19","31","261","116","1","86","C2229182"
"34432","54805","2","5","7","26","94","85","189","247","333","C2229182"
"34433","57674","2","3","12","41","116","268","434","468","213","C2229182"
"34434","54968","2","3","2","48","170","50","119","444","556","C2229182"
"34435","1586","2","3","5","79","98","256","335","425","540","C2229182"
"34436","1588","2","3","5","79","159","256","350","27","44","C2229182"
"34437","3636","2","3","5","80","14","20","25","40","186","C2229182"
"34438","6833","2","5","8","45","36","166","240","415","666","C2229182"
"34439","7298","2","3","12","76","153","40","38","54","75","C2235909"
"34440","2719","2","5","7","53","51","342","454","573","492","C2235909"
"34441","5830","2","3","5","43","161","305","409","208","482","C2235909"
"34442","2290","2","3","3","19","221","321","428","541","667","C2235909"
"34443","1387","2","3","12","19","31","276","91","433","118","C2237142"
"34444","10060","2","3","8","41","45","23","423","464","445","C2237142"
"34445","4170","2","3","12","41","219","339","402","489","416","C2237142"
"34446","3759","2","5","8","63","36","166","106","110","158","C2237142"
"34447","27286","2","5","7","53","51","342","444","560","492","C2237142"
"34448","215","2","3","5","47","144","185","238","310","392","C2237142"
"34449","182","2","5","7","53","51","143","428","236","667","C2242472"
"34450","51601","2","3","2","67","92","293","55","75","311","C2242472"
"34451","8929","2","3","3","19","221","321","428","541","667","C2242472"
"34452","10683","2","5","7","53","51","143","428","560","667","C2242472"
"34453","7051","2","1","6","11","142","225","142","220","298","C2242472"
"34454","9126","2","3","12","76","153","40","38","54","75","C2242472"
"34455","7403","2","3","12","19","31","1","426","55","78","C2242472"
"34456","1836","2","3","2","35","41","94","260","330","375","C2242472"
"34457","7291","2","3","12","19","151","276","91","489","416","C2242472"
"34458","3106","2","5","7","34","52","119","395","549","674","C2242472"
"34459","9915","2","3","3","27","151","276","91","433","118","C2242472"
"34460","114609","2","3","12","41","219","339","156","568","697","C2242472"
"34461","5792","2","5","7","53","51","335","444","560","373","C2242472"
"34462","2201","2","5","7","53","51","342","454","573","492","C2242472"
"34463","10166","2","3","2","84","97","167","210","278","360","C2242472"
"34464","1280","2","5","7","53","51","342","454","573","492","C2242472"
"34465","10084","2","3","2","22","33","323","66","101","136","C2242472"
"34466","6949","2","3","2","110","85","237","164","390","311","C2242577"
"34467","875","2","3","5","80","137","44","21","451","316","C2242577"
"34468","2068","2","3","12","19","31","261","116","159","211","C2265792"
"34469","23400","2","5","8","63","45","23","103","464","187","C2265792"
"34470","2294","2","3","3","19","221","321","428","541","667","C2265792"
"34471","9968","2","4","3","24","119","330","214","454","144","C2265792"
"34472","8292","2","5","5","27","51","342","454","573","492","C2265792"
"34473","2719","2","5","7","53","51","342","454","573","492","C2265792"
"34474","1145","2","5","8","27","70","99","162","216","290","C2265792"
"34475","54903","2","3","12","76","153","40","38","54","75","C2265792"
"34476","6638","2","3","2","22","33","323","66","101","136","C2265792"
"34477","1630","2","5","7","53","51","335","444","560","373","C2265792"
"34478","2629","2","3","5","80","81","250","291","152","420","C2265792"
"34479","55636","2","3","3","19","221","321","428","423","389","C2265792"
"34480","8626","2","3","3","19","221","321","428","541","667","C2265792"
"34481","3759","2","5","8","63","36","166","106","110","158","C2265792"
"34482","25782","2","5","7","60","54","24","30","46","72","C2265792"
"34483","2253","2","5","7","53","14","20","25","40","186","C2265792"
"34484","23529","2","5","7","53","51","119","25","40","416","C2266639"
"34485","2318","2","5","7","53","45","23","103","464","187","C2266639"
"34486","4982","2","5","12","41","219","339","156","568","697","C2266639"
"34487","6622","2","3","7","27","36","150","341","223","628","C2266639"
"34488","3778","2","5","8","63","36","166","106","110","158","C2266639"
"34489","5605","2","5","7","53","14","20","34","540","68","C2266639"
"34490","25","2","3","12","19","14","20","25","287","116","C2266639"
"34491","585","2","3","12","76","153","40","38","54","75","C2266639"
"34492","1184","2","5","8","63","45","23","34","464","187","C2266639"
"34493","5994","2","3","12","19","31","276","91","491","118","C2266639"
"34494","10555","2","3","7","34","52","216","395","549","622","C2266639"
"34495","5831","2","3","2","101","62","189","182","566","409","C2266639"
"34496","7494","2","3","2","110","105","178","226","297","380","C2266639"
"34497","27315","2","5","6","34","52","225","142","220","298","C2266639"
"34498","274","2","5","7","60","14","184","341","544","669","C2266639"
"34499","7035","2","5","7","68","51","119","395","549","674","C2266639"
"34500","4000","2","3","12","26","105","178","226","297","156","C2266639"
"34501","175","2","3","7","34","52","216","395","549","674","C2266639"
"34502","4221","2","3","12","19","31","342","454","573","492","C2266639"
"34503","9968","2","4","3","24","119","330","214","454","144","C2266639"
"34504","5444","2","3","5","80","147","236","328","411","229","C2266639"
"34505","2261","2","5","7","53","14","20","25","40","186","C2266639"
"34506","5993","2","3","12","19","31","1","426","55","78","C2266639"
"34507","2632","2","3","2","28","22","48","232","82","114","C2266639"
"34508","6662","2","3","3","19","221","321","428","541","667","C2266639"
"34509","6622","2","3","7","27","36","150","341","223","628","C2266639"
"34510","5230","2","3","12","72","167","266","367","500","577","C2266639"
"34511","9241","2","5","7","53","51","342","259","423","389","C2266639"
"34512","23363","2","3","12","41","116","268","434","468","213","C2266639"
"34513","6598","2","3","12","19","31","1","426","55","78","C2266639"
"34514","831","2","5","7","53","51","342","454","573","492","C2266639"
"34515","51626","2","3","12","76","153","40","38","54","75","C2267227"
"34516","2175","2","3","12","19","31","261","116","1","86","C2315541"
"34517","55729","2","3","12","19","31","1","426","55","78","C2315541"
"34518","2554","2","5","8","27","70","99","162","216","290","C2316212"
"34519","8287","2","3","12","41","219","339","156","568","605","C2316212"
"34520","51750","2","3","12","19","31","261","116","1","86","C2316810"
"34521","6648","2","3","2","95","151","160","378","173","229","C2316810"
"34522","7443","2","3","12","19","31","261","34","540","68","C2316810"
"34523","1031","2","3","12","19","31","1","426","55","78","C2316810"
"34524","9562","2","3","5","80","81","296","248","317","405","C2316810"
"34525","4594","2","3","7","48","92","261","116","186","245","C2316810"
"34526","4860","2","3","7","34","52","216","395","549","150","C2316810"
"34527","1295","2","5","7","53","51","342","454","573","492","C2316810"
"34528","175","2","3","7","34","52","216","395","549","674","C2316810"
"34529","84315","2","5","7","60","54","24","30","46","72","C2316810"
"34530","51057","2","3","12","76","153","40","38","54","75","C2316810"
"34531","7390","2","3","5","80","81","166","132","175","473","C2316810"
"34532","5468","2","3","3","19","151","276","91","433","118","C2316810"
"34533","5443","2","5","4","68","96","326","427","548","672","C2316810"
"34534","139189","2","3","2","63","30","193","306","390","158","C2316810"
"34535","242","2","3","5","11","142","223","142","220","298","C2316810"
"34536","3845","2","5","7","60","54","24","30","46","72","C2316810"
"34537","10908","2","3","2","97","173","275","377","473","592","C2316810"
"34538","54551","2","3","12","41","219","197","156","568","422","C2316810"
"34539","249","2","3","5","27","51","335","444","560","373","C2316810"
"34540","2006","2","5","7","53","51","342","454","573","492","C2316810"
"34541","92086","2","3","5","91","59","222","302","386","337","C2316810"
"34542","355","2","3","7","41","219","339","156","568","697","C2316810"
"34543","1280","2","5","7","53","51","342","454","573","492","C2316810"
"34544","811","2","3","2","41","116","342","423","536","342","C2316810"
"34545","5993","2","3","12","19","31","1","426","55","78","C2316810"
"34546","1736","2","3","2","110","85","237","433","547","671","C2316810"
"34547","3663","2","3","12","53","184","119","156","287","116","C2316810"
"34548","56606","2","5","7","90","216","337","448","565","562","C2316810"
"34549","388531","2","5","4","68","45","272","427","518","621","C2316810"
"34550","1629","2","3","2","67","92","293","55","75","311","C2316810"
"34551","5888","2","3","12","19","31","261","116","1","86","C2350233"
"34552","10312","2","3","7","34","52","216","395","549","674","C2350233"
"34553","5048","2","3","12","76","153","40","38","54","75","C2362324"
"34554","3930","2","3","2","22","33","323","66","3","464","C2362324"
"34555","415","2","3","5","105","155","250","291","152","420","C2362324"
"34556","79809","2","3","12","76","153","40","38","54","75","C2362324"
"34557","30008","2","5","7","53","51","342","454","573","492","C2362914"
"34558","5015","2","3","3","19","221","321","428","541","667","C2362914"
"34559","4041","2","5","3","68","221","197","259","560","422","C2362914"
"34560","4644","2","5","7","60","54","184","141","359","411","C2362914"
"34561","778","2","5","8","63","36","166","341","223","158","C2362914"
"34562","5913","2","5","7","27","36","71","341","223","219","C2362914"
"34563","6899","2","5","7","53","184","335","259","560","373","C2363129"
"34564","11200","2","3","12","19","31","261","116","1","86","C2363129"
"34565","55065","2","3","5","38","242","230","312","395","511","C2363129"
"34566","6660","2","3","3","19","221","321","428","541","667","C2363903"
"34567","8139","2","3","12","41","116","268","434","468","213","C2363903"
"34568","5961","2","5","7","27","51","326","126","414","702","C2364082"
"34569","8626","2","3","3","19","221","321","428","541","667","C2364082"
"34570","53339","2","3","12","41","116","268","434","468","213","C2364082"
"34571","4901","2","5","3","19","151","276","91","433","673","C2364082"
"34572","8287","2","3","12","41","219","339","156","568","605","C2364082"
"34573","6662","2","3","3","19","221","321","428","541","667","C2364082"
"34574","6497","2","5","3","19","221","342","259","423","389","C2364082"
"34575","860","2","3","12","19","31","276","91","433","118","C2364082"
"34576","1499","2","3","12","19","221","197","259","560","422","C2364082"
"34577","7249","2","3","7","60","57","110","141","359","462","C2364082"
"34578","2301","2","5","6","11","142","225","142","220","673","C2364082"
"34579","144811","2","3","6","11","142","225","417","128","298","C2364082"
"34580","3240","2","5","7","34","52","216","395","549","674","C2364082"
"34581","2348","2","3","7","60","153","40","38","54","203","C2364082"
"34582","5873","2","5","7","34","54","24","30","46","72","C2364082"
"34583","26012","2","3","12","19","31","261","116","159","211","C2364082"
"34584","613","2","5","7","60","54","24","30","46","72","C2364082"
"34585","11200","2","3","12","19","31","261","116","1","86","C2364082"
"34586","6597","2","3","12","19","31","1","426","55","78","C2364082"
"34587","8517","2","3","12","41","219","339","156","568","697","C2364082"
"34588","8195","2","3","12","76","153","76","38","54","75","C2364082"
"34589","204","2","3","4","72","109","182","235","307","506","C2584774"
"34590","3889","2","1","6","11","142","225","142","220","298","C2584774"
"34591","54903","2","3","12","76","153","40","38","54","75","C2584774"
"34592","2301","2","5","6","11","142","225","142","220","673","C2607914"
"34593","2263","2","5","7","53","14","20","25","40","186","C2607914"
"34594","1082","2","5","4","68","96","342","259","423","389","C2607914"
"34595","6495","2","3","3","19","221","321","428","541","667","C2607914"
"34596","4867","2","5","7","76","153","40","38","54","75","C2607914"
"34597","64837","2","3","7","76","153","40","38","54","75","C2609071"
"34598","478","2","3","8","63","45","23","366","464","187","C2609071"
"34599","7054","2","3","5","80","81","166","34","258","345","C2613439"
"34600","2778","2","5","4","68","96","326","427","548","672","C2613439"
"34601","2314","2","3","12","63","45","184","103","572","658","C2613439"
"34602","6092","2","5","7","53","51","335","444","560","373","C2613439"
"34603","7132","2","3","12","41","219","339","156","568","697","C2613439"
"34604","3569","2","5","7","53","51","342","454","573","416","C2673431"
"34605","7879","2","5","7","34","54","24","30","46","72","C2673431"
"34606","1187","2","5","8","63","45","23","34","464","187","C2673431"
"34607","1144","2","5","8","27","70","99","162","216","290","C2673431"
"34608","4535","2","3","2","48","170","50","119","444","556","C2673431"
"34609","673","2","5","7","53","14","20","34","540","68","C2673431"
"34610","3239","2","3","3","19","221","321","428","541","667","C2673431"
"34611","5317","2","5","7","34","52","216","142","220","298","C2673431"
"34612","7422","2","5","7","53","51","342","454","573","702","C2673443"
"34613","6892","2","3","12","41","116","119","156","568","116","C2673443"
"34614","5295","2","5","7","53","14","20","25","40","186","C2673443"
"34615","4000","2","3","12","26","105","178","226","297","156","C2673462"
"34616","6138","2","3","2","110","85","237","433","547","671","C2673462"
"34617","1586","2","3","5","79","98","256","335","425","540","C2673462"
"34618","5913","2","5","7","27","36","71","341","223","219","C2673462"
"34619","4867","2","5","7","76","153","40","38","54","75","C2673482"
"34620","595","2","3","12","19","31","1","426","489","416","C2673482"
"34621","7840","2","3","12","76","153","40","38","54","75","C2673536"
"34622","5327","2","5","7","53","51","342","454","573","492","C2673536"
"34623","148022","2","3","12","41","219","339","156","568","697","C2673597"
"34624","55315","2","3","5","80","81","296","62","94","150","C2673597"
"34625","6559","2","5","8","45","94","199","240","415","666","C2673597"
"34626","5241","2","3","3","19","151","276","91","433","118","C2673597"
"34627","6121","2","3","2","69","83","101","126","170","224","C2673597"
"34628","7124","2","3","12","41","219","339","156","568","697","C2673597"
"34629","7852","2","5","4","68","96","326","427","548","672","C2673653"
"34630","54332","2","3","2","60","170","40","98","66","203","C2673653"
"34631","54880","2","3","12","19","31","1","426","55","78","C2673670"
"34632","60","2","3","12","60","45","184","155","287","78","C2673670"
"34633","4747","2","5","7","27","36","150","341","223","628","C2673670"
"34634","4719","2","3","2","48","170","50","119","444","556","C2673670"
"34635","6714","2","5","7","53","14","20","25","40","186","C2673670"
"34636","3949","2","5","7","60","14","184","341","544","669","C2673670"
"34637","5663","2","5","7","34","52","216","395","549","667","C2673700"
"34638","7486","2","3","12","19","31","261","116","1","86","C2673700"
"34639","6863","2","5","4","68","96","326","427","548","672","C2673700"
"34640","8518","2","3","12","19","31","1","426","55","78","C2673759"
"34641","3329","2","3","2","48","170","50","304","167","593","C2673759"
"34642","1437","2","5","7","53","14","20","25","40","186","C2673759"
"34643","6768","2","1","6","11","142","225","142","220","298","C2673820"
"34644","2253","2","5","7","53","14","20","25","40","186","C2673820"
"34645","2006","2","5","7","53","51","342","454","573","492","C2673914"
"34646","1337","2","3","2","48","170","110","141","359","462","C2673914"
"34647","429","2","3","3","19","221","321","428","541","667","C2673929"
"34648","2121","2","3","12","41","116","268","434","568","605","C2673929"
"34649","4524","2","3","2","15","166","104","369","117","583","C2673946"
"34650","1756","2","5","8","63","45","23","103","464","187","C2673946"
"34651","5073","2","3","2","110","85","323","433","146","194","C2673946"
"34652","5268","2","3","6","11","142","225","142","220","298","C2673946"
"34653","55699","2","3","2","110","85","67","76","252","154","C2673946"
"34654","4853","2","3","12","19","124","143","428","236","667","C2673946"
"34655","2475","2","3","2","48","57","110","141","359","462","C2673946"
"34656","26503","2","3","2","89","124","204","272","347","442","C2673946"
"34657","3889","2","1","6","11","142","225","142","220","298","C2673946"
"34658","5743","2","3","5","53","175","119","167","489","416","C2674432"
"34659","6513","2","5","7","90","216","337","448","565","562","C2674432"
"34660","3209","2","3","3","19","221","321","428","541","667","C2674432"
"34661","4141","2","3","2","110","85","237","433","547","154","C2674432"
"34662","5897","2","3","12","41","116","268","141","568","605","C2674432"
"34663","8481","2","3","12","76","153","40","38","54","75","C2674432"
"34664","8820","2","3","3","19","221","321","428","541","667","C2674432"
"34665","3663","2","3","12","53","184","119","156","287","116","C2674432"
"34666","1186","2","5","8","63","45","23","34","464","187","C2674432"
"34667","51626","2","3","12","76","153","40","38","54","75","C2674432"
"34668","55670","2","3","5","43","161","305","409","208","482","C2674432"
"34669","355","2","3","7","41","219","339","156","568","697","C2674432"
"34670","1584","2","3","5","79","159","256","276","353","456","C2674432"
"34671","29078","2","3","2","48","170","50","119","444","556","C2674432"
"34672","6794","2","3","12","53","14","20","34","540","68","C2674432"
"34673","3569","2","5","7","53","51","342","454","573","416","C2674432"
"34674","7084","2","3","2","72","109","115","62","268","353","C2674432"
"34675","10806","2","3","12","76","153","40","38","54","75","C2674432"
"34676","6648","2","3","2","95","151","160","378","173","229","C2674432"
"34677","8022","2","3","3","110","85","321","428","541","667","C2674432"
"34678","7849","2","3","3","19","221","321","428","541","667","C2674432"
"34679","4524","2","3","2","15","166","104","369","117","583","C2674432"
"34680","1302","2","5","7","53","51","342","454","573","492","C2674432"
"34681","226","2","5","7","34","52","216","395","549","702","C2674432"
"34682","5745","2","5","4","68","96","326","427","548","672","C2674432"
"34683","3918","2","5","7","53","51","342","454","573","492","C2674432"
"34684","4212","2","3","3","19","221","321","428","541","667","C2674432"
"34685","6154","2","3","2","110","85","237","433","547","671","C2674432"
"34686","8216","2","3","12","41","119","330","214","454","144","C2674432"
"34687","8777","2","5","7","42","36","71","177","223","219","C2674432"
"34688","4594","2","3","7","48","92","261","116","186","245","C2674432"
"34689","5376","2","5","7","53","51","342","454","573","492","C2674574"
"34690","11234","2","3","5","60","18","184","341","544","669","C2674574"
"34691","7422","2","5","7","53","51","342","454","573","702","C2674574"
"34692","51067","2","3","2","110","85","67","76","252","154","C2674574"
"34693","4669","2","3","5","80","81","166","454","453","492","C2674574"
"34694","860","2","3","12","19","31","276","91","433","118","C2674574"
"34695","859","2","5","8","63","45","23","103","464","187","C2674574"
"34696","5450","2","3","12","19","221","261","116","159","211","C2674574"
"34697","6663","2","3","3","19","221","321","428","541","667","C2674574"
"34698","7248","2","3","2","48","57","110","141","359","462","C2674574"
"34699","2255","2","5","7","53","14","20","25","40","186","C2674574"
"34700","11285","2","3","2","74","205","191","396","408","620","C2674574"
"34701","3784","2","5","8","63","36","166","106","110","158","C2674574"
"34702","190","2","3","3","19","151","276","91","433","118","C2674723"
"34703","3081","2","3","2","91","51","3","267","308","429","C2674723"
"34704","10815","2","5","7","60","36","71","341","223","666","C2674737"
"34705","7439","2","5","8","63","45","23","34","464","187","C2674737"
"34706","51057","2","3","12","76","153","40","38","54","75","C2674737"
"34707","4137","2","3","7","27","36","150","341","223","628","C2674738"
"34708","6566","2","3","2","67","37","316","422","535","660","C2674738"
"34709","6352","2","5","4","68","96","326","427","548","672","C2674738"
"34710","51259","2","3","2","76","153","40","38","54","75","C2674738"
"34711","10962","2","5","7","27","36","150","341","223","628","C2675111"
"34712","2934","2","5","7","34","52","216","395","549","674","C2675111"
"34713","51057","2","3","12","76","153","40","38","54","75","C2675111"
"34714","8481","2","3","12","76","153","40","38","54","75","C2675111"
"34715","1140","2","5","8","27","70","99","162","216","290","C2675111"
"34716","1584","2","3","5","79","159","256","276","353","456","C2675111"
"34717","8878","2","3","12","41","219","339","156","568","697","C2675111"
"34718","26047","2","5","7","27","36","335","341","223","373","C2675111"
"34719","25836","2","3","12","76","153","40","38","54","75","C2675111"
"34720","348","2","5","7","53","51","342","454","573","492","C2675111"
"34721","6094","2","3","2","27","83","326","126","414","702","C2675111"
"34722","9791","2","3","8","45","94","199","240","415","666","C2675111"
"34723","2588","2","3","7","34","52","216","395","549","674","C2675111"
"34724","1301","2","5","7","53","51","342","454","573","492","C2675334"
"34725","3240","2","5","7","34","52","216","395","549","674","C2675334"
"34726","4810","2","3","2","76","57","110","444","560","373","C2675334"
"34727","55172","2","5","7","27","36","150","341","223","628","C2675334"
"34728","8483","2","5","7","53","51","342","454","573","492","C2675334"
"34729","3861","2","1","6","11","142","225","142","220","298","C2675334"
"34730","1406","2","3","3","19","221","321","428","541","667","C2675334"
"34731","9719","2","5","7","53","51","342","454","573","492","C2675334"
"34732","462","2","5","7","53","51","342","454","573","492","C2675508"
"34733","675","2","3","12","19","31","261","116","1","86","C2675520"
"34734","2332","2","3","2","22","33","71","373","466","609","C2675520"
"34735","7249","2","3","7","60","57","110","141","359","462","C2675520"
"34736","360","2","3","5","80","81","166","397","374","486","C2675520"
"34737","51594","2","3","7","76","153","40","38","54","75","C2675520"
"34738","3207","2","3","3","19","221","321","428","541","667","C2675520"
"34739","50485","2","3","12","19","31","261","116","1","86","C2675520"
"34740","55112","2","3","12","76","153","40","38","54","75","C2675540"
"34741","6295","2","3","4","68","45","272","427","518","621","C2675540"
"34742","79738","2","3","12","76","153","76","38","54","75","C2675540"
"34743","22931","2","5","7","34","54","24","30","46","72","C2675624"
"34744","8200","2","5","7","53","51","342","259","423","389","C2675624"
"34745","23321","2","5","7","53","184","119","156","287","116","C2675627"
"34746","3757","2","5","8","63","36","166","106","110","158","C2675627"
"34747","617","2","3","2","48","170","50","304","167","593","C2675750"
"34748","3106","2","5","7","34","52","119","395","549","674","C2675750"
"34749","4488","2","3","3","19","221","321","428","541","667","C2675904"
"34750","1027","2","3","12","19","31","1","116","1","86","C2675920"
"34751","6208","2","3","2","110","85","237","433","547","671","C2675920"
"34752","4693","2","5","7","53","51","342","454","573","492","C2675920"
"34753","4141","2","3","2","110","85","237","433","547","154","C2675920"
"34754","1592","2","3","5","91","214","101","126","460","224","C2676026"
"34755","22931","2","5","7","34","54","24","30","46","72","C2676026"
"34756","794","2","5","8","27","36","150","341","223","593","C2676026"
"34757","3363","2","5","4","68","96","326","427","548","672","C2676026"
"34758","1392","2","5","4","68","96","326","427","548","672","C2676026"
"34759","51259","2","3","2","76","153","40","38","54","75","C2676026"
"34760","5238","2","3","2","80","141","221","111","385","501","C2676198"
"34761","3060","2","5","4","68","96","326","427","548","672","C2676198"
"34762","4952","2","3","5","60","54","184","30","544","669","C2676198"
"34763","5130","2","3","2","85","143","286","51","488","102","C2676243"
"34764","6708","2","5","7","60","14","20","25","40","186","C2676243"
"34765","4351","2","3","2","90","167","266","367","500","577","C2676243"
"34766","26137","2","5","7","63","45","184","103","572","658","C2676500"
"34767","7169","2","5","8","63","45","23","103","464","187","C2676500"
"34768","2263","2","5","7","53","14","20","25","40","186","C2676676"
"34769","5071","2","3","12","41","116","268","434","468","213","C2676676"
"34770","2260","2","5","7","53","14","20","25","40","186","C2676676"
"34771","189","2","3","5","43","161","305","409","208","482","C2676676"
"34772","9627","2","3","12","19","31","1","426","55","78","C2676676"
"34773","2395","2","3","2","48","170","50","304","167","593","C2676676"
"34774","10560","2","3","2","65","196","310","127","527","648","C2676676"
"34775","2200","2","5","7","53","51","342","454","573","492","C2676676"
"34776","4018","2","5","7","68","51","342","454","573","492","C2676676"
"34777","1954","2","5","7","53","51","342","454","573","492","C2676676"
"34778","4920","2","5","7","53","14","20","259","560","373","C2676676"
"34779","2201","2","5","7","53","51","342","454","573","492","C2676676"
"34780","54756","2","5","7","41","219","238","118","543","214","C2676832"
"34781","959","2","5","7","53","51","119","395","549","674","C2676832"
"34782","9469","2","3","2","103","189","303","29","475","467","C2676973"
"34783","2720","2","3","7","34","52","216","395","21","599","C2676973"
"34784","6010","2","5","4","68","96","326","427","548","672","C2676973"
"34785","23133","2","3","12","19","31","1","426","55","78","C2676973"
"34786","2263","2","5","7","53","14","20","25","40","186","C2676973"
"34787","2074","2","3","12","19","31","1","426","55","78","C2676974"
"34788","3753","2","5","8","63","36","166","341","223","158","C2676974"
"34789","4867","2","5","7","76","153","40","38","54","75","C2676974"
"34790","4204","2","3","12","19","31","1","426","55","78","C2676974"
"34791","26191","2","5","7","53","14","20","25","40","186","C2676974"
"34792","9361","2","3","2","48","170","50","119","444","556","C2676974"
"34793","1145","2","5","8","27","70","99","162","216","290","C2677002"
"34794","10262","2","3","2","22","33","323","66","101","136","C2677002"
"34795","5521","2","3","12","76","137","76","136","472","435","C2677180"
"34796","10468","2","5","7","53","51","342","259","423","389","C2677180"
"34797","25861","2","5","7","42","36","71","177","223","219","C2677328"
"34798","4000","2","3","12","26","105","178","226","297","156","C2677328"
"34799","6736","2","3","12","19","31","276","91","433","667","C2677328"
"34800","816","2","5","7","53","14","20","34","540","68","C2677328"
"34801","4514","2","3","2","48","57","110","141","359","5","C2677328"
"34802","50940","2","3","4","68","96","326","427","548","672","C2677328"
"34803","5832","2","3","2","101","62","189","182","509","252","C2677328"
"34804","1436","2","5","7","53","14","20","25","40","186","C2677328"
"34805","9411","2","5","7","60","54","24","30","46","72","C2677328"
"34806","5238","2","3","2","80","141","221","111","385","501","C2677328"
"34807","3930","2","3","2","22","33","323","66","3","464","C2677328"
"34808","70","2","5","8","63","45","23","103","464","187","C2677349"
"34809","254251","2","3","6","11","142","225","304","490","606","C2677349"
"34810","84464","2","3","12","19","31","261","116","1","86","C2677362"
"34811","9247","2","5","7","53","221","197","259","423","389","C2677362"
"34812","1293","2","5","7","53","51","342","454","573","492","C2677362"
"34813","5020","2","5","4","68","96","326","427","548","672","C2677378"
"34814","54209","2","5","7","53","51","119","395","549","674","C2677378"
"34815","6647","2","3","2","95","2","342","378","173","702","C2677378"
"34816","10483","2","3","7","60","54","24","30","46","72","C2677378"
"34817","6648","2","3","2","95","151","160","378","173","229","C2677378"
"34818","2260","2","5","7","53","14","20","25","40","186","C2677378"
"34819","4221","2","3","12","19","31","342","454","573","492","C2677378"
"34820","2261","2","5","7","53","14","20","25","40","186","C2677378"
"34821","5328","2","5","7","34","52","216","395","549","674","C2677378"
"34822","3767","2","5","8","63","36","166","106","110","158","C2677378"
"34823","3984","2","5","7","53","14","20","34","540","68","C2677378"
"34824","2068","2","3","12","19","31","261","116","159","211","C2677378"
"34825","54880","2","3","12","19","31","1","426","55","78","C2677378"
"34826","2313","2","3","12","19","31","276","91","433","118","C2677378"
"34827","7454","2","5","7","60","14","20","25","40","215","C2677378"
"34828","8813","2","3","2","48","116","142","136","280","363","C2677378"
"34829","215","2","3","5","47","144","185","238","310","392","C2677485"
"34830","5648","2","5","7","53","51","119","395","549","674","C2677485"
"34831","8842","2","5","5","53","82","147","184","179","328","C2677637"
"34832","23529","2","5","7","53","51","119","25","40","416","C2677637"
"34833","22931","2","5","7","34","54","24","30","46","72","C2677650"
"34834","7048","2","5","7","53","51","342","259","423","389","C2677650"
"34835","2332","2","3","2","22","33","71","373","466","609","C2677869"
"34836","54862","2","3","12","76","153","40","38","54","75","C2677869"
"34837","2796","2","5","4","68","96","326","427","548","672","C2677869"
"34838","5583","2","5","7","53","14","20","34","540","68","C2677869"
"34839","6223","2","3","2","110","85","237","433","547","671","C2677869"
"34840","669","2","3","5","90","167","266","441","106","616","C2677869"
"34841","1629","2","3","2","67","92","293","55","75","311","C2677869"
"34842","836","2","3","12","41","219","339","402","489","697","C2677869"
"34843","10804","2","3","12","76","153","40","38","54","75","C2677869"
"34844","26227","2","3","2","41","137","44","208","81","108","C2677869"
"34845","4221","2","3","12","19","31","342","454","573","492","C2677869"
"34846","8842","2","5","5","53","82","147","184","179","328","C2677869"
"34847","3766","2","5","8","63","36","166","106","110","158","C2677869"
"34848","4137","2","3","7","27","36","150","341","223","628","C2677869"
"34849","2896","2","5","7","34","52","216","395","549","674","C2677869"
"34850","7476","2","5","3","68","221","197","259","560","422","C2677869"
"34851","4983","2","5","7","60","54","24","30","46","72","C2677869"
"34852","23203","2","3","5","80","81","50","304","167","593","C2677869"
"34853","1376","2","3","2","19","151","276","91","433","118","C2677869"
"34854","8675","2","5","7","60","54","24","98","66","203","C2677869"
"34855","4728","2","3","2","48","170","50","119","444","556","C2677869"
"34856","51733","2","3","5","80","23","257","357","455","508","C2677869"
"34857","332","2","3","12","76","153","40","38","54","75","C2677869"
"34858","189","2","3","5","43","161","305","409","208","482","C2677869"
"34859","3239","2","3","3","19","221","321","428","541","667","C2677869"
"34860","335","2","5","7","53","51","342","454","573","492","C2677869"
"34861","51360","2","3","3","26","35","276","91","433","203","C2677869"
"34862","5444","2","3","5","80","147","236","328","411","229","C2677869"
"34863","840","2","3","12","41","219","339","156","568","697","C2677869"
"34864","238","2","5","7","53","14","20","25","40","186","C2677869"
"34865","1119","2","3","2","85","143","286","51","488","102","C2678048"
"34866","596","2","3","12","19","219","339","402","489","416","C2678065"
"34867","3857","2","1","6","11","142","225","142","220","298","C2678065"
"34868","6261","2","5","8","63","45","23","34","464","187","C2678065"
"34869","25","2","3","12","19","14","20","25","287","116","C2678065"
"34870","10804","2","3","12","76","153","40","38","54","75","C2678065"
"34871","4038","2","5","7","53","51","342","454","573","492","C2678065"
"34872","25939","2","3","12","53","184","119","156","287","116","C2678098"
"34873","5657","2","5","7","34","52","216","395","549","674","C2678098"
"34874","25814","2","3","2","48","170","110","119","444","462","C2678248"
"34875","4952","2","3","5","60","54","184","30","544","669","C2678248"
"34876","6197","2","3","12","19","14","20","34","540","68","C2678303"
"34877","3679","2","5","7","53","51","342","454","573","492","C2678303"
"34878","10413","2","3","12","19","36","143","177","236","321","C2678303"
"34879","4654","2","3","12","19","31","276","91","433","118","C2678303"
"34880","695","2","5","7","53","14","20","25","40","186","C2678303"
"34881","24","2","3","12","41","116","268","423","536","445","C2678397"
"34882","9382","2","5","7","60","153","40","38","66","203","C2678397"
"34883","9313","2","5","7","53","51","342","454","573","492","C2678480"
"34884","351","2","5","4","68","96","326","188","145","193","C2678480"
"34885","7040","2","5","7","53","51","342","454","573","492","C2678480"
"34886","2218","2","5","2","53","123","194","255","560","373","C2697932"
"34887","5617","2","5","12","19","31","1","426","55","78","C2697932"
"34888","51684","2","3","12","41","116","268","38","54","75","C2697932"
"34889","6949","2","3","2","110","85","237","164","390","311","C2697932"
"34890","3239","2","3","3","19","221","321","428","541","667","C2700265"
"34891","29110","2","3","12","41","219","339","156","568","697","C2700265"
"34892","4693","2","5","7","53","51","342","454","573","492","C2700265"
"34893","3308","2","3","12","41","219","339","347","271","356","C2700265"
"34894","1896","2","5","12","41","219","339","156","568","697","C2700406"
"34895","2110","2","3","2","48","170","50","119","444","556","C2700553"
"34896","4719","2","3","2","48","170","50","119","444","556","C2700553"
"34897","673","2","5","7","53","14","20","34","540","68","C2700553"
"34898","6535","2","5","8","45","94","199","240","415","666","C2700553"
"34899","6714","2","5","7","53","14","20","25","40","186","C2700553"
"34900","7351","2","3","2","20","29","98","123","166","221","C2700553"
"34901","389015","2","3","2","45","94","199","240","519","326","C2700553"
"34902","8626","2","3","3","19","221","321","428","541","667","C2700553"
"34903","2245","2","5","7","60","54","24","30","46","72","C2712334"
"34904","2073","2","3","12","19","31","261","116","1","86","C2712334"
"34905","4212","2","3","3","19","221","321","428","541","667","C2712334"
"34906","7353","2","3","12","41","219","339","156","568","605","C2712334"
"34907","3914","2","5","7","53","51","342","454","573","492","C2712334"
"34908","3984","2","5","7","53","14","20","34","540","68","C2712334"
"34909","2263","2","5","7","53","14","20","25","40","186","C2712334"
"34910","22930","2","5","7","60","54","24","30","46","72","C2712334"
"34911","8322","2","5","3","68","221","184","259","544","669","C2712907"
"34912","6514","2","5","7","90","216","337","448","565","562","C2712907"
"34913","2245","2","5","7","60","54","24","30","46","72","C2712907"
"34914","1244","2","3","12","41","116","268","423","536","445","C2717905"
"34915","6913","2","3","3","19","221","321","428","541","667","C2717905"
"34916","5444","2","3","5","80","147","236","328","411","229","C2717961"
"34917","189","2","3","5","43","161","305","409","208","482","C2717961"
"34918","29089","2","3","12","41","116","268","434","468","213","C2718128"
"34919","4625","2","3","8","63","45","23","103","464","187","C2718128"
"34920","5932","2","3","12","19","31","261","116","1","86","C2718128"
"34921","10371","2","5","7","53","51","342","79","560","373","C2718128"
"34922","2623","2","3","12","19","31","1","155","287","116","C2718128"
"34923","10560","2","3","2","65","196","310","127","527","648","C2718128"
"34924","3091","2","3","12","41","116","276","91","433","605","C2718128"
"34925","6606","2","3","2","22","33","323","66","101","136","C2745997"
"34926","7020","2","3","12","19","31","276","91","433","664","C2745997"
"34927","5173","2","5","4","68","96","326","427","548","672","C2745997"
"34928","10036","2","3","12","19","31","261","116","1","86","C2745997"
"34929","6774","2","3","12","53","14","276","25","489","416","C2745997"
"34930","701","2","3","12","76","153","40","38","54","75","C2745997"
"34931","6314","2","3","12","19","31","1","426","568","78","C2745997"
"34932","6736","2","3","12","19","31","276","91","433","667","C2745997"
"34933","81620","2","3","12","76","31","261","116","1","86","C2746066"
"34934","26608","2","3","2","22","170","50","119","463","153","C2746066"
"34935","348","2","5","7","53","51","342","454","573","492","C2746066"
"34936","6007","2","3","2","69","83","101","126","487","116","C2746066"
"34937","10847","2","3","12","19","31","1","426","55","78","C2746068"
"34938","6557","2","5","8","45","94","199","240","415","666","C2748518"
"34939","10320","2","5","7","19","119","143","214","236","389","C2748518"
"34940","6566","2","3","2","67","37","316","422","535","660","C2748531"
"34941","2317","2","5","7","63","45","23","103","287","664","C2748531"
"34942","4893","2","5","7","34","52","24","30","46","72","C2748571"
"34943","2776","2","5","4","68","96","326","427","548","672","C2748571"
"34944","5048","2","3","12","76","153","40","38","54","75","C2748610"
"34945","3952","2","5","3","53","151","276","91","433","118","C2748610"
"34946","1139","2","5","8","27","70","99","162","216","290","C2748652"
"34947","1729","2","5","7","34","52","216","395","549","674","C2748652"
"34948","6103","2","3","12","76","153","40","38","54","75","C2748652"
"34949","5521","2","3","12","76","137","76","136","472","435","C2748652"
"34950","861","2","3","12","19","31","1","426","55","78","C2748652"
"34951","54714","2","5","8","63","36","166","106","110","158","C2748652"
"34952","1280","2","5","7","53","51","342","454","573","492","C2748652"
"34953","8289","2","3","12","19","31","1","426","55","78","C2748895"
"34954","8924","2","3","12","41","116","268","434","468","213","C2748895"
"34955","4843","2","3","5","43","161","305","409","489","416","C2748910"
"34956","10060","2","3","8","41","45","23","423","464","445","C2748910"
"34957","9968","2","4","3","24","119","330","214","454","144","C2748910"
"34958","7291","2","3","12","19","151","276","91","489","416","C2748910"
"34959","51750","2","3","12","19","31","261","116","1","86","C2749369"
"34960","6303","2","3","2","67","118","160","261","188","423","C2749369"
"34961","30008","2","5","7","53","51","342","454","573","492","C2749369"
"34962","4340","2","5","7","53","51","119","341","223","628","C2749463"
"34963","2796","2","5","4","68","96","326","427","548","672","C2749463"
"34964","545","2","3","12","19","31","261","116","1","86","C2749463"
"34965","6866","2","5","4","68","96","326","427","548","672","C2749463"
"34966","1293","2","5","7","53","51","342","454","573","492","C2749463"
"34967","10743","2","3","3","19","151","276","91","433","118","C2749463"
"34968","286","2","5","7","60","153","40","38","54","203","C2749463"
"34969","6622","2","3","7","27","36","150","341","223","628","C2749463"
"34970","51082","2","3","2","19","31","1","426","55","78","C2749463"
"34971","2517","2","3","7","34","52","216","395","549","674","C2749463"
"34972","4683","2","3","12","19","31","261","116","1","86","C2749463"
"34973","55636","2","3","3","19","221","321","428","423","389","C2749463"
"34974","5727","2","3","12","68","221","197","259","560","422","C2749463"
"34975","3490","2","5","7","53","51","342","454","573","492","C2749463"
"34976","2668","2","5","7","53","14","20","25","40","186","C2749463"
"34977","7040","2","5","7","53","51","342","454","573","492","C2749463"
"34978","2296","2","3","3","19","221","321","428","541","667","C2749463"
"34979","1586","2","3","5","79","98","256","335","425","540","C2749463"
"34980","1380","2","5","7","53","51","119","395","549","674","C2749463"
"34981","4000","2","3","12","26","105","178","226","297","156","C2749463"
"34982","8891","2","3","2","110","85","237","433","547","671","C2749463"
"34983","185","2","5","4","68","96","326","427","548","672","C2749463"
"34984","672","2","3","12","19","31","261","116","1","86","C2749463"
"34985","2200","2","5","7","53","51","342","454","573","492","C2749463"
"34986","358","2","3","5","80","81","166","397","374","486","C2749463"
"34987","7015","2","3","12","19","31","1","426","55","78","C2749463"
"34988","5396","2","3","3","19","221","321","428","541","667","C2749463"
"34989","3763","2","5","8","63","36","166","106","110","158","C2749463"
"34990","5696","2","3","12","41","116","268","156","568","116","C2749463"
"34991","2538","2","3","5","90","216","333","438","561","689","C2749582"
"34992","2645","2","3","2","90","167","266","367","101","664","C2749582"
"34993","6926","2","5","7","53","51","335","259","560","373","C2749582"
"34994","1053","2","3","12","19","31","276","91","433","118","C2749582"
"34995","7249","2","3","7","60","57","110","141","359","462","C2749604"
"34996","673","2","5","7","53","14","20","34","540","68","C2749604"
"34997","2203","2","3","5","80","81","266","367","500","577","C2749604"
"34998","3295","2","3","5","43","161","305","409","208","482","C2749604"
"34999","5897","2","3","12","41","116","268","141","568","605","C2749604"
"35000","673","2","5","7","53","14","20","34","540","68","C2749625"
"35001","7432","2","5","4","68","96","326","427","548","672","C2749625"
"35002","410","2","3","7","34","52","216","395","549","674","C2749625"
"35003","728294","2","3","2","48","170","152","119","252","154","C2749675"
"35004","7249","2","3","7","60","57","110","141","359","462","C2749675"
"35005","348","2","5","7","53","51","342","454","573","492","C2749675"
"35006","2184","2","3","5","76","153","138","236","332","407","C2749675"
"35007","5979","2","5","7","53","14","20","25","40","186","C2749675"
"35008","9742","2","3","12","76","153","40","38","54","75","C2749675"
"35009","5447","2","3","5","91","214","271","372","471","586","C2749675"
"35010","5932","2","3","12","19","31","261","116","1","86","C2749675"
"35011","3918","2","5","7","53","51","342","454","573","492","C2749675"
"35012","9573","2","5","7","53","51","342","259","423","389","C2749675"
"35013","2006","2","5","7","53","51","342","454","573","492","C2749675"
"35014","2950","2","5","7","34","52","216","395","549","674","C2749675"
"35015","5257","2","3","7","34","45","23","103","464","187","C2749675"
"35016","6809","2","5","7","60","153","184","341","66","203","C2749675"
"35017","9935","2","3","12","19","31","1","426","55","78","C2749675"
"35018","25782","2","5","7","60","54","24","30","46","72","C2749675"
"35019","8314","2","3","12","41","31","1","426","55","78","C2749675"
"35020","6469","2","5","3","53","221","197","259","560","422","C2749675"
"35021","5728","2","3","5","80","81","339","156","568","605","C2749675"
"35022","8200","2","5","7","53","51","342","259","423","389","C2749688"
"35023","2316","2","5","7","53","51","342","454","573","702","C2749688"
"35024","6736","2","3","12","19","31","276","91","433","667","C2749688"
"35025","7040","2","5","7","53","51","342","454","573","492","C2749757"
"35026","23090","2","3","12","19","151","276","91","433","118","C2749757"
"35027","4629","2","5","8","63","45","23","103","464","187","C2749861"
"35028","547","2","3","7","76","153","40","38","54","75","C2749861"
"35029","1280","2","5","7","53","51","342","454","573","492","C2749861"
"35030","1284","2","5","7","53","51","342","454","573","492","C2749936"
"35031","3785","2","5","8","63","36","166","106","110","158","C2750088"
"35032","3887","2","1","6","11","142","225","142","220","298","C2750088"
"35033","4281","2","5","7","53","184","119","156","287","116","C2750088"
"35034","6341","2","3","2","48","170","50","119","444","556","C2750180"
"35035","2218","2","5","2","53","123","194","255","560","373","C2750180"
"35036","1180","2","5","8","63","45","23","34","464","187","C2750180"
"35037","6654","2","5","7","60","54","24","30","46","72","C2750180"
"35038","3930","2","3","2","22","33","323","66","3","464","C2750180"
"35039","567","2","5","7","34","52","119","395","549","674","C2750234"
"35040","4810","2","3","2","76","57","110","444","560","373","C2750325"
"35041","1292","2","5","7","53","51","342","454","573","492","C2750325"
"35042","4851","2","3","12","19","221","143","428","236","667","C2750604"
"35043","25793","2","3","12","41","116","268","434","468","213","C2750604"
"35044","79974","2","5","5","68","96","326","427","447","586","C2750604"
"35045","5130","2","3","2","85","143","286","51","488","102","C2750654"
"35046","667","2","5","7","53","51","342","454","573","492","C2750654"
"35047","1280","2","5","7","53","51","342","454","573","492","C2750787"
"35048","25782","2","5","7","60","54","24","30","46","72","C2750787"
"35049","1301","2","5","7","53","51","342","454","573","492","C2750915"
"35050","22880","2","3","2","115","151","340","451","569","698","C2750915"
"35051","7056","2","5","7","53","51","119","454","573","492","C2750915"
"35052","2895","2","5","4","68","36","71","427","223","219","C2751260"
"35053","27306","2","3","5","91","175","271","372","471","586","C2751260"
"35054","3383","2","5","7","53","51","119","454","287","116","C2751260"
"35055","4261","2","3","12","53","184","119","156","287","116","C2751260"
"35056","859","2","5","8","63","45","23","103","464","187","C2751582"
"35057","55624","2","3","2","78","123","194","255","215","412","C2751582"
"35058","6635","2","3","2","22","33","323","66","101","136","C2751582"
"35059","2916","2","5","4","68","96","326","427","548","672","C2751582"
"35060","8517","2","3","12","41","219","339","156","568","697","C2751582"
"35061","2317","2","5","7","63","45","23","103","287","664","C2751582"
"35062","3301","2","3","12","41","219","339","347","271","356","C2751582"
"35063","29851","2","5","7","53","14","20","25","40","186","C2751582"
"35064","2896","2","5","7","34","52","216","395","549","674","C2751582"
"35065","5897","2","3","12","41","116","268","141","568","605","C2751582"
"35066","4221","2","3","12","19","31","342","454","573","492","C2751582"
"35067","1300","2","5","7","53","51","342","454","573","492","C2751582"
"35068","23729","2","3","2","90","167","148","36","51","383","C2751582"
"35069","624","2","5","4","68","96","326","427","548","672","C2751582"
"35070","6303","2","3","2","67","118","160","261","188","423","C2751582"
"35071","857","2","5","7","53","45","23","57","83","422","C2751608"
"35072","8398","2","3","5","116","183","40","38","352","455","C2751608"
"35073","2120","2","3","12","19","31","193","306","148","624","C2751608"
"35074","2077","2","3","12","76","153","40","38","54","75","C2751608"
"35075","23322","2","3","12","76","153","40","38","54","75","C2751608"
"35076","23400","2","5","8","63","45","23","103","464","187","C2751608"
"35077","10293","2","3","12","41","116","268","434","468","213","C2751824"
"35078","8722","2","3","7","76","153","40","38","54","75","C2751824"
"35079","79659","2","3","12","76","153","40","38","54","75","C2751824"
"35080","1120","2","3","2","85","143","286","51","488","102","C2751898"
"35081","79443","2","3","2","48","57","110","141","359","462","C2751898"
"35082","5034","2","5","7","53","51","342","454","573","492","C2751938"
"35083","2254","2","5","7","53","14","20","25","40","186","C2751938"
"35084","54487","2","3","2","22","33","323","66","101","136","C2751938"
"35085","2588","2","3","7","34","52","216","395","549","674","C2830004"
"35086","51626","2","3","12","76","153","40","38","54","75","C2830004"
"35087","50943","2","3","12","19","31","1","426","129","131","C2830004"
"35088","2697","2","3","7","76","153","40","38","54","75","C2830004"
"35089","4653","2","5","7","34","51","342","454","573","492","C2830004"
"35090","5573","2","3","12","19","184","118","155","287","116","C2830004"
"35091","4481","2","5","7","53","51","342","454","573","492","C2830004"
"35092","4221","2","3","12","19","31","342","454","573","492","C2830004"
"35093","2548","2","3","7","34","52","216","395","549","674","C2830004"
"35094","5122","2","5","4","27","36","184","141","359","411","C2830004"
"35095","8260","2","3","12","41","85","266","76","287","78","C2830004"
"35096","421","2","5","7","42","51","335","444","560","373","C2830004"
"35097","1147","2","3","12","41","219","339","156","568","697","C2830004"
"35098","5781","2","5","7","53","14","20","25","40","186","C2830004"
"35099","6239","2","3","12","19","119","330","214","454","144","C2830004"
"35100","83706","2","5","7","53","51","342","454","573","702","C2919945"
"35101","427","2","3","7","34","52","216","395","549","420","C2919945"
"35102","324","2","3","12","41","219","197","70","255","422","C2919945"
"35103","10683","2","5","7","53","51","143","428","560","667","C2930812"
"35104","8792","2","3","12","41","219","339","156","568","697","C2930812"
"35105","6329","2","5","8","63","36","166","341","390","158","C2930812"
"35106","8200","2","5","7","53","51","342","259","423","389","C2930812"
"35107","26128","2","3","12","76","153","40","38","54","154","C2930812"
"35108","2110","2","3","2","48","170","50","119","444","556","C2930812"
"35109","10084","2","3","2","22","33","323","66","101","136","C2930812"
"35110","3736","2","5","8","63","36","166","106","110","158","C2930812"
"35111","3990","2","3","5","26","35","178","9","414","220","C2930812"
"35112","2703","2","3","12","76","153","40","38","54","75","C2930812"
"35113","5594","2","5","7","34","14","20","34","540","274","C2930812"
"35114","1497","2","5","2","63","182","50","103","297","628","C2930812"
"35115","23461","2","3","5","47","144","185","238","310","392","C2930812"
"35116","6239","2","3","12","19","119","330","214","454","144","C2930812"
"35117","3190","2","3","2","22","33","323","66","101","136","C2930812"
"35118","8085","2","3","12","19","31","1","426","55","78","C2930812"
"35119","7486","2","3","12","19","31","261","116","1","86","C2930812"
"35120","5894","2","5","7","60","54","23","34","464","187","C2930812"
"35121","5159","2","5","7","53","14","20","25","40","186","C2930812"
"35122","1145","2","5","8","27","70","99","162","216","290","C2930812"
"35123","5604","2","5","7","53","14","20","34","540","68","C2930812"
"35124","5993","2","3","12","19","31","1","426","55","78","C2930812"
"35125","540","2","5","8","63","45","23","103","464","187","C2930812"
"35126","547","2","3","7","76","153","40","38","54","75","C2930812"
"35127","5745","2","5","4","68","96","326","427","548","672","C2930821"
"35128","7516","2","3","12","19","31","261","116","1","86","C2930821"
"35129","6910","2","3","12","19","51","335","444","560","373","C2930821"
"35130","2627","2","3","12","19","31","118","155","287","116","C2930821"
"35131","5313","2","3","2","90","167","321","428","541","115","C2930821"
"35132","7422","2","5","7","53","51","342","454","573","702","C2930821"
"35133","6870","2","5","4","68","96","326","427","548","672","C2930865"
"35134","54941","2","3","12","41","116","268","434","468","213","C2930865"
"35135","5116","2","3","12","76","153","40","38","54","75","C2930865"
"35136","1277","2","5","7","53","51","342","454","573","492","C2930865"
"35137","4089","2","3","12","19","219","339","259","423","605","C2930865"
"35138","2022","2","5","7","53","51","342","259","423","389","C2930865"
"35139","6469","2","5","3","53","221","197","259","560","422","C2930865"
"35140","1184","2","5","8","63","45","23","34","464","187","C2930865"
"35141","7201","2","5","4","68","96","326","427","548","672","C2930878"
"35142","5048","2","3","12","76","153","40","38","54","75","C2930930"
"35143","2033","2","3","12","19","31","1","91","433","118","C2930930"
"35144","4914","2","3","2","22","18","266","202","252","252","C2931035"
"35145","4803","2","5","7","60","54","24","30","46","72","C2931035"
"35146","29119","2","5","7","11","51","335","444","560","373","C2931038"
"35147","51741","2","3","2","22","33","323","66","101","127","C2931038"
"35148","1583","2","3","5","79","152","273","375","100","589","C2931038"
"35149","9401","2","3","12","76","31","261","116","1","86","C2931038"
"35150","19","2","3","3","19","151","276","91","433","118","C2931038"
"35151","3717","2","5","7","53","14","20","25","40","186","C2931038"
"35152","54101","2","3","2","48","170","50","347","167","593","C2931038"
"35153","1832","2","5","7","34","52","225","142","220","298","C2931038"
"35154","5184","2","3","5","80","81","166","52","105","349","C2931059"
"35155","2074","2","3","12","19","31","1","426","55","78","C2931059"
"35156","7473","2","5","3","68","221","197","259","560","422","C2931082"
"35157","7040","2","5","7","53","51","342","454","573","492","C2931082"
"35158","54808","2","3","12","76","153","40","38","54","75","C2931092"
"35159","4125","2","3","7","34","52","216","395","549","674","C2931092"
"35160","1203","2","3","2","41","170","342","423","536","342","C2931092"
"35161","1586","2","3","5","79","98","256","335","425","540","C2931092"
"35162","2317","2","5","7","63","45","23","103","287","664","C2931092"
"35163","3075","2","5","7","53","51","119","395","549","674","C2931092"
"35164","54880","2","3","12","19","31","1","426","55","78","C2931092"
"35165","4322","2","5","7","53","51","342","454","573","492","C2931104"
"35166","7299","2","3","5","23","18","138","250","332","407","C2931104"
"35167","1643","2","3","12","41","116","268","434","468","213","C2931107"
"35168","5290","2","3","7","53","14","20","25","40","186","C2931107"
"35169","208","2","5","7","53","14","20","34","540","68","C2931107"
"35170","6812","2","5","7","27","36","150","341","223","628","C2931107"
"35171","847","2","3","7","34","52","216","395","549","674","C2931122"
"35172","8200","2","5","7","53","51","342","259","423","389","C2931122"
"35173","6926","2","5","7","53","51","335","259","560","373","C2931122"
"35174","3265","2","5","7","60","54","24","30","46","72","C2931132"
"35175","11284","2","3","12","19","31","261","116","1","86","C2931132"
"35176","3832","2","3","12","76","153","40","38","54","75","C2931189"
"35177","204","2","3","4","72","109","182","235","307","506","C2931189"
"35178","154064","2","5","5","27","51","335","444","560","373","C2931189"
"35179","1292","2","5","7","53","51","342","454","573","492","C2931189"
"35180","2296","2","3","3","19","221","321","428","541","667","C2931189"
"35181","11141","2","5","7","53","36","335","444","223","373","C2931189"
"35182","5351","2","5","7","53","51","342","454","573","492","C2931189"
"35183","715","2","5","7","53","51","119","395","549","674","C2931196"
"35184","4882","2","3","4","68","96","326","427","548","672","C2931196"
"35185","7518","2","3","12","19","31","261","116","1","86","C2931208"
"35186","4846","2","3","5","41","219","75","243","44","64","C2931208"
"35187","9915","2","3","3","27","151","276","91","433","118","C2931253"
"35188","10344","2","5","4","68","96","326","427","548","672","C2931253"
"35189","6608","2","3","3","68","221","321","428","560","667","C2931254"
"35190","3159","2","3","12","19","31","276","91","433","664","C2931254"
"35191","10262","2","3","2","22","33","323","66","101","136","C2931268"
"35192","2006","2","5","7","53","51","342","454","573","492","C2931268"
"35193","675","2","3","12","19","31","261","116","1","86","C2931277"
"35194","5696","2","3","12","41","116","268","156","568","116","C2931277"
"35195","6567","2","5","8","35","41","77","40","57","80","C2931277"
"35196","1848","2","3","5","42","81","296","399","201","274","C2931277"
"35197","3106","2","5","7","34","52","119","395","549","674","C2931290"
"35198","4361","2","3","12","19","31","261","116","1","86","C2931322"
"35199","3000","2","5","4","68","96","326","427","548","672","C2931322"
"35200","2969","2","3","12","19","31","276","91","433","118","C2931322"
"35201","64421","2","3","12","19","31","261","116","1","86","C2931322"
"35202","5244","2","3","3","41","151","276","91","433","118","C2931322"
"35203","5340","2","5","7","53","51","342","454","573","492","C2931322"
"35204","1305","2","5","7","53","51","342","454","573","492","C2931322"
"35205","25778","2","3","2","41","51","138","79","160","385","C2931322"
"35206","2562","2","5","8","27","70","99","162","216","290","C2931322"
"35207","2146","2","3","12","19","31","1","426","55","78","C2931337"
"35208","2697","2","3","7","76","153","40","38","54","75","C2931337"
"35209","2263","2","5","7","53","14","20","25","40","186","C2931337"
"35210","241","2","5","5","34","52","216","395","549","229","C2931367"
"35211","10262","2","3","2","22","33","323","66","101","136","C2931367"
"35212","4361","2","3","12","19","31","261","116","1","86","C2931367"
"35213","4644","2","5","7","60","54","184","141","359","411","C2931367"
"35214","4337","2","3","2","80","91","75","204","267","352","C2931367"
"35215","5728","2","3","5","80","81","339","156","568","605","C2931367"
"35216","8742","2","3","12","41","219","339","156","568","697","C2931367"
"35217","8988","2","3","8","63","45","160","103","464","187","C2931384"
"35218","929","2","5","7","34","52","216","395","549","674","C2931384"
"35219","492","2","3","8","63","45","23","103","464","187","C2931416"
"35220","10659","2","3","2","22","33","323","66","101","136","C2931416"
"35221","23400","2","5","8","63","45","23","103","464","187","C2931418"
"35222","9627","2","3","12","19","31","1","426","55","78","C2931418"
"35223","7039","2","3","12","19","31","1","426","55","203","C2931418"
"35224","3218","2","3","3","19","221","321","428","541","667","C2931418"
"35225","3565","2","5","7","53","51","119","25","489","416","C2931434"
"35226","3162","2","3","5","53","51","119","402","489","416","C2931434"
"35227","25978","2","3","2","48","57","110","141","359","462","C2931456"
"35228","11277","2","3","12","19","31","261","116","1","86","C2931456"
"35229","50506","2","3","2","36","48","89","110","400","341","C2931456"
"35230","2192","2","5","7","53","51","342","454","573","492","C2931456"
"35231","4763","2","5","7","60","54","24","30","46","214","C2931456"
"35232","6929","2","3","12","19","31","1","426","55","78","C2931456"
"35233","2995","2","5","7","53","51","119","454","573","492","C2931456"
"35234","5727","2","3","12","68","221","197","259","560","422","C2931456"
"35235","5781","2","5","7","53","14","20","25","40","186","C2931456"
"35236","5479","2","3","2","53","51","342","454","573","492","C2931456"
"35237","1893","2","5","7","53","51","342","454","573","702","C2931456"
"35238","3043","2","5","7","34","52","216","395","549","116","C2931456"
"35239","5091","2","3","2","35","40","130","166","57","435","C2931456"
"35240","9719","2","5","7","53","51","342","454","573","492","C2931459"
"35241","8481","2","3","12","76","153","40","38","54","75","C2931459"
"35242","1027","2","3","12","19","31","1","116","1","86","C2931482"
"35243","1585","2","3","5","79","159","256","351","100","589","C2931482"
"35244","9782","2","3","2","22","33","323","66","101","136","C2931574"
"35245","3239","2","3","3","19","221","321","428","541","667","C2931574"
"35246","1312","2","3","2","87","79","105","426","129","25","C2931673"
"35247","51259","2","3","2","76","153","40","38","54","75","C2931673"
"35248","2313","2","3","12","19","31","276","91","433","118","C2931673"
"35249","3178","2","3","2","22","33","323","66","101","136","C2931673"
"35250","4860","2","3","7","34","52","216","395","549","150","C2931673"
"35251","2581","2","3","5","80","81","250","291","152","420","C2931673"
"35252","2555","2","5","8","27","70","99","162","216","290","C2931673"
"35253","6338","2","5","8","63","45","23","34","464","187","C2931673"
"35254","23495","2","3","12","41","219","339","156","568","697","C2931673"
"35255","9871","2","3","7","60","153","40","38","54","203","C2931673"
"35256","4693","2","5","7","53","51","342","454","573","492","C2931713"
"35257","4487","2","3","3","19","221","321","428","541","667","C2931713"
"35258","6303","2","3","2","67","118","160","261","188","423","C2931735"
"35259","7415","2","3","7","34","52","216","395","536","445","C2931735"
"35260","6446","2","5","8","63","45","23","34","464","187","C2931735"
"35261","2950","2","5","7","34","52","216","395","549","674","C2931753"
"35262","2218","2","5","2","53","123","194","255","560","373","C2931753"
"35263","4313","2","5","7","53","51","342","454","573","492","C2931758"
"35264","54187","2","3","5","80","81","296","272","452","148","C2931758"
"35265","7276","2","5","7","34","52","216","395","549","674","C2931781"
"35266","5340","2","5","7","53","51","342","454","573","492","C2931781"
"35267","7403","2","3","12","19","31","1","426","55","78","C2931788"
"35268","30008","2","5","7","53","51","342","454","573","492","C2931788"
"35269","10194","2","5","7","53","221","321","259","423","389","C2931788"
"35270","139189","2","3","2","63","30","193","306","390","158","C2931788"
"35271","9652","2","3","2","110","85","237","433","547","671","C2931788"
"35272","1234","2","5","4","68","96","326","427","548","672","C2931788"
"35273","2720","2","3","7","34","52","216","395","21","599","C2931788"
"35274","9361","2","3","2","48","170","50","119","444","556","C2931788"
"35275","9394","2","3","2","74","58","112","148","193","263","C2931788"
"35276","3198","2","3","3","19","221","321","428","541","667","C2931803"
"35277","3728","2","5","7","34","52","225","142","220","298","C2931803"
"35278","8792","2","3","12","41","219","339","156","568","697","C2931803"
"35279","421","2","5","7","42","51","335","444","560","373","C2931817"
"35280","2915","2","5","4","68","96","326","427","548","672","C2931817"
"35281","2627","2","3","12","19","31","118","155","287","116","C2931817"
"35282","23534","2","3","2","22","33","323","66","101","136","C2931817"
"35283","1308","2","5","7","53","51","119","454","573","492","C2931822"
"35284","355","2","3","7","41","219","339","156","568","697","C2931822"
"35285","120227","2","3","5","91","214","101","126","460","224","C2931822"
"35286","8200","2","5","7","53","51","342","259","423","389","C2931822"
"35287","1282","2","5","7","53","51","342","454","573","492","C2931822"
"35288","1499","2","3","12","19","221","197","259","560","422","C2931822"
"35289","10516","2","5","7","53","51","342","454","573","492","C2931822"
"35290","5216","2","5","7","76","153","342","38","54","702","C2931822"
"35291","2332","2","3","2","22","33","71","373","466","609","C2931822"
"35292","2737","2","3","12","19","116","321","428","54","667","C2931822"
"35293","7187","2","3","12","41","219","339","156","568","697","C2931822"
"35294","5243","2","3","12","41","116","268","423","536","445","C2931822"
"35295","3988","2","3","5","98","174","277","379","476","42","C2931822"
"35296","5660","2","5","7","34","52","326","427","548","702","C2931822"
"35297","9343","2","3","2","22","33","323","66","101","136","C2931822"
"35298","3576","2","5","4","68","96","326","427","548","672","C2931822"
"35299","5727","2","3","12","68","221","197","259","560","422","C2931822"
"35300","26040","2","3","12","19","31","1","116","297","78","C2931845"
"35301","54187","2","3","5","80","81","296","272","452","148","C2931845"
"35302","9935","2","3","12","19","31","1","426","55","78","C2931852"
"35303","2643","2","3","5","87","91","75","204","267","352","C2931852"
"35304","4000","2","3","12","26","105","178","226","297","156","C2931860"
"35305","55636","2","3","3","19","221","321","428","423","389","C2931860"
"35306","9394","2","3","2","74","58","112","148","193","263","C2931875"
"35307","54982","2","3","2","48","170","50","399","167","593","C2931875"
"35308","84181","2","3","12","19","31","1","426","55","78","C2931875"
"35309","4853","2","3","12","19","124","143","428","236","667","C2931875"
"35310","151","2","5","4","68","96","326","427","548","672","C2931875"
"35311","11277","2","3","12","19","31","261","116","1","86","C2931875"
"35312","2741","2","5","8","27","70","99","162","216","290","C2931875"
"35313","5376","2","5","7","53","51","342","454","573","492","C2931884"
"35314","488","2","5","8","63","45","23","103","464","187","C2931884"
"35315","658","2","5","7","53","51","342","259","423","389","C2931884"
"35316","8924","2","3","12","41","116","268","434","468","213","C2931888"
"35317","9722","2","5","7","60","36","71","341","223","219","C2931888"
"35318","1027","2","3","12","19","31","1","116","1","86","C2932714"
"35319","1293","2","5","7","53","51","342","454","573","492","C2932714"
"35320","7454","2","5","7","60","14","20","25","40","215","C2932714"
"35321","9152","2","5","8","45","94","199","240","415","666","C2932714"
"35322","2296","2","3","3","19","221","321","428","541","667","C2932714"
"35323","5317","2","5","7","34","52","216","142","220","298","C2932715"
"35324","5362","2","5","7","53","51","342","79","560","373","C2932715"
"35325","5015","2","3","3","19","221","321","428","541","667","C2936346"
"35326","5173","2","5","4","68","96","326","427","548","672","C2936346"
"35327","11152","2","3","2","48","57","110","141","359","462","C2936346"
"35328","50484","2","3","5","80","109","182","235","307","506","C2936346"
"35329","5428","2","3","2","48","170","50","119","167","593","C2936346"
"35330","6718","2","3","2","46","136","227","168","225","490","C2936346"
"35331","9394","2","3","2","74","58","112","148","193","263","C2936346"
"35332","7015","2","3","12","19","31","1","426","55","78","C2936346"
"35333","4629","2","5","8","63","45","23","103","464","187","C2936346"
"35334","655","2","5","7","53","51","342","259","423","389","C2936346"
"35335","53834","2","5","7","53","51","342","454","573","492","C2936349"
"35336","6340","2","5","8","63","45","23","34","464","187","C2936349"
"35337","5243","2","3","12","41","116","268","423","536","445","C2936350"
"35338","55750","2","3","2","42","18","184","118","543","214","C2936350"
"35339","4644","2","5","7","60","54","184","141","359","411","C2936350"
"35340","23363","2","3","12","41","116","268","434","468","213","C2936380"
"35341","84634","2","5","4","68","96","326","427","548","672","C2936380"
"35342","9871","2","3","7","60","153","40","38","54","203","C2936380"
"35343","5728","2","3","5","80","81","339","156","568","605","C2936380"
"35344","6663","2","3","3","19","221","321","428","541","667","C2936380"
"35345","4921","2","5","7","53","14","20","25","573","186","C2936419"
"35346","4763","2","5","7","60","54","24","30","46","214","C2936419"
"35347","29893","2","3","12","19","31","1","426","55","78","C2936419"
"35348","170302","2","3","3","19","221","321","428","541","667","C2936476"
"35349","9588","2","3","7","34","52","216","395","173","229","C2936476"
"35350","1487","2","3","12","19","31","1","426","55","340","C2936694"
"35351","8915","2","3","12","41","219","339","156","568","697","C2936694"
"35352","1340","2","3","2","48","170","50","141","359","462","C2936694"
"35353","2626","2","3","12","19","31","118","155","287","116","C2936694"
"35354","846","2","5","4","68","96","326","427","548","672","C2936694"
"35355","3852","2","1","6","11","142","225","142","220","298","C2936694"
"35356","10269","2","3","2","48","182","50","119","444","556","C2936694"
"35357","3998","2","3","7","60","153","40","202","66","203","C2936694"
"35358","4256","2","5","7","53","51","342","454","573","492","C2936786"
"35359","3265","2","5","7","60","54","24","30","46","72","C2936786"
"35360","29089","2","3","12","41","116","268","434","468","213","C2936786"
"35361","1028","2","3","12","19","31","1","116","1","86","C2936786"
"35362","2303","2","5","3","19","221","321","428","541","667","C2936786"
"35363","22930","2","5","7","60","54","24","30","46","72","C2936791"
"35364","4988","2","5","4","68","96","326","427","548","672","C2936791"
"35365","9150","2","3","12","19","31","261","116","159","211","C2936862"
"35366","5071","2","3","12","41","116","268","434","468","213","C2936862"
"35367","348","2","5","7","53","51","342","454","573","492","C2936862"
"35368","3458","2","5","7","53","184","119","156","287","116","C2936907"
"35369","7297","2","5","7","53","184","119","25","40","186","C2936907"
"35370","9927","2","3","12","19","31","118","155","287","116","C2936907"
"35371","4621","2","5","8","63","45","23","103","464","187","C2936907"
"35372","2562","2","5","8","27","70","99","162","216","290","C2936907"
"35373","2263","2","5","7","53","14","20","25","40","186","C2936907"
"35374","841","2","3","12","41","219","339","156","568","697","C2936907"
"35375","867","2","5","7","53","14","184","25","40","669","C2936907"
"35376","1548","2","3","5","91","214","226","326","447","586","C2936907"
"35377","7173","2","3","5","36","48","89","110","400","400","C2936907"
"35378","3257","2","5","7","60","54","24","30","46","72","C2936907"
"35379","10269","2","3","2","48","182","50","119","444","556","C2936907"
"35380","3043","2","5","7","34","52","216","395","549","116","C2936907"
"35381","5961","2","5","7","27","51","326","126","414","702","C2936907"
"35382","10743","2","3","3","19","151","276","91","433","118","C2936907"
"35383","9215","2","5","2","27","36","150","430","215","628","C2936907"
"35384","4436","2","3","12","19","31","261","116","1","86","C2936907"
"35385","8076","2","5","7","53","51","342","454","573","492","C2936907"
"35386","91147","2","3","12","76","153","40","38","54","75","C2936907"
"35387","6253","2","5","4","27","36","326","402","489","187","C2936907"
"35388","4948","2","5","8","63","45","23","250","464","187","C2936907"
"35389","8659","2","3","2","67","103","177","225","295","378","C2936907"
"35390","6658","2","3","12","19","221","321","428","541","667","C2936907"
"35391","1277","2","5","7","53","51","342","454","573","492","C2936907"
"35392","183","2","5","4","68","96","326","427","548","672","C2936913"
"35393","5506","2","3","12","76","137","76","136","82","658","C2936913"
"35394","58","2","5","8","63","45","23","103","464","187","C2937220"
"35395","8878","2","3","12","41","219","339","156","568","697","C2937220"
"35396","3651","2","3","3","19","221","321","428","541","667","C2937220"
"35397","11005","2","1","6","11","142","225","142","220","298","C2937228"
"35398","54361","2","5","3","68","221","197","259","560","422","C2937228"
"35399","26277","2","3","12","19","31","1","426","1","78","C2937228"
"35400","7043","2","5","7","53","51","342","454","573","492","C2937228"
"35401","4137","2","3","7","27","36","150","341","223","628","C2937228"
"35402","2483","2","3","2","22","33","323","66","101","136","C2937365"
"35403","55636","2","3","3","19","221","321","428","423","389","C2937365"
"35404","2521","2","3","2","22","33","323","66","101","136","C2937365"
"35405","23247","2","3","12","76","153","71","34","540","68","C2937365"
"35406","7469","2","3","12","19","31","261","116","159","211","C2937365"
"35407","1184","2","5","8","63","45","23","34","464","187","C2937365"
"35408","1763","2","3","12","19","31","261","116","1","86","C2937365"
"35409","54790","2","3","12","19","31","1","426","55","78","C2937365"
"35410","6648","2","3","2","95","151","160","378","173","229","C2937365"
"35411","3115","2","5","7","53","184","119","156","287","116","C2937365"
"35412","2736","2","3","12","41","116","321","428","54","667","C2937365"
"35413","1299","2","5","7","53","51","342","454","573","492","C2937365"
"35414","9289","2","5","4","68","96","326","427","548","672","C2937365"
"35415","2066","2","5","7","53","14","20","25","40","186","C2937365"
"35416","2629","2","3","5","80","81","250","291","152","420","C2937365"
"35417","71","2","5","7","60","14","184","103","544","669","C2937421"
"35418","1956","2","5","7","53","14","184","45","544","669","C2937421"
"35419","147912","2","3","6","22","142","225","366","362","468","C2937421"
"35420","673","2","5","7","53","14","20","34","540","68","C2937421"
"35421","55315","2","3","5","80","81","296","62","94","150","C2939175"
"35422","1727","2","3","7","34","52","216","395","549","197","C2939175"
"35423","57716","2","5","7","11","36","71","341","223","219","C2939186"
"35424","6323","2","5","8","63","36","166","341","390","158","C2939186"
"35425","5071","2","3","12","41","116","268","434","468","213","C2939186"
"35426","26873","2","3","5","83","171","97","237","77","391","C2940786"
"35427","5091","2","3","2","35","40","130","166","57","435","C2940786"
"35428","79694","2","5","5","80","81","150","162","269","354","C2940786"
"35429","1373","2","3","8","84","97","167","210","271","536","C2981140"
"35430","1436","2","5","7","53","14","20","25","40","186","C2981140"
"35431","1300","2","5","7","53","51","342","454","573","492","C2985290"
"35432","5468","2","3","3","19","151","276","91","433","118","C2985290"
"35433","5518","2","3","12","76","153","40","38","54","435","C2985290"
"35434","23169","2","3","2","78","205","112","430","429","544","C2985290"
"35435","9321","2","3","12","76","153","40","38","54","203","C2985290"
"35436","4210","2","3","12","41","219","339","156","568","697","C2985290"
"35437","54903","2","3","12","76","153","40","38","54","75","C2985290"
"35438","6609","2","3","5","105","155","250","291","152","420","C2985290"
"35439","3239","2","3","3","19","221","321","428","541","667","C2985290"
"35440","2737","2","3","12","19","116","321","428","54","667","C2985290"
"35441","1184","2","5","8","63","45","23","34","464","187","C2985290"
"35442","790","2","3","12","41","219","339","347","206","627","C2985290"
"35443","2556","2","5","8","27","70","99","162","216","290","C2985290"
"35444","5155","2","5","7","53","51","342","454","573","186","C3149083"
"35445","11222","2","3","2","48","182","67","76","463","153","C3149083"
"35446","2778","2","5","4","68","96","326","427","548","672","C3149462"
"35447","6929","2","3","12","19","31","1","426","55","78","C3149462"
"35448","5071","2","3","12","41","116","268","434","468","213","C3149750"
"35449","183","2","5","4","68","96","326","427","548","672","C3149750"
"35450","10060","2","3","8","41","45","23","423","464","445","C3150077"
"35451","8220","2","3","2","22","33","323","66","101","136","C3150077"
"35452","3558","2","5","7","53","14","20","25","40","186","C3150077"
"35453","3257","2","5","7","60","54","24","30","46","72","C3150077"
"35454","3383","2","5","7","53","51","119","454","287","116","C3150077"
"35455","781","2","5","8","63","36","166","341","223","158","C3150077"
"35456","3265","2","5","7","60","54","24","30","46","72","C3150077"
"35457","3559","2","5","7","53","14","20","25","40","186","C3150077"
"35458","50846","2","3","3","68","221","197","259","560","422","C3150077"
"35459","5243","2","3","12","41","116","268","423","536","445","C3150077"
"35460","3075","2","5","7","53","51","119","395","549","674","C3150077"
"35461","1535","2","5","7","34","52","216","395","549","674","C3150077"
"35462","9150","2","3","12","19","31","261","116","159","211","C3150077"
"35463","7855","2","5","3","68","221","197","259","560","422","C3150086"
"35464","2304","2","3","12","19","221","321","428","541","667","C3150086"
"35465","3070","2","3","12","76","31","1","426","55","78","C3150086"
"35466","28982","2","3","5","25","44","165","101","274","358","C3150267"
"35467","6218","2","3","2","110","85","237","433","547","671","C3150267"
"35468","2317","2","5","7","63","45","23","103","287","664","C3150267"
"35469","4327","2","5","7","53","51","342","454","573","492","C3150267"
"35470","10653","2","5","7","68","51","114","162","321","475","C3150267"
"35471","51626","2","3","12","76","153","40","38","54","75","C3150267"
"35472","7454","2","5","7","60","14","20","25","40","215","C3150267"
"35473","26281","2","5","7","53","14","20","25","40","186","C3150267"
"35474","8622","2","3","4","68","96","326","427","548","672","C3150281"
"35475","284654","2","3","3","68","221","197","259","499","422","C3150281"
"35476","5080","2","3","3","19","221","321","428","541","667","C3150281"
"35477","1302","2","5","7","53","51","342","454","573","492","C3150281"
"35478","7040","2","5","7","53","51","342","454","573","492","C3150281"
"35479","6662","2","3","3","19","221","321","428","541","667","C3150281"
"35480","4000","2","3","12","26","105","178","226","297","156","C3150281"
"35481","1728","2","3","2","41","116","268","434","568","605","C3150281"
"35482","10000","2","5","7","53","14","20","34","540","68","C3150281"
"35483","1280","2","5","7","53","51","342","454","573","492","C3150281"
"35484","2109","2","3","2","48","170","50","119","444","556","C3150281"
"35485","6557","2","5","8","45","94","199","240","415","666","C3150281"
"35486","8200","2","5","7","53","51","342","259","423","389","C3150281"
"35487","95","2","3","5","80","81","166","400","503","625","C3150281"
"35488","1399","2","5","7","53","14","20","25","40","186","C3150281"
"35489","6557","2","5","8","45","94","199","240","415","666","C3150281"
"35490","6833","2","5","8","45","36","166","240","415","666","C3150358"
"35491","9184","2","3","12","76","153","40","38","54","75","C3150358"
"35492","3605","2","5","7","53","51","119","25","489","416","C3150415"
"35493","8626","2","3","3","19","221","321","428","541","667","C3150415"
"35494","1387","2","3","12","19","31","276","91","433","118","C3150415"
"35495","4318","2","5","7","34","52","216","395","573","492","C3150415"
"35496","10019","2","5","7","53","14","20","25","40","116","C3150415"
"35497","8893","2","3","2","110","85","237","433","547","671","C3150415"
"35498","183","2","5","4","68","96","326","427","548","672","C3150415"
"35499","2779","2","5","4","68","96","326","427","548","672","C3150416"
"35500","1186","2","5","8","63","45","23","34","464","187","C3150416"
"35501","3105","2","5","7","53","51","119","156","287","116","C3150416"
"35502","4514","2","3","2","48","57","110","141","359","5","C3150416"
"35503","23347","2","3","12","41","116","268","434","468","213","C3150416"
"35504","2317","2","5","7","63","45","23","103","287","664","C3150416"
"35505","2099","2","3","12","19","151","276","91","433","118","C3150416"
"35506","5897","2","3","12","41","116","268","141","568","605","C3150607"
"35507","4358","2","3","5","43","161","305","409","208","482","C3150607"
"35508","5788","2","5","7","34","52","216","395","549","674","C3150613"
"35509","5897","2","3","12","41","116","268","141","568","605","C3150613"
"35510","26608","2","3","2","22","170","50","119","463","153","C3150613"
"35511","1277","2","5","7","53","51","342","454","573","492","C3150613"
"35512","5149","2","3","5","68","38","16","477","596","725","C3150613"
"35513","9569","2","3","12","19","31","276","91","433","118","C3150620"
"35514","6911","2","5","6","19","142","335","259","560","373","C3150620"
"35515","121278","2","3","5","80","81","166","307","258","345","C3150659"
"35516","2006","2","5","7","53","51","342","454","573","492","C3150659"
"35517","8772","2","3","12","41","219","339","156","568","697","C3150659"
"35518","6261","2","5","8","63","45","23","34","464","187","C3150659"
"35519","54345","2","5","3","19","221","321","428","541","667","C3150659"
"35520","10049","2","3","12","22","219","339","347","271","356","C3150659"
"35521","7084","2","3","2","72","109","115","62","268","353","C3150659"
"35522","5290","2","3","7","53","14","20","25","40","186","C3150659"
"35523","3643","2","5","7","53","14","20","25","40","186","C3150792"
"35524","23410","2","3","2","48","151","276","91","433","118","C3150792"
"35525","9131","2","3","12","41","219","339","347","271","356","C3150902"
"35526","29899","2","5","4","68","96","326","427","548","672","C3150902"
"35527","1584","2","3","5","79","159","256","276","353","456","C3150914"
"35528","22954","2","3","12","41","116","268","434","468","213","C3150914"
"35529","5781","2","5","7","53","14","20","25","40","186","C3150914"
"35530","10491","2","5","7","53","51","342","454","573","492","C3150939"
"35531","183","2","5","4","68","96","326","427","548","672","C3150968"
"35532","6496","2","3","3","19","221","321","428","541","667","C3150968"
"35533","2563","2","5","8","27","70","99","162","216","290","C3151082"
"35534","7225","2","5","8","63","45","193","306","390","158","C3151082"
"35535","4952","2","3","5","60","54","184","30","544","669","C3151111"
"35536","1299","2","5","7","53","51","342","454","573","492","C3151111"
"35537","54361","2","5","3","68","221","197","259","560","422","C3151380"
"35538","9409","2","3","5","43","161","305","409","208","482","C3151380"
"35539","6792","2","5","7","53","14","20","34","540","68","C3151513"
"35540","2261","2","5","7","53","14","20","25","40","186","C3151513"
"35541","5290","2","3","7","53","14","20","25","40","186","C3151513"
"35542","3481","2","5","7","53","51","342","454","573","492","C3151513"
"35543","5447","2","3","5","91","214","271","372","471","586","C3151513"
"35544","9051","2","5","7","60","14","20","25","40","215","C3151520"
"35545","6101","2","5","7","60","116","268","434","468","215","C3151520"
"35546","4625","2","3","8","63","45","23","103","464","187","C3151520"
"35547","2697","2","3","7","76","153","40","38","54","75","C3151520"
"35548","51684","2","3","12","41","116","268","38","54","75","C3151520"
"35549","51684","2","3","12","41","116","268","38","54","75","C3151520"
"35550","8985","2","5","7","53","51","342","454","573","492","C3151520"
"35551","2131","2","3","2","74","58","112","148","181","416","C3151520"
"35552","336","2","5","7","53","51","342","454","573","492","C3151520"
"35553","11200","2","3","12","19","31","261","116","1","86","C3151520"
"35554","2260","2","5","7","53","14","20","25","40","186","C3151520"
"35555","10512","2","5","3","53","51","342","79","560","373","C3151523"
"35556","1289","2","5","7","53","51","342","454","573","492","C3151523"
"35557","1583","2","3","5","79","152","273","375","100","589","C3151523"
"35558","5077","2","3","3","19","221","321","428","541","667","C3151525"
"35559","5351","2","5","7","53","51","342","454","573","492","C3151525"
"35560","4990","2","3","3","19","221","321","428","541","667","C3151525"
"35561","7353","2","3","12","41","219","339","156","568","605","C3151617"
"35562","4322","2","5","7","53","51","342","454","573","492","C3151617"
"35563","176","2","5","7","53","51","342","454","573","492","C3151897"
"35564","22948","2","3","12","76","137","76","136","472","435","C3151897"
"35565","843","2","3","12","41","219","339","156","568","697","C3151897"
"35566","2073","2","3","12","19","31","261","116","1","86","C3151898"
"35567","7337","2","3","12","41","116","268","434","468","213","C3152055"
"35568","5144","2","3","4","68","96","326","427","548","672","C3152055"
"35569","5468","2","3","3","19","151","276","91","433","118","C3152144"
"35570","6341","2","3","2","48","170","50","119","444","556","C3152144"
"35571","4803","2","5","7","60","54","24","30","46","72","C3152144"
"35572","2629","2","3","5","80","81","250","291","152","420","C3152144"
"35573","1312","2","3","2","87","79","105","426","129","25","C3152144"
"35574","5921","2","5","7","60","14","24","25","40","215","C3152144"
"35575","9241","2","5","7","53","51","342","259","423","389","C3152144"
"35576","8822","2","5","7","53","14","20","25","40","186","C3152144"
"35577","3845","2","5","7","60","54","24","30","46","72","C3152182"
"35578","7846","2","3","12","76","153","40","38","54","75","C3152182"
"35579","7422","2","5","7","53","51","342","454","573","702","C3152182"
"35580","3295","2","3","5","43","161","305","409","208","482","C3152182"
"35581","4638","2","5","7","53","45","23","103","464","187","C3152231"
"35582","3305","2","3","12","41","219","339","347","271","356","C3152231"
"35583","6926","2","5","7","53","51","335","259","560","373","C3160718"
"35584","23096","2","5","7","60","54","24","30","46","72","C3160718"
"35585","2208","2","5","7","53","51","119","25","489","416","C3160718"
"35586","3040","2","5","5","53","51","342","40","78","178","C3160718"
"35587","1490","2","5","7","53","51","342","454","573","492","C3160718"
"35588","5346","2","3","3","19","151","276","91","433","118","C3160718"
"35589","6535","2","5","8","45","94","199","240","415","666","C3160718"
"35590","538","2","3","8","63","45","23","103","464","187","C3160718"
"35591","5645","2","5","7","34","52","216","395","549","674","C3160718"
"35592","5479","2","3","2","53","51","342","454","573","492","C3160718"
"35593","7518","2","3","12","19","31","261","116","1","86","C3160718"
"35594","3551","2","3","12","41","219","339","156","568","697","C3160814"
"35595","1728","2","3","2","41","116","268","434","568","605","C3160814"
"35596","10280","2","3","2","110","85","52","57","86","119","C3160814"
"35597","10049","2","3","12","22","219","339","347","271","356","C3160814"
"35598","859","2","5","8","63","45","23","103","464","187","C3160814"
"35599","6584","2","3","8","45","94","199","240","415","666","C3160814"
"35600","2705","2","3","12","76","153","40","38","54","75","C3161174"
"35601","7450","2","5","7","53","51","342","454","573","492","C3161174"
"35602","5167","2","3","5","32","93","163","207","303","126","C3161174"
"35603","5192","2","3","5","43","161","305","409","208","482","C3161330"
"35604","5832","2","3","2","101","62","189","182","509","252","C3161330"
"35605","9215","2","5","2","27","36","150","430","215","628","C3161330"
"35606","2261","2","5","7","53","14","20","25","40","186","C3161330"
"35607","1786","2","3","12","19","31","1","426","55","78","C3161330"
"35608","25836","2","3","12","76","153","40","38","54","75","C3161330"
"35609","7051","2","1","6","11","142","225","142","220","298","C3161330"
"35610","55135","2","3","12","76","137","76","136","472","435","C3161330"
"35611","1280","2","5","7","53","51","342","454","573","492","C3161330"
"35612","712","2","5","7","53","51","119","395","549","674","C3161330"
"35613","6885","2","3","12","41","219","339","156","568","697","C3161330"
"35614","3440","2","3","12","19","184","118","155","287","116","C3161330"
"35615","1761","2","3","3","19","221","321","428","541","667","C3161330"
"35616","6391","2","3","2","48","170","50","119","444","556","C3161330"
"35617","6654","2","5","7","60","54","24","30","46","72","C3161330"
"35618","641","2","3","12","19","31","261","116","1","86","C3161330"
"35619","10682","2","5","4","68","96","326","48","69","204","C3161330"
"35620","79054","2","5","8","63","45","193","306","390","158","C3161330"
"35621","3891","2","1","6","11","142","225","142","220","298","C3161330"
"35622","10999","2","3","8","45","94","298","401","506","626","C3161330"
"35623","30008","2","5","7","53","51","342","454","573","492","C3161330"
"35624","2736","2","3","12","41","116","321","428","54","667","C3161330"
"35625","2984","2","3","4","68","96","326","427","548","672","C3161330"
"35626","10564","2","5","7","60","54","24","30","46","72","C3161330"
"35627","4998","2","3","12","76","31","261","116","1","86","C3161330"
"35628","1586","2","3","5","79","98","256","335","425","540","C3161330"
"35629","1285","2","5","7","53","51","342","454","573","492","C3161330"
"35630","55703","2","3","2","22","33","261","116","159","211","C3161330"
"35631","10800","2","5","4","68","96","326","427","548","672","C3161330"
"35632","4633","2","5","8","63","45","23","103","464","187","C3161330"
"35633","4352","2","5","7","53","14","20","25","40","186","C3161330"
"35634","6389","2","3","2","48","170","50","119","444","556","C3163798"
"35635","26276","2","3","7","60","81","184","341","66","203","C3163798"
"35636","55630","2","3","5","27","81","99","162","216","290","C3163798"
"35637","26012","2","3","12","19","31","261","116","159","211","C3163798"
"35638","6261","2","5","8","63","45","23","34","464","187","C3163798"
"35639","79722","2","3","12","76","153","40","38","54","75","C3163798"
"35640","3630","2","5","7","53","14","20","25","40","186","C3163798"
"35641","8243","2","3","12","76","31","40","38","54","75","C3163798"
"35642","6870","2","5","4","68","96","326","427","548","672","C3163798"
"35643","5604","2","5","7","53","14","20","34","540","68","C3163798"
"35644","4907","2","3","5","80","81","296","62","94","150","C3163798"
"35645","23451","2","3","2","22","33","323","66","101","136","C3163798"
"35646","55636","2","3","3","19","221","321","428","423","389","C3163801"
"35647","1836","2","3","2","35","41","94","260","330","375","C3163801"
"35648","2778","2","5","4","68","96","326","427","548","672","C3163801"
"35649","5604","2","5","7","53","14","20","34","540","68","C3163801"
"35650","2261","2","5","7","53","14","20","25","40","186","C3163801"
"35651","8625","2","3","12","19","31","276","91","236","118","C3163801"
"35652","6845","2","5","7","60","14","184","341","544","669","C3163801"
"35653","25974","2","3","7","48","51","105","139","186","245","C3163801"
"35654","29123","2","3","12","19","151","276","91","433","118","C3163801"
"35655","25915","2","3","2","48","170","50","119","444","556","C3164374"
"35656","1282","2","5","7","53","51","342","454","573","492","C3164374"
"35657","875","2","3","5","80","137","44","21","451","316","C3164374"
"35658","5075","2","3","3","19","221","321","428","541","667","C3164374"
"35659","10466","2","5","7","60","153","40","38","66","203","C3164374"
"35660","2316","2","5","7","53","51","342","454","573","702","C3164374"
"35661","3952","2","5","3","53","151","276","91","433","118","C3164374"
"35662","4843","2","3","5","43","161","305","409","489","416","C3164374"
"35663","7841","2","3","2","41","116","178","423","536","445","C3164374"
"35664","5192","2","3","5","43","161","305","409","208","482","C3164374"
"35665","103","2","3","2","110","184","119","156","287","116","C3164374"
"35666","10585","2","5","2","27","206","324","430","215","290","C3164374"
"35667","55505","2","3","2","110","85","237","433","547","671","C3164374"
"35668","5189","2","3","5","43","161","305","409","208","482","C3164374"
"35669","3651","2","3","3","19","221","321","428","541","667","C3164374"
"35670","2879","2","3","5","80","81","166","378","173","229","C3164374"
"35671","2260","2","5","7","53","14","20","25","40","186","C3164374"
"35672","27031","2","3","6","11","142","225","38","331","506","C3164374"
"35673","5444","2","3","5","80","147","236","328","411","229","C3164374"
"35674","2697","2","3","7","76","153","40","38","54","75","C3164374"
"35675","4593","2","5","7","53","14","20","454","573","492","C3164374"
"35676","5896","2","3","12","41","116","268","434","568","605","C3164374"
"35677","2159","2","5","7","68","51","119","454","549","674","C3164374"
"35678","2706","2","3","12","76","153","40","38","54","75","C3164445"
"35679","9095","2","5","7","53","51","335","444","560","373","C3164445"
"35680","11141","2","5","7","53","36","335","444","223","373","C3164445"
"35681","4864","2","3","5","48","152","184","341","544","669","C3164445"
"35682","8694","2","5","7","34","52","216","395","549","674","C3164445"
"35683","2896","2","5","7","34","52","216","395","549","674","C3164445"
"35684","5648","2","5","7","53","51","119","395","549","674","C3164445"
"35685","4864","2","3","5","48","152","184","341","544","669","C3164445"
"35686","3930","2","3","2","22","33","323","66","3","464","C3164445"
"35687","3032","2","3","2","48","57","38","347","12","145","C3178803"
"35688","7439","2","5","8","63","45","23","34","464","187","C3178803"
"35689","4914","2","3","2","22","18","266","202","252","252","C3178805"
"35690","5290","2","3","7","53","14","20","25","40","186","C3178805"
"35691","5506","2","3","12","76","137","76","136","82","658","C3178805"
"35692","2737","2","3","12","19","116","321","428","54","667","C3178805"
"35693","11231","2","3","2","110","105","178","226","297","380","C3179508"
"35694","27445","2","5","7","60","36","71","341","223","624","C3179508"
"35695","5339","2","5","7","53","51","342","454","573","492","C3179508"
"35696","864","2","3","12","19","31","276","91","236","605","C3179508"
"35697","8626","2","3","3","19","221","321","428","541","667","C3179508"
"35698","7456","2","5","7","60","14","20","25","40","215","C3179508"
"35699","6662","2","3","3","19","221","321","428","541","667","C3179508"
"35700","1184","2","5","8","63","45","23","34","464","187","C3179508"
"35701","7466","2","5","7","53","51","342","454","573","492","C3179508"
"35702","7124","2","3","12","41","219","339","156","568","697","C3203358"
"35703","6121","2","3","2","69","83","101","126","170","224","C3203358"
"35704","55036","2","3","12","76","153","40","38","54","75","C3203358"
"35705","9321","2","3","12","76","153","40","38","54","203","C3203358"
"35706","9987","2","3","2","22","33","323","66","101","136","C3203358"
"35707","6567","2","5","8","35","41","77","40","57","80","C3203358"
"35708","54345","2","5","3","19","221","321","428","541","667","C3203358"
"35709","7305","2","5","7","34","52","216","395","549","674","C3203358"
"35710","54790","2","3","12","19","31","1","426","55","78","C3203358"
"35711","6654","2","5","7","60","54","24","30","46","72","C3266101"
"35712","6611","2","3","2","58","55","25","46","329","198","C3266101"
"35713","23384","2","3","12","63","45","184","103","572","658","C3266101"
"35714","4914","2","3","2","22","18","266","202","252","252","C3266101"
"35715","6772","2","3","12","53","184","119","156","287","116","C3266101"
"35716","1499","2","3","12","19","221","197","259","560","422","C3266101"
"35717","2908","2","3","12","19","151","276","91","433","118","C3266101"
"35718","10806","2","3","12","76","153","40","38","54","75","C3266101"
"35719","8100","2","3","12","76","153","40","38","54","75","C3266101"
"35720","3758","2","5","8","63","36","166","106","110","158","C3275417"
"35721","4306","2","3","3","19","151","276","91","433","118","C3275417"
"35722","55650","2","3","2","61","77","142","176","235","557","C3275417"
"35723","9227","2","3","2","69","51","101","126","170","224","C3275417"
"35724","9791","2","3","8","45","94","199","240","415","666","C3275417"
"35725","1747","2","3","3","19","221","321","428","541","667","C3275417"
"35726","9702","2","3","12","76","153","40","38","54","75","C3275417"
"35727","2645","2","3","2","90","167","266","367","101","664","C3275417"
"35728","9401","2","3","12","76","31","261","116","1","86","C3275417"
"35729","215","2","3","5","47","144","185","238","310","392","C3275417"
"35730","2324","2","5","7","53","14","20","25","40","186","C3275417"
"35731","3728","2","5","7","34","52","225","142","220","298","C3275417"
"35732","94","2","5","7","53","51","342","259","423","389","C3275417"
"35733","6628","2","3","2","22","33","323","66","101","136","C3275417"
"35734","7124","2","3","12","41","219","339","156","568","697","C3275417"
"35735","6945","2","3","12","19","31","110","141","488","102","C3275417"
"35736","4148","2","5","7","53","51","342","454","573","492","C3275417"
"35737","26191","2","5","7","53","14","20","25","40","186","C3275417"
"35738","207","2","3","7","53","14","20","34","489","416","C3275417"
"35739","4256","2","5","7","53","51","342","454","573","492","C3275417"
"35740","1855","2","5","12","76","153","197","259","560","422","C3275452"
"35741","3977","2","5","7","53","51","119","25","40","416","C3275452"
"35742","604","2","3","12","19","151","276","91","489","416","C3275452"
"35743","2261","2","5","7","53","14","20","25","40","186","C3275452"
"35744","2035","2","5","7","60","36","71","341","223","219","C3275750"
"35745","11155","2","5","7","63","45","23","103","464","187","C3275754"
"35746","9533","2","3","2","19","31","1","426","55","78","C3275754"
"35747","3248","2","3","2","69","83","133","167","224","301","C3275754"
"35748","26128","2","3","12","76","153","40","38","54","154","C3275899"
"35749","23545","2","3","5","29","88","132","85","222","346","C3275899"
"35750","1717","2","3","2","19","151","276","48","69","204","C3275899"
"35751","5255","2","3","7","34","45","23","103","464","187","C3275963"
"35752","29089","2","3","12","41","116","268","434","468","213","C3275963"
"35753","4286","2","3","12","19","31","261","116","1","664","C3275998"
"35754","326","2","3","12","19","31","261","377","370","269","C3275998"
"35755","25978","2","3","2","48","57","110","141","359","462","C3275998"
"35756","1280","2","5","7","53","51","342","454","573","492","C3276036"
"35757","2645","2","3","2","90","167","266","367","101","664","C3276036"
"35758","2316","2","5","7","53","51","342","454","573","702","C3276036"
"35759","9227","2","3","2","69","51","101","126","170","224","C3276036"
"35760","5339","2","5","7","53","51","342","454","573","492","C3276036"
"35761","23495","2","3","12","41","219","339","156","568","697","C3276036"
"35762","87","2","5","7","53","51","342","454","573","702","C3276036"
"35763","4853","2","3","12","19","124","143","428","236","667","C3276276"
"35764","8200","2","5","7","53","51","342","259","423","389","C3276276"
"35765","5621","2","5","8","27","36","342","454","573","628","C3276432"
"35766","6647","2","3","2","95","2","342","378","173","702","C3276441"
"35767","5213","2","3","2","90","167","266","367","500","577","C3276441"
"35768","6329","2","5","8","63","36","166","341","390","158","C3276441"
"35769","4851","2","3","12","19","221","143","428","236","667","C3276441"
"35770","1586","2","3","5","79","98","256","335","425","540","C3276441"
"35771","658","2","5","7","53","51","342","259","423","389","C3276539"
"35772","5828","2","3","5","43","161","305","409","208","482","C3276539"
"35773","2121","2","3","12","41","116","268","434","568","605","C3276623"
"35774","26580","2","5","8","27","70","99","162","216","290","C3276623"
"35775","7476","2","5","3","68","221","197","259","560","422","C3276623"
"35776","6548","2","3","2","45","94","199","240","415","326","C3276815"
"35777","4535","2","3","2","48","170","50","119","444","556","C3276815"
"35778","1719","2","3","2","76","153","40","116","54","75","C3276815"
"35779","2218","2","5","2","53","123","194","255","560","373","C3276821"
"35780","4653","2","5","7","34","51","342","454","573","492","C3276821"
"35781","2010","2","3","12","26","105","296","226","488","156","C3277019"
"35782","9719","2","5","7","53","51","342","454","573","492","C3277019"
"35783","4041","2","5","3","68","221","197","259","560","422","C3277019"
"35784","355","2","3","7","41","219","339","156","568","697","C3277019"
"35785","1717","2","3","2","19","151","276","48","69","204","C3277019"
"35786","6497","2","5","3","19","221","342","259","423","389","C3277226"
"35787","6821","2","3","5","114","211","332","175","556","256","C3277226"
"35788","3155","2","3","5","43","161","305","409","208","482","C3277226"
"35789","2316","2","5","7","53","51","342","454","573","702","C3277226"
"35790","79661","2","3","12","19","31","261","116","1","86","C3277226"
"35791","25959","2","3","3","19","151","276","91","433","118","C3277226"
"35792","7015","2","3","12","19","31","1","426","55","78","C3277226"
"35793","6578","2","3","5","35","41","77","40","57","80","C3277226"
"35794","3207","2","3","3","19","221","321","428","541","667","C3277226"
"35795","23064","2","3","6","11","31","261","142","220","664","C3277226"
"35796","673","2","5","7","53","14","20","34","540","68","C3277226"
"35797","1410","2","3","12","63","45","23","38","54","187","C3277376"
"35798","26090","2","3","2","80","81","166","397","361","466","C3277376"
"35799","10891","2","3","3","19","151","276","91","433","118","C3277376"
"35800","8493","2","3","12","19","31","293","116","201","664","C3277376"
"35801","7048","2","5","7","53","51","342","259","423","389","C3277376"
"35802","5479","2","3","2","53","51","342","454","573","492","C3277418"
"35803","658","2","5","7","53","51","342","259","423","389","C3277418"
"35804","4524","2","3","2","15","166","104","369","117","583","C3277418"
"35805","3561","2","5","7","53","14","20","25","40","186","C3277418"
"35806","859","2","5","8","63","45","23","103","464","187","C3277418"
"35807","6898","2","3","8","67","94","199","182","509","666","C3277418"
"35808","5009","2","3","2","48","97","50","304","167","593","C3277418"
"35809","4952","2","3","5","60","54","184","30","544","669","C3277418"
"35810","2239","2","3","2","74","51","342","454","573","492","C3277418"
"35811","1807","2","3","5","80","23","186","79","560","273","C3277418"
"35812","2189","2","3","12","19","31","261","116","1","86","C3277671"
"35813","4000","2","3","12","26","105","178","226","297","156","C3277671"
"35814","59341","2","5","8","63","45","193","306","390","158","C3277671"
"35815","5251","2","3","5","80","81","296","474","593","722","C3277687"
"35816","5447","2","3","5","91","214","271","372","471","586","C3277687"
"35817","23400","2","5","8","63","45","23","103","464","187","C3277701"
"35818","57096","2","3","12","76","153","40","38","54","75","C3277753"
"35819","9343","2","3","2","22","33","323","66","101","136","C3277753"
"35820","4286","2","3","12","19","31","261","116","1","664","C3278004"
"35821","1861","2","5","7","60","14","184","341","544","669","C3278004"
"35822","29926","2","3","2","68","66","123","158","207","278","C3278004"
"35823","421","2","5","7","42","51","335","444","560","373","C3278004"
"35824","9782","2","3","2","22","33","323","66","101","136","C3278024"
"35825","8036","2","5","7","60","54","296","399","359","658","C3278024"
"35826","6905","2","3","12","76","153","40","38","54","75","C3278024"
"35827","9968","2","4","3","24","119","330","214","454","144","C3278307"
"35828","4000","2","3","12","26","105","178","226","297","156","C3278307"
"35829","1499","2","3","12","19","221","197","259","560","422","C3278307"
"35830","353500","2","5","7","53","51","342","259","423","389","C3278322"
"35831","7841","2","3","2","41","116","178","423","536","445","C3278322"
"35832","55135","2","3","12","76","137","76","136","472","435","C3278322"
"35833","4000","2","3","12","26","105","178","226","297","156","C3278322"
"35834","860","2","3","12","19","31","276","91","433","118","C3278322"
"35835","183","2","5","4","68","96","326","427","548","672","C3278322"
"35836","23384","2","3","12","63","45","184","103","572","658","C3278322"
"35837","4508","2","3","2","48","170","50","119","444","556","C3278322"
"35838","2629","2","3","5","80","81","250","291","152","420","C3278401"
"35839","2006","2","5","7","53","51","342","454","573","492","C3278401"
"35840","3483","2","5","7","53","51","342","454","573","492","C3278401"
"35841","10157","2","3","5","71","102","175","222","290","371","C3278401"
"35842","11340","2","3","2","110","85","237","433","547","671","C3278401"
"35843","5048","2","3","12","76","153","40","38","54","75","C3278401"
"35844","2162","2","5","7","53","51","342","454","573","702","C3278401"
"35845","4539","2","3","2","53","184","86","107","560","195","C3278401"
"35846","7010","2","5","7","53","14","20","25","40","186","C3278401"
"35847","351","2","5","4","68","96","326","188","145","193","C3278401"
"35848","215","2","3","5","47","144","185","238","310","392","C3278401"
"35849","1577","2","3","5","91","214","226","400","204","264","C3278401"
"35850","2006","2","5","7","53","51","342","454","573","492","C3278429"
"35851","2992","2","3","7","34","52","216","395","549","674","C3278429"
"35852","3479","2","5","7","53","51","342","454","573","492","C3278481"
"35853","7015","2","3","12","19","31","1","426","55","78","C3278481"
"35854","51360","2","3","3","26","35","276","91","433","203","C3278509"
"35855","5649","2","5","7","53","51","342","444","560","373","C3278509"
"35856","6576","2","3","2","45","94","199","240","569","666","C3278509"
"35857","55325","2","5","7","34","181","23","119","544","187","C3278509"
"35858","7879","2","5","7","34","54","24","30","46","72","C3278509"
"35859","8803","2","3","8","67","92","293","55","75","311","C3278509"
"35860","10262","2","3","2","22","33","323","66","101","136","C3278509"
"35861","2799","2","3","7","34","52","216","395","549","33","C3278509"
"35862","26608","2","3","2","22","170","50","119","463","153","C3278509"
"35863","990","2","3","12","76","31","261","116","1","86","C3278509"
"35864","421","2","5","7","42","51","335","444","560","373","C3278509"
"35865","23431","2","5","7","60","18","184","341","544","669","C3278509"
"35866","5727","2","3","12","68","221","197","259","560","422","C3278509"
"35867","3763","2","5","8","63","36","166","106","110","158","C3278509"
"35868","54332","2","3","2","60","170","40","98","66","203","C3278509"
"35869","8086","2","3","12","22","33","323","66","101","664","C3278509"
"35870","627","2","5","7","53","51","335","444","423","373","C3278509"
"35871","50640","2","3","5","116","183","295","398","243","327","C3278509"
"35872","22845","2","3","2","48","68","125","161","214","288","C3278509"
"35873","5520","2","3","2","110","85","237","433","547","671","C3278509"
"35874","6197","2","3","12","19","14","20","34","540","68","C3278509"
"35875","2100","2","3","3","19","151","276","91","433","118","C3278509"
"35876","1291","2","5","7","53","51","342","454","573","492","C3278509"
"35877","1786","2","3","12","19","31","1","426","55","78","C3278509"
"35878","1352","2","3","2","48","170","50","119","444","556","C3278509"
"35879","7078","2","5","7","53","51","342","454","573","702","C3278636"
"35880","9131","2","3","12","41","219","339","347","271","356","C3278636"
"35881","2132","2","3","2","74","58","112","148","193","263","C3278636"
"35882","2200","2","5","7","53","51","342","454","573","492","C3278636"
"35883","2260","2","5","7","53","14","20","25","40","186","C3278636"
"35884","3845","2","5","7","60","54","24","30","46","72","C3278636"
"35885","367","2","3","12","19","31","276","91","433","118","C3278811"
"35886","4854","2","5","7","53","51","143","428","236","667","C3278811"
"35887","3767","2","5","8","63","36","166","106","110","158","C3278811"
"35888","617","2","3","2","48","170","50","304","167","593","C3278811"
"35889","4000","2","3","12","26","105","178","226","297","156","C3278811"
"35890","6863","2","5","4","68","96","326","427","548","672","C3278811"
"35891","204","2","3","4","72","109","182","235","307","506","C3278811"
"35892","6326","2","5","8","63","36","166","341","390","158","C3278811"
"35893","10225","2","5","7","53","51","119","395","549","674","C3278811"
"35894","9896","2","3","5","80","81","296","399","201","274","C3278811"
"35895","7169","2","5","8","63","45","23","103","464","187","C3278811"
"35896","265","2","5","7","53","51","342","454","573","492","C3278811"
"35897","80169","2","3","12","19","31","261","116","1","86","C3278811"
"35898","5824","2","3","5","47","144","185","238","310","392","C3278811"
"35899","875","2","3","5","80","137","44","21","451","316","C3278811"
"35900","1298","2","5","7","53","51","342","454","573","492","C3278811"
"35901","2245","2","5","7","60","54","24","30","46","72","C3278865"
"35902","2737","2","3","12","19","116","321","428","54","667","C3278865"
"35903","4204","2","3","12","19","31","1","426","55","78","C3278975"
"35904","3155","2","3","5","43","161","305","409","208","482","C3278975"
"35905","2138","2","3","12","19","31","1","426","55","78","C3278975"
"35906","7273","2","5","7","53","51","342","103","464","702","C3278975"
"35907","2006","2","5","7","53","51","342","454","573","492","C3278975"
"35908","1565","2","3","5","91","214","226","326","413","530","C3278975"
"35909","4318","2","5","7","34","52","216","395","573","492","C3278975"
"35910","4644","2","5","7","60","54","184","141","359","411","C3278975"
"35911","6913","2","3","3","19","221","321","428","541","667","C3278975"
"35912","5116","2","3","12","76","153","40","38","54","75","C3278975"
"35913","10083","2","5","7","42","36","71","177","223","219","C3278975"
"35914","1836","2","3","2","35","41","94","260","330","375","C3278975"
"35915","1277","2","5","7","53","51","342","454","573","492","C3278975"
"35916","5994","2","3","12","19","31","276","91","491","118","C3278975"
"35917","220202","2","5","4","68","96","326","427","548","672","C3278975"
"35918","60681","2","3","12","48","124","75","136","271","212","C3278975"
"35919","5781","2","5","7","53","14","20","25","40","186","C3278981"
"35920","4015","2","5","7","53","51","342","454","573","492","C3278981"
"35921","4089","2","3","12","19","219","339","259","423","605","C3278981"
"35922","355","2","3","7","41","219","339","156","568","697","C3278981"
"35923","6664","2","3","3","19","221","321","428","541","667","C3278981"
"35924","3977","2","5","7","53","51","119","25","40","416","C3278981"
"35925","5309","2","3","3","19","221","321","428","541","667","C3278981"
"35926","30008","2","5","7","53","51","342","454","573","492","C3278981"
"35927","4286","2","3","12","19","31","261","116","1","664","C3278981"
"35928","1028","2","3","12","19","31","1","116","1","86","C3278981"
"35929","5922","2","5","7","60","54","24","30","46","72","C3278981"
"35930","7248","2","3","2","48","57","110","141","359","462","C3278981"
"35931","2316","2","5","7","53","51","342","454","573","702","C3278981"
"35932","23299","2","3","12","76","153","40","38","54","75","C3279149"
"35933","9993","2","5","7","53","51","342","454","573","492","C3279149"
"35934","3553","2","5","7","53","51","119","25","489","416","C3279149"
"35935","1910","2","5","4","68","96","326","427","548","672","C3279149"
"35936","4204","2","3","12","19","31","1","426","55","78","C3279149"
"35937","54463","2","3","2","48","57","110","141","359","462","C3279149"
"35938","112476","2","3","2","48","170","50","119","444","556","C3279149"
"35939","8195","2","3","12","76","153","76","38","54","75","C3279149"
"35940","2570","2","5","8","27","70","99","162","216","290","C3279149"
"35941","3663","2","3","12","53","184","119","156","287","116","C3279149"
"35942","3589","2","5","7","53","51","119","25","40","416","C3279149"
"35943","2641","2","5","4","68","96","326","427","548","672","C3279149"
"35944","238","2","5","7","53","14","20","25","40","186","C3279149"
"35945","4625","2","3","8","63","45","23","103","464","187","C3279149"
"35946","25970","2","5","7","53","14","20","25","40","116","C3279149"
"35947","7040","2","5","7","53","51","342","454","573","492","C3279149"
"35948","1062","2","3","12","76","153","40","38","54","75","C3279149"
"35949","64919","2","3","12","19","31","1","426","55","78","C3279149"
"35950","3725","2","3","12","19","31","261","116","336","152","C3279149"
"35951","9031","2","3","12","19","31","1","426","55","78","C3279149"
"35952","2736","2","3","12","41","116","321","428","54","667","C3279149"
"35953","55612","2","5","7","60","36","71","177","560","701","C3279149"
"35954","2313","2","3","12","19","31","276","91","433","118","C3279149"
"35955","10806","2","3","12","76","153","40","38","54","75","C3279149"
"35956","6663","2","3","3","19","221","321","428","541","667","C3279191"
"35957","3315","2","3","12","41","181","160","362","402","215","C3279191"
"35958","6785","2","3","5","67","7","5","239","311","393","C3279191"
"35959","10804","2","3","12","76","153","40","38","54","75","C3279191"
"35960","1967","2","3","2","110","85","237","433","547","671","C3279191"
"35961","1896","2","5","12","41","219","339","156","568","697","C3279336"
"35962","6948","2","5","7","48","51","105","139","186","245","C3279336"
"35963","6774","2","3","12","53","14","276","25","489","416","C3279336"
"35964","9215","2","5","2","27","36","150","430","215","628","C3279397"
"35965","55670","2","3","5","43","161","305","409","208","482","C3279397"
"35966","928","2","5","7","53","51","342","454","573","702","C3279397"
"35967","7167","2","3","2","90","167","266","367","500","577","C3279397"
"35968","3123","2","5","7","53","51","119","156","287","116","C3279397"
"35969","1312","2","3","2","87","79","105","426","129","25","C3279397"
"35970","958","2","5","7","53","51","119","156","568","697","C3279397"
"35971","1585","2","3","5","79","159","256","351","100","589","C3279397"
"35972","5290","2","3","7","53","14","20","25","40","186","C3279397"
"35973","9401","2","3","12","76","31","261","116","1","86","C3279397"
"35974","4312","2","5","7","53","51","342","454","573","492","C3279397"
"35975","2022","2","5","7","53","51","342","259","423","389","C3279397"
"35976","8481","2","3","12","76","153","40","38","54","75","C3279397"
"35977","23218","2","5","7","34","52","216","395","549","674","C3279571"
"35978","4830","2","3","2","72","109","182","235","307","506","C3279571"
"35979","54968","2","3","2","48","170","50","119","444","556","C3279571"
"35980","26012","2","3","12","19","31","261","116","159","211","C3279571"
"35981","9031","2","3","12","19","31","1","426","55","78","C3279571"
"35982","6714","2","5","7","53","14","20","25","40","186","C3279571"
"35983","857","2","5","7","53","45","23","57","83","422","C3279575"
"35984","1536","2","5","7","34","52","216","395","549","674","C3279575"
"35985","695","2","5","7","53","14","20","25","40","186","C3279575"
"35986","2697","2","3","7","76","153","40","38","54","75","C3279575"
"35987","5663","2","5","7","34","52","216","395","549","667","C3279575"
"35988","8106","2","3","2","22","33","323","66","101","136","C3279575"
"35989","5144","2","3","4","68","96","326","427","548","672","C3279575"
"35990","2175","2","3","12","19","31","261","116","1","86","C3279601"
"35991","6899","2","5","7","53","184","335","259","560","373","C3279601"
"35992","4843","2","3","5","43","161","305","409","489","416","C3279601"
"35993","5449","2","3","3","19","221","321","428","541","667","C3279601"
"35994","5443","2","5","4","68","96","326","427","548","672","C3279601"
"35995","3758","2","5","8","63","36","166","106","110","158","C3279601"
"35996","7291","2","3","12","19","151","276","91","489","416","C3279601"
"35997","2705","2","3","12","76","153","40","38","54","75","C3279674"
"35998","1581","2","3","5","19","151","276","91","433","118","C3279674"
"35999","3048","2","3","12","19","31","118","155","287","116","C3279725"
"36000","7293","2","3","12","41","219","339","156","568","697","C3279725"
"36001","3420","2","3","2","67","34","198","33","107","3","C3279824"
"36002","6005","2","3","2","16","197","45","155","78","695","C3279824"
"36003","8243","2","3","12","76","31","40","38","54","75","C3280131"
"36004","8195","2","3","12","76","153","76","38","54","75","C3280131"
"36005","1490","2","5","7","53","51","342","454","573","492","C3280303"
"36006","3575","2","5","7","53","51","184","341","544","669","C3280303"
"36007","10060","2","3","8","41","45","23","423","464","445","C3280303"
"36008","8600","2","5","7","41","219","339","156","568","697","C3280303"
"36009","9871","2","3","7","60","153","40","38","54","203","C3280303"
"36010","7555","2","3","2","110","85","237","433","547","671","C3280742"
"36011","2290","2","3","3","19","221","321","428","541","667","C3280742"
"36012","6495","2","3","3","19","221","321","428","541","667","C3280770"
"36013","3002","2","5","7","68","51","119","395","549","674","C3280770"
"36014","3981","2","3","12","19","31","261","116","1","86","C3280770"
"36015","715","2","5","7","53","51","119","395","549","674","C3280770"
"36016","865","2","3","12","19","31","1","426","55","78","C3280770"
"36017","1717","2","3","2","19","151","276","48","69","204","C3280770"
"36018","6647","2","3","2","95","2","342","378","173","702","C3280770"
"36019","836","2","3","12","41","219","339","402","489","697","C3280770"
"36020","3106","2","5","7","34","52","119","395","549","674","C3280770"
"36021","23522","2","3","12","19","31","1","426","55","78","C3280770"
"36022","2332","2","3","2","22","33","71","373","466","609","C3280770"
"36023","51741","2","3","2","22","33","323","66","101","127","C3280770"
"36024","50674","2","3","3","19","221","321","428","541","667","C3281059"
"36025","3265","2","5","7","60","54","24","30","46","72","C3281059"
"36026","9420","2","3","5","79","159","256","215","282","366","C3281059"
"36027","4538","2","3","2","48","170","50","119","444","556","C3281125"
"36028","8028","2","3","12","76","153","40","214","454","144","C3281125"
"36029","2798","2","5","4","68","96","326","427","548","672","C3281125"
"36030","51750","2","3","12","19","31","261","116","1","86","C3281138"
"36031","5800","2","5","7","53","81","296","399","201","274","C3281138"
"36032","5172","2","5","8","45","94","199","240","415","666","C3463992"
"36033","3229","2","3","3","19","221","321","428","541","667","C3463992"
"36034","10165","2","3","2","48","170","50","304","167","593","C3463992"
"36035","1674","2","5","8","63","45","23","103","464","187","C3489393"
"36036","11200","2","3","12","19","31","261","116","1","86","C3489393"
"36037","7547","2","3","3","19","221","321","428","541","667","C3489393"
"36038","7436","2","5","7","53","51","342","341","544","669","C3489393"
"36039","8029","2","5","7","53","51","105","139","186","245","C3489393"
"36040","1718","2","3","2","54","90","84","48","69","204","C3489393"
"36041","5318","2","1","6","11","142","225","142","220","298","C3489393"
"36042","5327","2","5","7","53","51","342","454","573","492","C3489627"
"36043","183","2","5","4","68","96","326","427","548","672","C3489726"
"36044","9215","2","5","2","27","36","150","430","215","628","C3489726"
"36045","5073","2","3","2","110","85","323","433","146","194","C3489726"
"36046","7681","2","3","12","41","116","268","434","468","213","C3489733"
"36047","8625","2","3","12","19","31","276","91","236","118","C3489733"
"36048","1778","2","3","7","76","153","40","38","54","75","C3489733"
"36049","2077","2","3","12","76","153","40","38","54","75","C3489733"
"36050","641","2","3","12","19","31","261","116","1","86","C3489733"
"36051","5781","2","5","7","53","14","20","25","40","186","C3489733"
"36052","3209","2","3","3","19","221","321","428","541","667","C3489733"
"36053","717","2","5","7","53","51","119","395","549","674","C3489733"
"36054","435","2","3","8","84","97","167","210","278","360","C3489733"
"36055","54209","2","5","7","53","51","119","395","549","674","C3489733"
"36056","1285","2","5","7","53","51","342","454","573","492","C3489733"
"36057","9241","2","5","7","53","51","342","259","423","389","C3489733"
"36058","11277","2","3","12","19","31","261","116","1","86","C3489733"
"36059","9791","2","3","8","45","94","199","240","415","666","C3489733"
"36060","4000","2","3","12","26","105","178","226","297","156","C3489733"
"36061","1029","2","3","12","19","31","1","116","1","664","C3489733"
"36062","2239","2","3","2","74","51","342","454","573","492","C3489733"
"36063","6473","2","3","3","19","221","321","428","541","667","C3489733"
"36064","4091","2","3","12","53","219","342","259","423","389","C3489733"
"36065","5589","2","5","7","53","51","342","454","573","492","C3489733"
"36066","6605","2","3","12","19","31","1","426","55","78","C3489733"
"36067","1832","2","5","7","34","52","225","142","220","298","C3489733"
"36068","1281","2","5","7","53","51","342","454","573","492","C3489733"
"36069","3758","2","5","8","63","36","166","106","110","158","C3489733"
"36070","10758","2","3","12","41","219","339","156","568","697","C3489733"
"36071","2006","2","5","7","53","51","342","454","573","492","C3489789"
"36072","23203","2","3","5","80","81","50","304","167","593","C3489789"
"36073","4322","2","5","7","53","51","342","454","573","492","C3494187"
"36074","2033","2","3","12","19","31","1","91","433","118","C3494187"
"36075","5371","2","3","12","19","31","1","91","287","116","C3494187"
"36076","10087","2","3","7","50","47","39","100","321","255","C3494426"
"36077","6712","2","5","7","60","153","40","341","223","203","C3494426"
"36078","3955","2","5","8","89","124","143","428","236","667","C3494426"
"36079","7461","2","3","7","60","153","40","38","93","75","C3495498"
"36080","1605","2","5","7","53","51","342","454","573","492","C3495498"
"36081","3977","2","5","7","53","51","119","25","40","416","C3495498"
"36082","2719","2","5","7","53","51","342","454","573","492","C3495498"
"36083","4072","2","5","7","53","51","119","454","573","492","C3495498"
"36084","1462","2","5","7","53","51","342","454","573","492","C3495498"
"36085","8398","2","3","5","116","183","40","38","352","455","C3495498"
"36086","885","2","5","4","68","96","326","427","548","672","C3495537"
"36087","7474","2","5","3","68","221","184","259","544","669","C3495676"
"36088","2737","2","3","12","19","116","321","428","54","667","C3495676"
"36089","2131","2","3","2","74","58","112","148","181","416","C3495676"
"36090","3798","2","3","7","76","153","40","38","54","75","C3495676"
"36091","6887","2","3","12","19","31","1","426","55","78","C3495676"
"36092","846","2","5","4","68","96","326","427","548","672","C3495676"
"36093","4359","2","5","7","53","51","342","454","573","492","C3495676"
"36094","6347","2","5","7","53","51","119","427","489","416","C3495676"
"36095","2542","2","3","5","80","81","296","399","500","577","C3495801"
"36096","59344","2","5","5","68","184","223","155","447","586","C3495801"
"36097","5327","2","5","7","53","51","342","454","573","492","C3495801"
"36098","5727","2","3","12","68","221","197","259","560","422","C3495801"
"36099","6736","2","3","12","19","31","276","91","433","667","C3495801"
"36100","3418","2","3","2","67","151","276","33","48","155","C3496069"
"36101","1278","2","5","7","53","51","342","454","573","492","C3496069"
"36102","3043","2","5","7","34","52","216","395","549","116","C3496069"
"36103","867","2","5","7","53","14","184","25","40","669","C3496069"
"36104","9993","2","5","7","53","51","342","454","573","492","C3496069"
"36105","2879","2","3","5","80","81","166","378","173","229","C3496069"
"36106","2317","2","5","7","63","45","23","103","287","664","C3496069"
"36107","1836","2","3","2","35","41","94","260","330","375","C3496069"
"36108","2879","2","3","5","80","81","166","378","173","229","C3496069"
"36109","4000","2","3","12","26","105","178","226","297","156","C3496069"
"36110","9150","2","3","12","19","31","261","116","159","211","C3496069"
"36111","9241","2","5","7","53","51","342","259","423","389","C3501843"
"36112","7080","2","3","3","19","221","321","428","541","667","C3501843"
"36113","567","2","5","7","34","52","119","395","549","674","C3501843"
"36114","7474","2","5","3","68","221","184","259","544","669","C3501843"
"36115","1201","2","3","2","48","170","50","304","167","593","C3501843"
"36116","23095","2","3","7","76","153","40","38","54","75","C3501843"
"36117","8815","2","3","12","22","33","323","66","444","664","C3501843"
"36118","673","2","5","7","53","14","20","34","540","68","C3501843"
"36119","190","2","3","3","19","151","276","91","433","118","C3501843"
"36120","1717","2","3","2","19","151","276","48","69","204","C3501843"
"36121","3207","2","3","3","19","221","321","428","541","667","C3502105"
"36122","2913","2","5","4","68","96","326","427","548","672","C3502105"
"36123","4722","2","3","2","48","170","50","119","444","556","C3536714"
"36124","7010","2","5","7","53","14","20","25","40","186","C3536714"
"36125","773","2","5","8","27","36","166","341","223","628","C3536714"
"36126","8643","2","5","3","68","221","197","259","560","422","C3536714"
"36127","8089","2","3","12","19","31","1","426","55","78","C3536714"
"36128","4088","2","3","12","19","219","339","259","423","605","C3536714"
"36129","558","2","5","7","53","14","20","25","40","186","C3536714"
"36130","5742","2","3","5","91","175","134","167","224","301","C3536714"
"36131","3569","2","5","7","53","51","342","454","573","416","C3536714"
"36132","22926","2","3","12","19","31","276","91","433","118","C3536714"
"36133","9993","2","5","7","53","51","342","454","573","492","C3536714"
"36134","50484","2","3","5","80","109","182","235","307","506","C3536714"
"36135","5966","2","3","12","41","219","339","156","568","621","C3536714"
"36136","4723","2","3","2","48","170","50","119","444","556","C3536714"
"36137","3561","2","5","7","53","14","20","25","40","186","C3536714"
"36138","3508","2","3","12","19","31","261","116","1","86","C3536714"
"36139","190","2","3","3","19","151","276","91","433","118","C3536714"
"36140","2261","2","5","7","53","14","20","25","40","186","C3536714"
"36141","4990","2","3","3","19","221","321","428","541","667","C3536714"
"36142","2821","2","5","7","34","52","216","395","549","577","C3536714"
"36143","1134","2","5","8","27","70","99","162","216","290","C3536714"
"36144","29954","2","5","2","27","206","324","430","215","290","C3536714"
"36145","10000","2","5","7","53","14","20","34","540","68","C3536714"
"36146","11277","2","3","12","19","31","261","116","1","86","C3536714"
"36147","54714","2","5","8","63","36","166","106","110","158","C3536734"
"36148","6439","2","5","5","68","96","185","238","310","272","C3536734"
"36149","7048","2","5","7","53","51","342","259","423","389","C3536734"
"36150","5034","2","5","7","53","51","342","454","573","492","C3536734"
"36151","1723","2","3","2","48","170","50","119","444","556","C3536734"
"36152","6662","2","3","3","19","221","321","428","541","667","C3536734"
"36153","10060","2","3","8","41","45","23","423","464","445","C3536734"
"36154","8924","2","3","12","41","116","268","434","468","213","C3536734"
"36155","1277","2","5","7","53","51","342","454","573","492","C3536734"
"36156","857","2","5","7","53","45","23","57","83","422","C3536741"
"36157","1280","2","5","7","53","51","342","454","573","492","C3536741"
"36158","6905","2","3","12","76","153","40","38","54","75","C3536741"
"36159","25886","2","3","12","76","153","76","136","472","435","C3536741"
"36160","7403","2","3","12","19","31","1","426","55","78","C3536741"
"36161","1161","2","3","12","41","116","268","434","468","213","C3536741"
"36162","6736","2","3","12","19","31","276","91","433","667","C3536741"
"36163","54499","2","3","2","48","170","50","119","444","593","C3536741"
"36164","7157","2","3","12","19","31","261","402","489","551","C3536741"
"36165","1244","2","3","12","41","116","268","423","536","445","C3536741"
"36166","9939","2","3","2","22","33","323","66","101","136","C3536741"
"36167","2318","2","5","7","53","45","23","103","464","187","C3536741"
"36168","207","2","3","7","53","14","20","34","489","416","C3536741"
"36169","4313","2","5","7","53","51","342","454","573","492","C3536741"
"36170","9940","2","3","5","68","221","321","428","447","586","C3536741"
"36171","1786","2","3","12","19","31","1","426","55","78","C3536741"
"36172","3265","2","5","7","60","54","24","30","46","72","C3536741"
"36173","51626","2","3","12","76","153","40","38","54","75","C3536983"
"36174","4598","2","3","2","19","151","276","198","259","427","C3536983"
"36175","6888","2","3","2","90","167","266","367","500","577","C3538946"
"36176","1991","2","5","7","34","52","216","395","549","674","C3538946"
"36177","23729","2","3","2","90","167","148","36","51","383","C3544092"
"36178","2263","2","5","7","53","14","20","25","40","186","C3544092"
"36179","22954","2","3","12","41","116","268","434","468","213","C3544092"
"36180","1947","2","5","7","53","51","20","25","560","373","C3544092"
"36181","4598","2","3","2","19","151","276","198","259","427","C3544092"
"36182","6664","2","3","3","19","221","321","428","541","667","C3544092"
"36183","8626","2","3","3","19","221","321","428","541","667","C3544092"
"36184","4519","2","3","2","48","170","50","119","508","312","C3544092"
"36185","547","2","3","7","76","153","40","38","54","75","C3544092"
"36186","3123","2","5","7","53","51","119","156","287","116","C3544092"
"36187","25782","2","5","7","60","54","24","30","46","72","C3544092"
"36188","125","2","3","2","75","120","200","263","251","425","C3544092"
"36189","2033","2","3","12","19","31","1","91","433","118","C3544092"
"36190","1027","2","3","12","19","31","1","116","1","86","C3544092"
"36191","1589","2","3","5","79","186","215","297","379","491","C3544321"
"36192","23230","2","5","7","11","142","71","341","560","219","C3544321"
"36193","5993","2","3","12","19","31","1","426","55","78","C3544321"
"36194","2563","2","5","8","27","70","99","162","216","290","C3549698"
"36195","2796","2","5","4","68","96","326","427","548","672","C3549698"
"36196","6926","2","5","7","53","51","335","259","560","373","C3549698"
"36197","857","2","5","7","53","45","23","57","83","422","C3549698"
"36198","23345","2","3","12","19","31","1","426","55","78","C3549698"
"36199","367","2","3","12","19","31","276","91","433","118","C3549698"
"36200","8792","2","3","12","41","219","339","156","568","697","C3549698"
"36201","4313","2","5","7","53","51","342","454","573","492","C3549698"
"36202","10195","2","3","2","48","69","99","162","216","290","C3549698"
"36203","5091","2","3","2","35","40","130","166","57","435","C3549698"
"36204","673","2","5","7","53","14","20","34","540","68","C3549698"
"36205","4893","2","5","7","34","52","24","30","46","72","C3549698"
"36206","29954","2","5","2","27","206","324","430","215","290","C3549698"
"36207","7248","2","3","2","48","57","110","141","359","462","C3549698"
"36208","3630","2","5","7","53","14","20","25","40","186","C3549698"
"36209","54361","2","5","3","68","221","197","259","560","422","C3549698"
"36210","4536","2","3","2","48","170","50","119","444","556","C3549698"
"36211","1807","2","3","5","80","23","186","79","560","273","C3549698"
"36212","5293","2","3","7","53","14","20","25","40","186","C3549698"
"36213","5728","2","3","5","80","81","339","156","568","605","C3549698"
"36214","1387","2","3","12","19","31","276","91","433","118","C3549698"
"36215","5122","2","5","4","27","36","184","141","359","411","C3549698"
"36216","4041","2","5","3","68","221","197","259","560","422","C3549703"
"36217","51259","2","3","2","76","153","40","38","54","75","C3549703"
"36218","51259","2","3","2","76","153","40","38","54","75","C3549703"
"36219","2271","2","3","5","80","81","166","170","226","305","C3549703"
"36220","6452","2","5","7","53","14","20","25","40","186","C3549703"
"36221","3558","2","5","7","53","14","20","25","40","186","C3549703"
"36222","2627","2","3","12","19","31","118","155","287","116","C3549703"
"36223","64135","2","3","12","41","219","339","156","568","605","C3549779"
"36224","1387","2","3","12","19","31","276","91","433","118","C3549779"
"36225","2969","2","3","12","19","31","276","91","433","118","C3549779"
"36226","4524","2","3","2","15","166","104","369","117","583","C3549779"
"36227","1718","2","3","2","54","90","84","48","69","204","C3550150"
"36228","128178","2","3","12","41","219","339","156","568","697","C3550150"
"36229","477","2","3","8","63","45","23","103","464","187","C3550204"
"36230","2100","2","3","3","19","151","276","91","433","118","C3550204"
"36231","7048","2","5","7","53","51","342","259","423","389","C3550234"
"36232","6911","2","5","6","19","142","335","259","560","373","C3550234"
"36233","2627","2","3","12","19","31","118","155","287","116","C3550234"
"36234","126410","2","3","5","91","188","291","394","495","613","C3550234"
"36235","2218","2","5","2","53","123","194","255","560","373","C3550234"
"36236","5173","2","5","4","68","96","326","427","548","672","C3550658"
"36237","2833","2","5","4","68","96","326","427","548","672","C3550658"
"36238","3717","2","5","7","53","14","20","25","40","186","C3550658"
"36239","23479","2","3","2","48","170","50","119","100","556","C3550658"
"36240","10847","2","3","12","19","31","1","426","55","78","C3550658"
"36241","11005","2","1","6","11","142","225","142","220","298","C3550658"
"36242","9049","2","3","3","41","151","276","378","271","356","C3550658"
"36243","7042","2","5","7","53","51","342","454","573","492","C3550658"
"36244","1528","2","3","5","91","214","271","372","471","586","C3550658"
"36245","54880","2","3","12","19","31","1","426","55","78","C3550658"
"36246","6311","2","3","2","22","33","323","66","362","468","C3550658"
"36247","8929","2","3","3","19","221","321","428","541","667","C3550658"
"36248","5818","2","5","7","53","51","335","444","560","373","C3550658"
"36249","2317","2","5","7","63","45","23","103","287","664","C3550658"
"36250","10683","2","5","7","53","51","143","428","560","667","C3550658"
"36251","4137","2","3","7","27","36","150","341","223","628","C3550658"
"36252","2673","2","3","2","110","94","178","226","297","380","C3550658"
"36253","4000","2","3","12","26","105","178","226","297","156","C3550658"
"36254","26278","2","3","12","41","116","268","347","271","356","C3550658"
"36255","9968","2","4","3","24","119","330","214","454","144","C3550658"
"36256","5627","2","5","7","53","51","342","454","573","702","C3550658"
"36257","6915","2","5","4","68","96","326","427","548","672","C3550658"
"36258","4000","2","3","12","26","105","178","226","297","156","C3550658"
"36259","3315","2","3","12","41","181","160","362","402","215","C3550658"
"36260","10815","2","5","7","60","36","71","341","223","666","C3550658"
"36261","2239","2","3","2","74","51","342","454","573","492","C3550658"
"36262","8504","2","3","5","47","144","185","238","310","392","C3550658"
"36263","1855","2","5","12","76","153","197","259","560","422","C3550658"
"36264","7015","2","3","12","19","31","1","426","55","78","C3550658"
"36265","1409","2","3","12","76","153","40","38","54","75","C3550658"
"36266","1737","2","3","2","67","92","293","55","75","311","C3550658"
"36267","7531","2","3","2","48","170","110","329","251","533","C3550658"
"36268","2767","2","5","4","68","96","326","427","548","672","C3551052"
"36269","3458","2","5","7","53","184","119","156","287","116","C3551052"
"36270","2664","2","5","7","60","54","24","30","46","72","C3551052"
"36271","4982","2","5","12","41","219","339","156","568","697","C3551052"
"36272","158","2","3","4","96","177","61","373","341","142","C3551052"
"36273","3689","2","5","7","34","52","216","395","549","674","C3551052"
"36274","4000","2","3","12","26","105","178","226","297","156","C3551052"
"36275","6833","2","5","8","45","36","166","240","415","666","C3551052"
"36276","4023","2","3","5","24","51","342","91","20","27","C3551052"
"36277","4935","2","5","4","68","96","326","427","548","672","C3551052"
"36278","3655","2","5","7","53","51","342","454","573","492","C3551173"
"36279","4214","2","3","12","41","219","339","34","540","117","C3551173"
"36280","4846","2","3","5","41","219","75","243","44","64","C3551426"
"36281","79026","2","5","7","42","36","71","177","223","219","C3551426"
"36282","26276","2","3","7","60","81","184","341","66","203","C3551426"
"36283","1736","2","3","2","110","85","237","433","547","671","C3551426"
"36284","8822","2","5","7","53","14","20","25","40","186","C3551426"
"36285","124997","2","3","2","48","81","266","369","117","583","C3551426"
"36286","1161","2","3","12","41","116","268","434","468","213","C3551426"
"36287","7137","2","5","8","63","45","23","103","464","187","C3551426"
"36288","51715","2","5","7","60","54","24","30","46","72","C3551426"
"36289","6391","2","3","2","48","170","50","119","444","556","C3551426"
"36290","846","2","5","4","68","96","326","427","548","672","C3551426"
"36291","2767","2","5","4","68","96","326","427","548","672","C3551426"
"36292","1663","2","3","12","76","105","178","226","297","380","C3551426"
"36293","4247","2","3","2","68","67","320","98","180","279","C3551426"
"36294","1282","2","5","7","53","51","342","454","573","492","C3551426"
"36295","5605","2","5","7","53","14","20","34","540","68","C3551426"
"36296","8878","2","3","12","41","219","339","156","568","697","C3551426"
"36297","5727","2","3","12","68","221","197","259","560","422","C3551426"
"36298","1294","2","5","7","53","51","342","454","573","492","C3551430"
"36299","157","2","5","4","68","14","326","427","548","672","C3551430"
"36300","26610","2","3","12","19","31","1","426","55","78","C3551430"
"36301","207","2","3","7","53","14","20","34","489","416","C3551430"
"36302","2000","2","5","12","19","51","119","91","433","118","C3551430"
"36303","6495","2","3","3","19","221","321","428","541","667","C3551430"
"36304","4853","2","3","12","19","124","143","428","236","667","C3551430"
"36305","144100","2","3","7","63","45","184","103","572","658","C3551430"
"36306","1906","2","5","4","68","96","326","427","548","672","C3551430"
"36307","3851","2","3","12","76","153","40","38","54","75","C3551430"
"36308","51128","2","5","7","60","153","24","38","46","72","C3551430"
"36309","2512","2","3","7","34","52","216","395","544","358","C3551430"
"36310","54499","2","3","2","48","170","50","119","444","593","C3551430"
"36311","50640","2","3","5","116","183","295","398","243","327","C3551430"
"36312","3845","2","5","7","60","54","24","30","46","72","C3551430"
"36313","10733","2","3","12","76","153","40","38","54","75","C3551430"
"36314","5443","2","5","4","68","96","326","427","548","672","C3551430"
"36315","3832","2","3","12","76","153","40","38","54","75","C3551430"
"36316","2147","2","5","7","68","51","342","454","573","492","C3551430"
"36317","355","2","3","7","41","219","339","156","568","697","C3551430"
"36318","166379","2","3","12","76","153","76","38","54","75","C3551430"
"36319","356","2","5","7","53","219","339","25","489","697","C3551430"
"36320","2719","2","5","7","53","51","342","454","573","492","C3551430"
"36321","3190","2","3","2","22","33","323","66","101","136","C3551430"
"36322","3691","2","5","7","53","51","342","454","573","492","C3551430"
"36323","3315","2","3","12","41","181","160","362","402","215","C3551430"
"36324","23495","2","3","12","41","219","339","156","568","697","C3551430"
"36325","1281","2","5","7","53","51","342","454","573","492","C3551430"
"36326","4534","2","3","5","80","81","296","399","362","468","C3551430"
"36327","4842","2","3","5","63","45","71","177","464","219","C3551430"
"36328","3663","2","3","12","53","184","119","156","287","116","C3551430"
"36329","1813","2","5","4","68","96","326","427","548","672","C3551431"
"36330","6926","2","5","7","53","51","335","259","560","373","C3551431"
"36331","3956","2","5","7","53","51","342","454","573","492","C3551431"
"36332","7026","2","3","3","19","151","276","91","433","118","C3551431"
"36333","3702","2","5","7","53","14","20","25","40","186","C3551431"
"36334","776","2","5","8","63","36","166","341","390","158","C3551431"
"36335","1756","2","5","8","63","45","23","103","464","187","C3551431"
"36336","3918","2","5","7","53","51","342","454","573","492","C3551535"
"36337","1947","2","5","7","53","51","20","25","560","373","C3551535"
"36338","773","2","5","8","27","36","166","341","223","628","C3551535"
"36339","6135","2","3","2","110","85","237","433","547","671","C3551535"
"36340","4728","2","3","2","48","170","50","119","444","556","C3551535"
"36341","23414","2","3","12","19","31","118","155","287","116","C3551535"
"36342","4535","2","3","2","48","170","50","119","444","556","C3551535"
"36343","5373","2","3","2","90","167","123","158","207","278","C3551535"
"36344","8924","2","3","12","41","116","268","434","468","213","C3551535"
"36345","3691","2","5","7","53","51","342","454","573","492","C3551535"
"36346","4035","2","5","7","53","51","342","454","573","492","C3551535"
"36347","538","2","3","8","63","45","23","103","464","187","C3551535"
"36348","6578","2","3","5","35","41","77","40","57","80","C3551535"
"36349","9420","2","3","5","79","159","256","215","282","366","C3551535"
"36350","9968","2","4","3","24","119","330","214","454","144","C3551535"
"36351","6016","2","5","7","60","54","24","30","46","72","C3551535"
"36352","8518","2","3","12","19","31","1","426","55","78","C3551535"
"36353","3832","2","3","12","76","153","40","38","54","75","C3551535"
"36354","3891","2","1","6","11","142","225","142","220","298","C3551535"
"36355","4089","2","3","12","19","219","339","259","423","605","C3551535"
"36356","1440","2","5","7","53","51","119","25","489","416","C3551535"
"36357","8565","2","3","2","110","85","237","433","547","154","C3551535"
"36358","1991","2","5","7","34","52","216","395","549","674","C3551535"
"36359","4292","2","3","12","19","31","261","116","1","86","C3551535"
"36360","54551","2","3","12","41","219","197","156","568","422","C3551535"
"36361","54903","2","3","12","76","153","40","38","54","75","C3551535"
"36362","1674","2","5","8","63","45","23","103","464","187","C3551535"
"36363","2956","2","3","12","19","31","261","116","1","86","C3551535"
"36364","22897","2","3","12","76","153","40","38","54","75","C3551535"
"36365","5159","2","5","7","53","14","20","25","40","186","C3551535"
"36366","6785","2","3","5","67","7","5","239","311","393","C3551535"
"36367","51752","2","3","2","41","153","119","156","536","116","C3551535"
"36368","4645","2","3","4","67","92","293","55","75","311","C3551954"
"36369","4976","2","3","2","48","170","50","119","444","556","C3551954"
"36370","4353","2","3","7","34","52","216","395","549","674","C3551954"
"36371","79633","2","3","7","80","51","335","444","560","373","C3551954"
"36372","215","2","3","5","47","144","185","238","310","392","C3551954"
"36373","7456","2","5","7","60","14","20","25","40","215","C3551954"
"36374","10312","2","3","7","34","52","216","395","549","674","C3552099"
"36375","2263","2","5","7","53","14","20","25","40","186","C3552099"
"36376","10020","2","3","2","89","124","204","42","452","258","C3552099"
"36377","3852","2","1","6","11","142","225","142","220","298","C3552099"
"36378","5832","2","3","2","101","62","189","182","509","252","C3552099"
"36379","1188","2","5","8","63","45","23","34","464","187","C3552099"
"36380","1145","2","5","8","27","70","99","162","216","290","C3552526"
"36381","5741","2","5","4","68","96","326","427","548","672","C3552526"
"36382","3775","2","5","8","63","36","166","106","110","158","C3552526"
"36383","860","2","3","12","19","31","276","91","433","118","C3552713"
"36384","959","2","5","7","53","51","119","395","549","674","C3552713"
"36385","4519","2","3","2","48","170","50","119","508","312","C3552713"
"36386","3091","2","3","12","41","116","276","91","433","605","C3552713"
"36387","5663","2","5","7","34","52","216","395","549","667","C3552713"
"36388","7508","2","3","12","19","31","261","116","1","664","C3552713"
"36389","4729","2","3","2","48","170","50","119","444","556","C3552713"
"36390","4689","2","5","7","60","14","20","25","40","215","C3552713"
"36391","1840","2","3","12","41","124","143","428","236","667","C3552713"
"36392","2733","2","3","2","22","33","323","66","101","664","C3552713"
"36393","408","2","3","4","68","219","184","341","544","669","C3552713"
"36394","5621","2","5","8","27","36","342","454","573","628","C3552713"
"36395","1298","2","5","7","53","51","342","454","573","492","C3552713"
"36396","7297","2","5","7","53","184","119","25","40","186","C3552713"
"36397","1146","2","5","8","27","70","99","162","216","290","C3552713"
"36398","4771","2","5","7","60","36","71","177","64","215","C3552713"
"36399","51062","2","5","7","27","36","150","402","489","373","C3552713"
"36400","716","2","5","7","53","51","119","395","549","674","C3552713"
"36401","6648","2","3","2","95","151","160","378","173","229","C3552713"
"36402","50846","2","3","3","68","221","197","259","560","422","C3552713"
"36403","10269","2","3","2","48","182","50","119","444","556","C3552853"
"36404","2706","2","3","12","76","153","40","38","54","75","C3552853"
"36405","5213","2","3","2","90","167","266","367","500","577","C3552853"
"36406","7809","2","5","8","63","45","23","34","464","187","C3552853"
"36407","4072","2","5","7","53","51","119","454","573","492","C3552853"
"36408","6439","2","5","5","68","96","185","238","310","272","C3552853"
"36409","1584","2","3","5","79","159","256","276","353","456","C3552853"
"36410","10804","2","3","12","76","153","40","38","54","75","C3552853"
"36411","3110","2","3","3","19","221","321","428","541","667","C3552853"
"36412","7737","2","3","12","22","33","268","434","468","213","C3552853"
"36413","10460","2","3","12","76","153","40","38","54","75","C3552853"
"36414","2639","2","3","2","71","148","34","160","115","164","C3552853"
"36415","1815","2","5","4","68","96","326","427","548","672","C3552853"
"36416","2645","2","3","2","90","167","266","367","101","664","C3552853"
"36417","3717","2","5","7","53","14","20","25","40","186","C3552853"
"36418","4128","2","3","5","80","81","119","402","489","416","C3552853"
"36419","50674","2","3","3","19","221","321","428","541","667","C3552853"
"36420","1848","2","3","5","42","81","296","399","201","274","C3552853"
"36421","5580","2","5","7","34","52","216","395","287","116","C3552853"
"36422","5917","2","3","2","110","85","237","433","547","154","C3552853"
"36423","11330","2","5","7","68","51","119","395","549","674","C3552853"
"36424","1723","2","3","2","48","170","50","119","444","556","C3552853"
"36425","1281","2","5","7","53","51","342","454","573","492","C3552853"
"36426","5071","2","3","12","41","116","268","434","468","213","C3552853"
"36427","5894","2","5","7","60","54","23","34","464","187","C3552853"
"36428","6567","2","5","8","35","41","77","40","57","80","C3552853"
"36429","6016","2","5","7","60","54","24","30","46","72","C3552853"
"36430","26040","2","3","12","19","31","1","116","297","78","C3552853"
"36431","3549","2","5","3","53","51","197","259","560","422","C3552853"
"36432","2218","2","5","2","53","123","194","255","560","373","C3552853"
"36433","10585","2","5","2","27","206","324","430","215","290","C3552853"
"36434","6497","2","5","3","19","221","342","259","423","389","C3553016"
"36435","2132","2","3","2","74","58","112","148","193","263","C3553016"
"36436","9820","2","3","12","41","116","268","434","468","213","C3553368"
"36437","1161","2","3","12","41","116","268","434","468","213","C3553368"
"36438","7291","2","3","12","19","151","276","91","489","416","C3553368"
"36439","9657","2","3","12","76","153","40","38","54","75","C3553368"
"36440","3759","2","5","8","63","36","166","106","110","158","C3553395"
"36441","8443","2","3","5","43","161","305","409","208","482","C3553395"
"36442","1184","2","5","8","63","45","23","34","464","187","C3553395"
"36443","6338","2","5","8","63","45","23","34","464","187","C3553395"
"36444","5573","2","3","12","19","184","118","155","287","116","C3553397"
"36445","9247","2","5","7","53","221","197","259","423","389","C3553397"
"36446","50484","2","3","5","80","109","182","235","307","506","C3553450"
"36447","1291","2","5","7","53","51","342","454","573","492","C3553450"
"36448","10736","2","3","3","19","221","321","428","541","667","C3553450"
"36449","2068","2","3","12","19","31","261","116","159","211","C3553450"
"36450","547","2","3","7","76","153","40","38","54","75","C3553450"
"36451","2175","2","3","12","19","31","261","116","1","86","C3553450"
"36452","55145","2","3","2","22","33","225","142","220","140","C3553450"
"36453","974","2","5","7","53","51","119","395","549","674","C3553450"
"36454","26277","2","3","12","19","31","1","426","1","78","C3553450"
"36455","7046","2","3","12","41","219","339","259","423","605","C3553450"
"36456","5873","2","5","7","34","54","24","30","46","72","C3553450"
"36457","5781","2","5","7","53","14","20","25","40","186","C3553450"
"36458","10059","2","3","2","48","170","50","304","167","304","C3553450"
"36459","1145","2","5","8","27","70","99","162","216","290","C3553450"
"36460","6532","2","5","8","45","94","199","240","415","666","C3553450"
"36461","4351","2","3","2","90","167","266","367","500","577","C3553450"
"36462","7169","2","5","8","63","45","23","103","464","187","C3553450"
"36463","1848","2","3","5","42","81","296","399","201","274","C3553720"
"36464","2153","2","5","7","53","51","342","454","573","492","C3553720"
"36465","3728","2","5","7","34","52","225","142","220","298","C3553754"
"36466","7468","2","3","12","19","31","1","426","55","78","C3553754"
"36467","4312","2","5","7","53","51","342","454","573","492","C3553754"
"36468","7461","2","3","7","60","153","40","38","93","75","C3553754"
"36469","4088","2","3","12","19","219","339","259","423","605","C3554568"
"36470","8653","2","3","12","110","85","237","136","472","127","C3554568"
"36471","9241","2","5","7","53","51","342","259","423","389","C3554568"
"36472","4000","2","3","12","26","105","178","226","297","156","C3554568"
"36473","191","2","3","5","80","81","105","426","129","690","C3554568"
"36474","5573","2","3","12","19","184","118","155","287","116","C3554568"
"36475","2071","2","3","12","19","31","261","116","159","211","C3554612"
"36476","2697","2","3","7","76","153","40","38","54","75","C3554612"
"36477","4204","2","3","12","19","31","1","426","55","78","C3554617"
"36478","701","2","3","12","76","153","40","38","54","75","C3554617"
"36479","6662","2","3","3","19","221","321","428","541","667","C3554617"
"36480","51119","2","3","2","110","85","237","433","547","671","C3554617"
"36481","2184","2","3","5","76","153","138","236","332","407","C3554617"
"36482","5339","2","5","7","53","51","342","454","573","492","C3554617"
"36483","2033","2","3","12","19","31","1","91","433","118","C3554617"
"36484","5813","2","3","12","19","31","1","116","159","211","C3554617"
"36485","4867","2","5","7","76","153","40","38","54","75","C3554617"
"36486","2239","2","3","2","74","51","342","454","573","492","C3554617"
"36487","54332","2","3","2","60","170","40","98","66","203","C3554617"
"36488","158","2","3","4","96","177","61","373","341","142","C3554617"
"36489","7040","2","5","7","53","51","342","454","573","492","C3554617"
"36490","3630","2","5","7","53","14","20","25","40","186","C3554617"
"36491","7051","2","1","6","11","142","225","142","220","298","C3554617"
"36492","55651","2","3","2","110","85","237","433","547","671","C3554617"
"36493","4893","2","5","7","34","52","24","30","46","72","C3554617"
"36494","3481","2","5","7","53","51","342","454","573","492","C3554617"
"36495","6335","2","5","8","63","36","166","341","390","158","C3554617"
"36496","1026","2","3","12","19","31","1","116","489","416","C3554617"
"36497","8622","2","3","4","68","96","326","427","548","672","C3554617"
"36498","3239","2","3","3","19","221","321","428","541","667","C3554617"
"36499","2261","2","5","7","53","14","20","25","40","186","C3554724"
"36500","10907","2","3","2","22","33","323","66","101","136","C3554724"
"36501","6813","2","5","7","53","51","342","454","573","702","C3554724"
"36502","3614","2","3","7","34","52","216","395","549","674","C3554724"
"36503","1493","2","5","7","53","51","119","25","40","186","C3554724"
"36504","2074","2","3","12","19","31","1","426","55","78","C3554724"
"36505","3592","2","5","7","53","51","119","25","489","416","C3658267"
"36506","8842","2","5","5","53","82","147","184","179","328","C3658267"
"36507","3458","2","5","7","53","184","119","156","287","116","C3665333"
"36508","801","2","5","8","63","45","23","103","464","187","C3665333"
"36509","23443","2","3","2","78","206","324","430","429","544","C3665349"
"36510","4256","2","5","7","53","51","342","454","573","492","C3665349"
"36511","595","2","3","12","19","31","1","426","489","416","C3665349"
"36512","2132","2","3","2","74","58","112","148","193","263","C3665349"
"36513","2313","2","3","12","19","31","276","91","433","118","C3665349"
"36514","51062","2","5","7","27","36","150","402","489","373","C3665349"
"36515","546","2","3","12","19","31","261","426","1","86","C3665349"
"36516","6338","2","5","8","63","45","23","34","464","187","C3665349"
"36517","28982","2","3","5","25","44","165","101","274","358","C3665349"
"36518","7274","2","3","5","43","161","99","162","216","290","C3665349"
"36519","7390","2","3","5","80","81","166","132","175","473","C3665349"
"36520","3284","2","3","2","69","98","169","299","183","243","C3665349"
"36521","6736","2","3","12","19","31","276","91","433","667","C3665349"
"36522","224","2","3","5","50","47","39","202","19","233","C3665349"
"36523","283989","2","3","12","22","33","323","66","101","664","C3665358"
"36524","26277","2","3","12","19","31","1","426","1","78","C3665358"
"36525","54187","2","3","5","80","81","296","272","452","148","C3665358"
"36526","5073","2","3","2","110","85","323","433","146","194","C3665358"
"36527","23384","2","3","12","63","45","184","103","572","658","C3665358"
"36528","3938","2","3","5","80","81","337","448","565","562","C3665425"
"36529","4536","2","3","2","48","170","50","119","444","556","C3665425"
"36530","23729","2","3","2","90","167","148","36","51","383","C3665425"
"36531","8493","2","3","12","19","31","293","116","201","664","C3665439"
"36532","3592","2","5","7","53","51","119","25","489","416","C3665439"
"36533","5728","2","3","5","80","81","339","156","568","605","C3665596"
"36534","6092","2","5","7","53","51","335","444","560","373","C3665596"
"36535","6736","2","3","12","19","31","276","91","433","667","C3665596"
"36536","2200","2","5","7","53","51","342","454","573","492","C3665596"
"36537","5105","2","3","3","67","151","276","91","433","118","C3665596"
"36538","51816","2","5","7","34","52","216","395","549","674","C3665596"
"36539","27019","2","3","12","76","153","40","38","54","75","C3665596"
"36540","6121","2","3","2","69","83","101","126","170","224","C3665596"
"36541","1280","2","5","7","53","51","342","454","573","492","C3665596"
"36542","9896","2","3","5","80","81","296","399","201","274","C3665596"
"36543","1763","2","3","12","19","31","261","116","1","86","C3665628"
"36544","5727","2","3","12","68","221","197","259","560","422","C3665628"
"36545","8600","2","5","7","41","219","339","156","568","697","C3665704"
"36546","6905","2","3","12","76","153","40","38","54","75","C3665704"
"36547","7170","2","5","8","63","45","23","103","464","187","C3671887"
"36548","590","2","3","5","85","143","286","51","488","604","C3671887"
"36549","5159","2","5","7","53","14","20","25","40","186","C3671887"
"36550","4524","2","3","2","15","166","104","369","117","583","C3671887"
"36551","51057","2","3","12","76","153","40","38","54","75","C3671887"
"36552","6899","2","5","7","53","184","335","259","560","373","C3671887"
"36553","7555","2","3","2","110","85","237","433","547","671","C3696376"
"36554","1499","2","3","12","19","221","197","259","560","422","C3696376"
"36555","55572","2","3","2","48","170","50","119","444","556","C3696376"
"36556","9844","2","5","7","60","14","20","25","40","72","C3696376"
"36557","5144","2","3","4","68","96","326","427","548","672","C3696376"
"36558","2645","2","3","2","90","167","266","367","101","664","C3697248"
"36559","2316","2","5","7","53","51","342","454","573","702","C3697248"
"36560","6335","2","5","8","63","36","166","341","390","158","C3697248"
"36561","8890","2","3","2","110","85","237","433","547","671","C3697248"
"36562","2200","2","5","7","53","51","342","454","573","492","C3697248"
"36563","3240","2","5","7","34","52","216","395","549","674","C3697248"
"36564","3456","2","3","12","19","31","118","155","287","116","C3697248"
"36565","3858","2","1","6","11","142","225","142","220","298","C3697248"
"36566","10491","2","5","7","53","51","342","454","573","492","C3697248"
"36567","930","2","5","7","53","14","119","25","40","186","C3698239"
"36568","1855","2","5","12","76","153","197","259","560","422","C3698239"
"36569","10555","2","3","7","34","52","216","395","549","622","C3698239"
"36570","2263","2","5","7","53","14","20","25","40","186","C3710589"
"36571","2720","2","3","7","34","52","216","395","21","599","C3710589"
"36572","3691","2","5","7","53","51","342","454","573","492","C3711376"
"36573","26040","2","3","12","19","31","1","116","297","78","C3711376"
"36574","7290","2","3","12","19","31","1","426","55","78","C3711376"
"36575","3832","2","3","12","76","153","40","38","54","75","C3711381"
"36576","4041","2","5","3","68","221","197","259","560","422","C3711385"
"36577","1297","2","5","7","53","51","342","454","573","492","C3711385"
"36578","4929","2","3","3","19","151","276","91","433","118","C3714497"
"36579","4629","2","5","8","63","45","23","103","464","187","C3714497"
"36580","5130","2","3","2","85","143","286","51","488","102","C3714497"
"36581","5034","2","5","7","53","51","342","454","573","492","C3714497"
"36582","5277","2","3","2","61","77","142","176","235","317","C3714497"
"36583","324","2","3","12","41","219","197","70","255","422","C3714497"
"36584","5733","2","5","4","68","96","326","427","548","672","C3714497"
"36585","673","2","5","7","53","14","20","34","540","68","C3714497"
"36586","2033","2","3","12","19","31","1","91","433","118","C3714497"
"36587","695","2","5","7","53","14","20","25","40","186","C3714497"
"36588","2098","2","3","5","91","175","271","372","471","586","C3714497"
"36589","1814","2","5","4","68","96","326","427","548","672","C3714497"
"36590","1815","2","5","4","68","96","326","427","548","672","C3714497"
"36591","2099","2","3","12","19","151","276","91","433","118","C3714497"
"36592","10228","2","5","7","60","54","24","98","66","203","C3714497"
"36593","23111","2","3","12","41","219","339","156","568","697","C3714497"
"36594","5626","2","3","3","19","221","321","428","541","667","C3714497"
"36595","23451","2","3","2","22","33","323","66","101","136","C3714497"
"36596","1621","2","3","5","53","51","239","333","422","537","C3714497"
"36597","2263","2","5","7","53","14","20","25","40","186","C3714497"
"36598","2720","2","3","7","34","52","216","395","21","599","C3714497"
"36599","1019","2","3","12","19","31","1","116","1","86","C3714514"
"36600","5191","2","3","5","43","161","305","409","208","482","C3714514"
"36601","3559","2","5","7","53","14","20","25","40","186","C3714514"
"36602","26524","2","3","12","76","153","143","177","54","75","C3714514"
"36603","2178","2","3","12","19","31","261","116","1","86","C3714514"
"36604","9401","2","3","12","76","31","261","116","1","86","C3714514"
"36605","1759","2","5","7","60","14","184","341","544","669","C3714524"
"36606","11005","2","1","6","11","142","225","142","220","298","C3714524"
"36607","23479","2","3","2","48","170","50","119","100","556","C3714524"
"36608","7681","2","3","12","41","116","268","434","468","213","C3714534"
"36609","54968","2","3","2","48","170","50","119","444","556","C3714534"
"36610","64131","2","3","2","74","205","191","98","66","203","C3714534"
"36611","2248","2","5","7","53","14","20","25","40","186","C3714580"
"36612","2879","2","3","5","80","81","166","378","173","229","C3714580"
"36613","8398","2","3","5","116","183","40","38","352","455","C3714580"
"36614","1421","2","3","6","63","45","160","362","177","673","C3714757"
"36615","3481","2","5","7","53","51","342","454","573","492","C3714757"
"36616","51128","2","5","7","60","153","24","38","46","72","C3714757"
"36617","4361","2","3","12","19","31","261","116","1","86","C3714757"
"36618","1536","2","5","7","34","52","216","395","549","674","C3714757"
"36619","3106","2","5","7","34","52","119","395","549","674","C3714757"
"36620","170691","2","5","7","53","51","342","454","573","492","C3714757"
"36621","5663","2","5","7","34","52","216","395","549","667","C3714757"
"36622","5831","2","3","2","101","62","189","182","566","409","C3714757"
"36623","5189","2","3","5","43","161","305","409","208","482","C3714757"
"36624","4638","2","5","7","53","45","23","103","464","187","C3714757"
"36625","7508","2","3","12","19","31","261","116","1","664","C3714796"
"36626","64805","2","5","4","68","96","326","427","548","672","C3714796"
"36627","4514","2","3","2","48","57","110","141","359","5","C3714796"
"36628","54880","2","3","12","19","31","1","426","55","78","C3714796"
"36629","54361","2","5","3","68","221","197","259","560","422","C3714796"
"36630","4627","2","5","7","63","45","184","103","572","658","C3714796"
"36631","6928","2","3","3","19","221","321","428","541","667","C3714796"
"36632","10290","2","5","7","53","14","20","34","540","68","C3714796"
"36633","28960","2","3","2","22","33","323","433","146","194","C3714796"
"36634","5158","2","3","4","68","45","272","259","518","621","C3714796"
"36635","8985","2","5","7","53","51","342","454","573","492","C3714796"
"36636","79147","2","3","2","27","36","150","430","215","628","C3714796"
"36637","6389","2","3","2","48","170","50","119","444","556","C3714796"
"36638","3664","2","5","7","53","184","119","156","287","116","C3714796"
"36639","6578","2","3","5","35","41","77","40","57","80","C3714796"
"36640","3766","2","5","8","63","36","166","106","110","158","C3714796"
"36641","3954","2","3","2","48","170","67","119","444","593","C3714796"
"36642","3891","2","1","6","11","142","225","142","220","298","C3714796"
"36643","8626","2","3","3","19","221","321","428","541","667","C3714796"
"36644","367","2","3","12","19","31","276","91","433","118","C3714796"
"36645","6261","2","5","8","63","45","23","34","464","187","C3714796"
"36646","10342","2","3","7","60","219","40","202","66","203","C3714796"
"36647","8929","2","3","3","19","221","321","428","541","667","C3714796"
"36648","26040","2","3","12","19","31","1","116","297","78","C3714796"
"36649","3315","2","3","12","41","181","160","362","402","215","C3714796"
"36650","51750","2","3","12","19","31","261","116","1","86","C3714796"
"36651","10280","2","3","2","110","85","52","57","86","119","C3714796"
"36652","5328","2","5","7","34","52","216","395","549","674","C3714796"
"36653","25836","2","3","12","76","153","40","38","54","75","C3714796"
"36654","79633","2","3","7","80","51","335","444","560","373","C3714796"
"36655","1268","2","5","4","68","96","326","427","548","672","C3714796"
"36656","7249","2","3","7","60","57","110","141","359","462","C3714873"
"36657","701","2","3","12","76","153","40","38","54","75","C3714873"
"36658","54386","2","3","12","19","31","261","116","1","78","C3714873"
"36659","6569","2","3","8","45","94","199","240","415","666","C3714976"
"36660","4763","2","5","7","60","54","24","30","46","214","C3714976"
"36661","3930","2","3","2","22","33","323","66","3","464","C3715128"
"36662","2243","2","5","7","53","51","342","454","573","492","C3715128"
"36663","54453","2","5","7","60","54","24","30","46","72","C3804991"
"36664","4719","2","3","2","48","170","50","119","444","556","C3804991"
"36665","9401","2","3","12","76","31","261","116","1","86","C3805083"
"36666","2717","2","3","7","34","52","216","395","549","674","C3805083"
"36667","51750","2","3","12","19","31","261","116","1","86","C3805420"
"36668","2316","2","5","7","53","51","342","454","573","702","C3805420"
"36669","25939","2","3","12","53","184","119","156","287","116","C3805420"
"36670","847","2","3","7","34","52","216","395","549","674","C3805420"
"36671","1639","2","3","12","76","153","40","38","54","75","C3805715"
"36672","959","2","5","7","53","51","119","395","549","674","C3805715"
"36673","8642","2","5","7","53","51","335","444","560","373","C3805715"
"36674","6908","2","3","12","19","31","1","116","159","211","C3805715"
"36675","7136","2","5","8","63","45","23","103","464","187","C3805715"
"36676","3763","2","5","8","63","36","166","106","110","158","C3805839"
"36677","7547","2","3","3","19","221","321","428","541","667","C3805839"
"36678","4094","2","3","12","19","31","276","91","433","118","C3805839"
"36679","5932","2","3","12","19","31","261","116","1","86","C3805839"
"36680","55630","2","3","5","27","81","99","162","216","290","C3805839"
"36681","8851","2","3","12","19","31","261","116","1","86","C3805839"
"36682","1410","2","3","12","63","45","23","38","54","187","C3805839"
"36683","5195","2","3","5","43","161","305","409","208","482","C3805839"
"36684","4853","2","3","12","19","124","143","428","236","667","C3805877"
"36685","5080","2","3","3","19","221","321","428","541","667","C3805877"
"36686","29887","2","3","7","60","18","110","141","198","270","C3805887"
"36687","6862","2","5","3","53","51","335","259","560","373","C3805887"
"36688","51204","2","3","2","48","170","50","119","444","556","C3805887"
"36689","2299","2","3","3","19","221","321","428","541","667","C3805887"
"36690","51085","2","3","2","48","57","110","141","359","462","C3805887"
"36691","1437","2","5","7","53","14","20","25","40","186","C3805887"
"36692","55612","2","5","7","60","36","71","177","560","701","C3805919"
"36693","3440","2","3","12","19","184","118","155","287","116","C3805919"
"36694","54463","2","3","2","48","57","110","141","359","462","C3805919"
"36695","2253","2","5","7","53","14","20","25","40","186","C3805919"
"36696","2643","2","3","5","87","91","75","204","267","352","C3806178"
"36697","9361","2","3","2","48","170","50","119","444","556","C3806178"
"36698","10397","2","3","2","110","81","148","402","51","383","C3806178"
"36699","51134","2","3","12","76","153","40","38","54","75","C3806178"
"36700","7518","2","3","12","19","31","261","116","1","86","C3806179"
"36701","8195","2","3","12","76","153","76","38","54","75","C3806179"
"36702","3162","2","3","5","53","51","119","402","489","416","C3806179"
"36703","6335","2","5","8","63","36","166","341","390","158","C3806216"
"36704","6399","2","5","7","60","54","24","30","46","72","C3806216"
"36705","10516","2","5","7","53","51","342","454","573","492","C3806218"
"36706","3955","2","5","8","89","124","143","428","236","667","C3806218"
"36707","6134","2","3","2","110","85","237","433","547","671","C3806218"
"36708","6662","2","3","3","19","221","321","428","541","667","C3806218"
"36709","9342","2","5","7","34","52","216","395","549","674","C3806218"
"36710","1137","2","5","8","27","70","99","162","216","290","C3806218"
"36711","8626","2","3","3","19","221","321","428","541","667","C3806218"
"36712","2672","2","3","3","19","221","321","259","423","389","C3806221"
"36713","4620","2","5","8","63","45","23","103","464","187","C3806221"
"36714","4000","2","3","12","26","105","178","226","297","156","C3806221"
"36715","4353","2","3","7","34","52","216","395","549","674","C3806221"
"36716","3239","2","3","3","19","221","321","428","541","667","C3806280"
"36717","2033","2","3","12","19","31","1","91","433","118","C3806280"
"36718","94","2","5","7","53","51","342","259","423","389","C3806301"
"36719","2737","2","3","12","19","116","321","428","54","667","C3806301"
"36720","3339","2","5","7","53","51","342","454","573","492","C3806301"
"36721","1584","2","3","5","79","159","256","276","353","456","C3806301"
"36722","4952","2","3","5","60","54","184","30","544","669","C3806301"
"36723","4591","2","3","12","41","116","268","434","468","213","C3806301"
"36724","6620","2","5","7","27","36","150","341","223","628","C3806301"
"36725","1831","2","5","8","63","45","23","34","464","187","C3806301"
"36726","6916","2","3","5","91","175","119","167","224","301","C3806301"
"36727","54982","2","3","2","48","170","50","399","167","593","C3806301"
"36728","100","2","3","5","33","21","47","56","80","199","C3806301"
"36729","116442","2","5","7","60","54","24","30","46","72","C3806301"
"36730","8856","2","3","3","19","151","276","91","433","118","C3806301"
"36731","10815","2","5","7","60","36","71","341","223","666","C3806306"
"36732","6017","2","3","2","69","83","101","126","170","224","C3806306"
"36733","1026","2","3","12","19","31","1","116","489","416","C3806330"
"36734","6515","2","5","7","34","52","216","395","549","674","C3806330"
"36735","6662","2","3","3","19","221","321","428","541","667","C3806330"
"36736","5961","2","5","7","27","51","326","126","414","702","C3806330"
"36737","51750","2","3","12","19","31","261","116","1","86","C3806347"
"36738","760","2","3","5","35","41","77","40","78","178","C3806347"
"36739","6647","2","3","2","95","2","342","378","173","702","C3806347"
"36740","1277","2","5","7","53","51","342","454","573","492","C3806347"
"36741","8216","2","3","12","41","119","330","214","454","144","C3806347"
"36742","7291","2","3","12","19","151","276","91","489","416","C3806347"
"36743","10087","2","3","7","50","47","39","100","321","255","C3806402"
"36744","4148","2","5","7","53","51","342","454","573","492","C3806402"
"36745","3440","2","3","12","19","184","118","155","287","116","C3806442"
"36746","27063","2","3","3","19","151","276","91","433","118","C3806442"
"36747","2132","2","3","2","74","58","112","148","193","263","C3806447"
"36748","2780","2","5","4","68","96","326","427","548","672","C3806447"
"36749","10804","2","3","12","76","153","40","38","54","75","C3806462"
"36750","2255","2","5","7","53","14","20","25","40","186","C3806462"
"36751","5832","2","3","2","101","62","189","182","509","252","C3806462"
"36752","5073","2","3","2","110","85","323","433","146","194","C3806510"
"36753","5443","2","5","4","68","96","326","427","548","672","C3806510"
"36754","55135","2","3","12","76","137","76","136","472","435","C3806510"
"36755","204219","2","3","2","50","47","39","100","321","255","C3806510"
"36756","54903","2","3","12","76","153","40","38","54","75","C3806510"
"36757","8626","2","3","3","19","221","321","428","541","667","C3806554"
"36758","3800","2","5","7","27","36","150","341","223","628","C3806554"
"36759","9060","2","3","2","68","18","63","69","102","143","C3806554"
"36760","8890","2","3","2","110","85","237","433","547","671","C3806554"
"36761","54345","2","5","3","19","221","321","428","541","667","C3806554"
"36762","2153","2","5","7","53","51","342","454","573","492","C3806554"
"36763","5479","2","3","2","53","51","342","454","573","492","C3806554"
"36764","3047","2","3","12","19","31","118","155","287","116","C3806554"
"36765","51057","2","3","12","76","153","40","38","54","75","C3806554"
"36766","2773","2","5","4","68","96","326","427","548","672","C3806554"
"36767","8085","2","3","12","19","31","1","426","55","78","C3806554"
"36768","10049","2","3","12","22","219","339","347","271","356","C3806554"
"36769","6323","2","5","8","63","36","166","341","390","158","C3806554"
"36770","25814","2","3","2","48","170","110","119","444","462","C3806634"
"36771","2175","2","3","12","19","31","261","116","1","86","C3806634"
"36772","547","2","3","7","76","153","40","38","54","75","C3806644"
"36773","3439","2","3","12","19","184","118","155","287","116","C3806644"
"36774","55612","2","5","7","60","36","71","177","560","701","C3806644"
"36775","54539","2","3","2","48","170","50","119","444","556","C3806644"
"36776","26227","2","3","2","41","137","44","208","81","108","C3806644"
"36777","6497","2","5","3","19","221","342","259","423","389","C3806644"
"36778","6736","2","3","12","19","31","276","91","433","667","C3806644"
"36779","5604","2","5","7","53","14","20","34","540","68","C3806644"
"36780","6529","2","5","8","45","94","199","240","415","666","C3806917"
"36781","7466","2","5","7","53","51","342","454","573","492","C3806917"
"36782","10747","2","5","7","53","51","119","395","549","674","C3806917"
"36783","9131","2","3","12","41","219","339","347","271","356","C3807131"
"36784","4088","2","3","12","19","219","339","259","423","605","C3807131"
"36785","2706","2","3","12","76","153","40","38","54","75","C3807306"
"36786","8504","2","3","5","47","144","185","238","310","392","C3807306"
"36787","673","2","5","7","53","14","20","34","540","68","C3807327"
"36788","3315","2","3","12","41","181","160","362","402","215","C3807327"
"36789","9820","2","3","12","41","116","268","434","468","213","C3807327"
"36790","2255","2","5","7","53","14","20","25","40","186","C3807980"
"36791","6578","2","3","5","35","41","77","40","57","80","C3807980"
"36792","1639","2","3","12","76","153","40","38","54","75","C3808022"
"36793","4853","2","3","12","19","124","143","428","236","667","C3808022"
"36794","8085","2","3","12","19","31","1","426","55","78","C3808022"
"36795","857","2","5","7","53","45","23","57","83","422","C3808022"
"36796","7547","2","3","3","19","221","321","428","541","667","C3808022"
"36797","9211","2","5","7","27","36","150","341","223","628","C3808022"
"36798","4353","2","3","7","34","52","216","395","549","674","C3808022"
"36799","443","2","3","5","80","81","189","182","509","409","C3808022"
"36800","9632","2","3","7","60","153","40","38","54","203","C3808022"
"36801","6338","2","5","8","63","45","23","34","464","187","C3808039"
"36802","7403","2","3","12","19","31","1","426","55","78","C3808039"
"36803","84667","2","3","12","19","31","1","426","55","78","C3808039"
"36804","5828","2","3","5","43","161","305","409","208","482","C3808039"
"36805","7170","2","5","8","63","45","23","103","464","187","C3808039"
"36806","51259","2","3","2","76","153","40","38","54","75","C3808039"
"36807","796","2","5","4","68","96","326","427","548","672","C3808039"
"36808","7319","2","3","12","41","116","268","434","468","213","C3808046"
"36809","6532","2","5","8","45","94","199","240","415","666","C3808046"
"36810","4337","2","3","2","80","91","75","204","267","352","C3808046"
"36811","3565","2","5","7","53","51","119","25","489","416","C3808249"
"36812","6154","2","3","2","110","85","237","433","547","671","C3808249"
"36813","940","2","5","7","53","14","20","25","40","186","C3808249"
"36814","7084","2","3","2","72","109","115","62","268","353","C3808249"
"36815","8642","2","5","7","53","51","335","444","560","373","C3808249"
"36816","1294","2","5","7","53","51","342","454","573","492","C3808249"
"36817","3299","2","3","12","42","81","296","399","201","274","C3808249"
"36818","6772","2","3","12","53","184","119","156","287","116","C3808249"
"36819","4627","2","5","7","63","45","184","103","572","658","C3808249"
"36820","7468","2","3","12","19","31","1","426","55","78","C3808249"
"36821","950","2","5","7","60","14","184","341","544","669","C3808249"
"36822","5970","2","3","12","19","31","276","91","433","118","C3808249"
"36823","54822","2","5","8","63","45","193","306","390","158","C3808270"
"36824","3000","2","5","4","68","96","326","427","548","672","C3808270"
"36825","5167","2","3","5","32","93","163","207","303","126","C3808270"
"36826","3082","2","5","7","53","51","342","25","40","186","C3808300"
"36827","10436","2","3","2","110","85","237","433","547","671","C3808300"
"36828","11315","2","3","2","48","170","50","399","201","229","C3808377"
"36829","8575","2","3","2","22","33","323","66","101","194","C3808377"
"36830","7092","2","5","7","53","51","342","454","573","492","C3808377"
"36831","3736","2","5","8","63","36","166","106","110","158","C3808377"
"36832","3052","2","3","2","48","170","50","119","444","556","C3808377"
"36833","8813","2","3","2","48","116","142","136","280","363","C3808377"
"36834","3708","2","5","8","63","45","23","306","390","158","C3808377"
"36835","3939","2","3","2","62","37","28","52","105","349","C3808377"
"36836","3479","2","5","7","53","51","342","454","573","492","C3808377"
"36837","8200","2","5","7","53","51","342","259","423","389","C3808377"
"36838","1294","2","5","7","53","51","342","454","573","492","C3808377"
"36839","51085","2","3","2","48","57","110","141","359","462","C3808377"
"36840","10273","2","3","12","41","116","268","434","468","213","C3808377"
"36841","3028","2","3","2","67","92","152","32","252","154","C3808377"
"36842","291","2","3","2","48","170","50","304","167","593","C3808377"
"36843","7038","2","5","7","60","18","184","98","66","203","C3808403"
"36844","1286","2","5","7","53","51","342","454","573","492","C3808403"
"36845","6390","2","3","2","48","170","50","119","444","556","C3809221"
"36846","4747","2","5","7","27","36","150","341","223","628","C3809221"
"36847","8626","2","3","3","19","221","321","428","541","667","C3809221"
"36848","7169","2","5","8","63","45","23","103","464","187","C3809221"
"36849","9968","2","4","3","24","119","330","214","454","144","C3809221"
"36850","8892","2","3","2","110","85","237","433","547","671","C3809221"
"36851","546","2","3","12","19","31","261","426","1","86","C3809221"
"36852","3815","2","5","7","53","14","20","25","40","186","C3809715"
"36853","2952","2","3","5","91","175","271","372","471","586","C3809715"
"36854","257","2","3","3","19","221","321","428","541","667","C3809715"
"36855","10479","2","5","7","27","36","150","341","223","628","C3809719"
"36856","3594","2","5","7","53","51","119","25","560","373","C3809719"
"36857","9968","2","4","3","24","119","330","214","454","144","C3809811"
"36858","7422","2","5","7","53","51","342","454","573","702","C3809811"
"36859","5594","2","5","7","34","14","20","34","540","274","C3809811"
"36860","7227","2","3","12","19","31","276","91","433","118","C3809811"
"36861","54487","2","3","2","22","33","323","66","101","136","C3809811"
"36862","8928","2","3","12","19","221","321","259","423","389","C3809811"
"36863","5982","2","3","12","19","31","261","116","1","86","C3809811"
"36864","9361","2","3","2","48","170","50","119","444","556","C3809811"
"36865","54790","2","3","12","19","31","1","426","55","78","C3809811"
"36866","5096","2","3","2","48","40","130","166","127","173","C3809811"
"36867","1991","2","5","7","34","52","216","395","549","674","C3810018"
"36868","3835","2","3","12","76","153","40","38","54","75","C3810018"
"36869","462","2","5","7","53","51","342","454","573","492","C3810018"
"36870","54209","2","5","7","53","51","119","395","549","674","C3810214"
"36871","4126","2","3","7","34","52","216","395","549","674","C3810214"
"36872","860","2","3","12","19","31","276","91","433","118","C3810214"
"36873","1760","2","5","8","63","14","20","34","540","68","C3810471"
"36874","5351","2","5","7","53","51","342","454","573","492","C3810471"
"36875","1281","2","5","7","53","51","342","454","573","492","C3810487"
"36876","2812","2","5","7","53","51","342","454","573","492","C3810487"
"36877","3630","2","5","7","53","14","20","25","40","186","C3814530"
"36878","63976","2","3","12","19","31","1","426","55","78","C3814530"
"36879","1493","2","5","7","53","51","119","25","40","186","C3814530"
"36880","4695","2","3","2","48","170","50","119","444","556","C3814530"
"36881","9829","2","5","7","60","14","184","341","544","669","C3814530"
"36882","128178","2","3","12","41","219","339","156","568","697","C3838883"
"36883","29851","2","5","7","53","14","20","25","40","186","C3838883"
"36884","1785","2","5","7","60","14","184","341","544","669","C3839460"
"36885","2010","2","3","12","26","105","296","226","488","156","C3839460"
"36886","1286","2","5","7","53","51","342","454","573","492","C3839460"
"36887","658","2","5","7","53","51","342","259","423","389","C3839460"
"36888","9569","2","3","12","19","31","276","91","433","118","C3839460"
"36889","547","2","3","7","76","153","40","38","54","75","C3839460"
"36890","5144","2","3","4","68","96","326","427","548","672","C3839460"
"36891","78987","2","5","4","68","96","326","162","216","290","C3839460"
"36892","23600","2","3","5","80","81","305","409","208","482","C3839460"
"36893","2657","2","5","7","53","51","342","259","423","389","C3839460"
"36894","4141","2","3","2","110","85","237","433","547","154","C3839460"
"36895","5728","2","3","5","80","81","339","156","568","605","C3839460"
"36896","5340","2","5","7","53","51","342","454","573","492","C3839753"
"36897","8481","2","3","12","76","153","40","38","54","75","C3839753"
"36898","2773","2","5","4","68","96","326","427","548","672","C3839753"
"36899","5728","2","3","5","80","81","339","156","568","605","C3839753"
"36900","5728","2","3","5","80","81","339","156","568","605","C3839753"
"36901","5745","2","5","4","68","96","326","427","548","672","C3839753"
"36902","196","2","3","3","19","151","276","91","433","118","C3839753"
"36903","9409","2","3","5","43","161","305","409","208","482","C3839753"
"36904","9992","2","5","8","63","36","166","341","110","158","C3839753"
"36905","9731","2","3","12","76","153","40","38","54","75","C3839753"
"36906","4118","2","5","7","27","36","150","397","248","628","C3839753"
"36907","81704","2","3","12","19","31","118","155","287","116","C3840083"
"36908","9241","2","5","7","53","51","342","259","423","389","C3840083"
"36909","26053","2","3","12","19","31","1","426","55","78","C3840083"
"36910","4901","2","5","3","19","151","276","91","433","673","C3840083"
"36911","4000","2","3","12","26","105","178","226","297","156","C3840083"
"36912","29951","2","5","7","53","51","119","91","549","674","C3840083"
"36913","114798","2","5","7","53","51","335","444","560","373","C3840083"
"36914","6870","2","5","4","68","96","326","427","548","672","C3840083"
"36915","1594","2","3","5","92","163","96","363","460","487","C3840083"
"36916","3077","2","5","7","53","51","119","395","549","674","C3840083"
"36917","2733","2","3","2","22","33","323","66","101","664","C3840083"
"36918","3458","2","5","7","53","184","119","156","287","116","C3854181"
"36919","4613","2","3","12","19","31","1","426","55","78","C3854181"
"36920","5781","2","5","7","53","14","20","25","40","186","C3854181"
"36921","7461","2","3","7","60","153","40","38","93","75","C3854388"
"36922","2542","2","3","5","80","81","296","399","500","577","C3854388"
"36923","3949","2","5","7","60","14","184","341","544","669","C3854388"
"36924","2737","2","3","12","19","116","321","428","54","667","C3854388"
"36925","9622","2","5","7","68","51","119","395","549","674","C3854388"
"36926","4041","2","5","3","68","221","197","259","560","422","C3854388"
"36927","24","2","3","12","41","116","268","423","536","445","C3854388"
"36928","10939","2","3","2","48","170","50","119","444","593","C3854388"
"36929","1387","2","3","12","19","31","276","91","433","118","C3854388"
"36930","2187","2","3","12","19","31","261","116","1","86","C3854388"
"36931","7474","2","5","3","68","221","184","259","544","669","C3854388"
"36932","55690","2","3","2","48","57","110","141","359","462","C3854388"
"36933","4715","2","3","2","48","170","50","119","444","556","C3854388"
"36934","27077","2","3","12","76","153","40","38","54","75","C3854388"
"36935","5354","2","5","7","27","36","150","341","223","628","C3854603"
"36936","6663","2","3","3","19","221","321","428","541","667","C3854603"
"36937","2492","2","5","4","68","96","326","427","548","672","C3854603"
"36938","2261","2","5","7","53","14","20","25","40","186","C3854603"
"36939","1311","2","5","7","53","51","342","454","573","492","C3854603"
"36940","22","2","3","2","48","170","279","423","274","154","C3854603"
"36941","2998","2","3","2","28","22","48","232","82","114","C3887485"
"36942","6391","2","3","2","48","170","50","119","444","556","C3887485"
"36943","4353","2","3","7","34","52","216","395","549","674","C3887485"
"36944","10210","2","3","12","41","116","268","434","468","213","C3887489"
"36945","2736","2","3","12","41","116","321","428","54","667","C3887489"
"36946","3784","2","5","8","63","36","166","106","110","158","C3887489"
"36947","9652","2","3","2","110","85","237","433","547","671","C3887496"
"36948","282617","2","5","7","53","51","119","25","40","186","C3887496"
"36949","3630","2","5","7","53","14","20","25","40","186","C3887496"
"36950","6445","2","5","8","63","45","23","103","464","187","C3887496"
"36951","7080","2","3","3","19","221","321","428","541","667","C3887496"
"36952","1075","2","5","7","34","52","216","395","549","674","C3887496"
"36953","11005","2","1","6","11","142","225","142","220","298","C3887499"
"36954","5743","2","3","5","53","175","119","167","489","416","C3887499"
"36955","8573","2","5","7","53","36","71","341","223","219","C3887499"
"36956","27031","2","3","6","11","142","225","38","331","506","C3887499"
"36957","9841","2","3","6","11","142","225","142","220","298","C3887499"
"36958","57492","2","3","12","19","31","1","426","55","78","C3887499"
"36959","25974","2","3","7","48","51","105","139","186","245","C3887499"
"36960","4512","2","3","2","48","170","110","141","359","8","C3887499"
"36961","4137","2","3","7","27","36","150","341","223","628","C3887499"
"36962","2483","2","3","2","22","33","323","66","101","136","C3887499"
"36963","80816","2","3","2","22","33","323","426","55","78","C3887499"
"36964","5660","2","5","7","34","52","326","427","548","702","C3887499"
"36965","27232","2","3","2","19","31","105","106","14","7","C3887499"
"36966","4513","2","3","2","48","170","110","141","359","532","C3887499"
"36967","94","2","5","7","53","51","342","259","423","389","C3887499"
"36968","8214","2","3","6","11","142","225","142","220","298","C3887499"
"36969","3663","2","3","12","53","184","119","156","287","116","C3887499"
"36970","5592","2","5","4","53","14","20","34","540","68","C3887499"
"36971","23636","2","3","12","22","33","323","66","101","664","C3887499"
"36972","1261","2","5","8","63","36","166","106","110","158","C3887499"
"36973","2317","2","5","7","63","45","23","103","287","664","C3887499"
"36974","7248","2","3","2","48","57","110","141","359","462","C3887499"
"36975","3251","2","3","4","68","96","326","427","341","150","C3887499"
"36976","5648","2","5","7","53","51","119","395","549","674","C3887499"
"36977","1387","2","3","12","19","31","276","91","433","118","C3887499"
"36978","11200","2","3","12","19","31","261","116","1","86","C3887499"
"36979","1145","2","5","8","27","70","99","162","216","290","C3887499"
"36980","23426","2","5","7","42","36","71","177","223","219","C3887499"
"36981","695","2","5","7","53","14","20","25","40","186","C3887499"
"36982","5296","2","5","7","53","14","20","25","40","186","C3887499"
"36983","53834","2","5","7","53","51","342","454","573","492","C3887524"
"36984","54888","2","3","2","110","85","152","129","252","154","C3887524"
"36985","7403","2","3","12","19","31","1","426","55","78","C3887524"
"36986","24","2","3","12","41","116","268","423","536","445","C3887524"
"36987","472","2","3","12","19","31","261","116","1","86","C3887524"
"36988","673","2","5","7","53","14","20","34","540","68","C3887524"
"36989","2033","2","3","12","19","31","1","91","433","118","C3887524"
"36990","6331","2","5","8","63","36","166","341","223","158","C3887524"
"36991","3553","2","5","7","53","51","119","25","489","416","C3887524"
"36992","9401","2","3","12","76","31","261","116","1","86","C3887524"
"36993","3949","2","5","7","60","14","184","341","544","669","C3887524"
"36994","5897","2","3","12","41","116","268","141","568","605","C3887524"
"36995","3930","2","3","2","22","33","323","66","3","464","C3887525"
"36996","7466","2","5","7","53","51","342","454","573","492","C3887525"
"36997","50506","2","3","2","36","48","89","110","400","341","C3887527"
"36998","5696","2","3","12","41","116","268","156","568","116","C3887527"
"36999","3861","2","1","6","11","142","225","142","220","298","C3887527"
"37000","23493","2","3","12","19","221","143","428","236","667","C3887527"
"37001","2778","2","5","4","68","96","326","427","548","672","C3887527"
"37002","2641","2","5","4","68","96","326","427","548","672","C3887611"
"37003","3651","2","3","3","19","221","321","428","541","667","C3887611"
"37004","1938","2","3","7","34","52","216","395","549","671","C3887611"
"37005","4286","2","3","12","19","31","261","116","1","664","C3887611"
"37006","3758","2","5","8","63","36","166","106","110","158","C3887611"
"37007","8822","2","5","7","53","14","20","25","40","186","C3887611"
"37008","6342","2","3","5","80","161","305","409","208","482","C3887611"
"37009","6833","2","5","8","45","36","166","240","415","666","C3887611"
"37010","9992","2","5","8","63","36","166","341","110","158","C3887611"
"37011","8398","2","3","5","116","183","40","38","352","455","C3887611"
"37012","3832","2","3","12","76","153","40","38","54","75","C3887611"
"37013","5333","2","3","5","18","16","40","417","103","58","C3887611"
"37014","1594","2","3","5","92","163","96","363","460","487","C3887611"
"37015","54567","2","5","7","53","51","143","428","236","667","C3887611"
"37016","3759","2","5","8","63","36","166","106","110","158","C3887612"
"37017","2812","2","5","7","53","51","342","454","573","492","C3887612"
"37018","2064","2","5","7","53","14","20","25","40","186","C3887612"
"37019","23400","2","5","8","63","45","23","103","464","187","C3887640"
"37020","1203","2","3","2","41","170","342","423","536","342","C3887640"
"37021","546","2","3","12","19","31","261","426","1","86","C3887640"
"37022","2072","2","3","12","19","31","261","116","1","86","C3887640"
"37023","4089","2","3","12","19","219","339","259","423","605","C3887645"
"37024","2200","2","5","7","53","51","342","454","573","492","C3887645"
"37025","859","2","5","8","63","45","23","103","464","187","C3887645"
"37026","50964","2","5","3","68","221","197","259","423","422","C3887667"
"37027","3852","2","1","6","11","142","225","142","220","298","C3887667"
"37028","2658","2","5","7","53","51","342","259","423","389","C3887709"
"37029","29110","2","3","12","41","219","339","156","568","697","C3887709"
"37030","2316","2","5","7","53","51","342","454","573","702","C3887709"
"37031","7003","2","3","12","19","31","276","91","433","118","C3887709"
"37032","658","2","5","7","53","51","342","259","423","389","C3887709"
"37033","6519","2","3","5","45","94","199","240","415","666","C3887709"
"37034","5447","2","3","5","91","214","271","372","471","586","C3887709"
"37035","249","2","3","5","27","51","335","444","560","373","C3887709"
"37036","55636","2","3","3","19","221","321","428","423","389","C3887709"
"37037","1302","2","5","7","53","51","342","454","573","492","C3887709"
"37038","1513","2","5","7","53","51","342","454","573","492","C3887709"
"37039","54567","2","5","7","53","51","143","428","236","667","C3887709"
"37040","6558","2","5","8","45","94","199","240","415","666","C3887875"
"37041","3458","2","5","7","53","184","119","156","287","116","C3887875"
"37042","3166","2","3","3","19","221","321","428","541","667","C3887875"
"37043","868","2","3","12","41","116","268","434","468","213","C3887875"
"37044","5961","2","5","7","27","51","326","126","414","702","C3887875"
"37045","220296","2","5","7","53","51","119","444","549","674","C3887875"
"37046","4645","2","3","4","67","92","293","55","75","311","C3887875"
"37047","9759","2","3","12","19","31","276","91","433","118","C3887875"
"37048","4148","2","5","7","53","51","342","454","573","492","C3887875"
"37049","25836","2","3","12","76","153","40","38","54","75","C3887875"
"37050","1103","2","3","2","67","92","293","55","75","311","C3887875"
"37051","669","2","3","5","90","167","266","441","106","616","C3887875"
"37052","3098","2","3","2","90","167","266","367","500","577","C3887875"
"37053","4000","2","3","12","26","105","178","226","297","156","C3887875"
"37054","7168","2","5","8","63","45","23","103","464","187","C3887875"
"37055","472","2","3","12","19","31","261","116","1","86","C3887875"
"37056","3426","2","5","7","53","51","119","395","549","674","C3887875"
"37057","5896","2","3","12","41","116","268","434","568","605","C3887875"
"37058","51010","2","3","2","110","85","237","433","547","671","C3887875"
"37059","1954","2","5","7","53","51","342","454","573","492","C3887892"
"37060","2956","2","3","12","19","31","261","116","1","86","C3887892"
"37061","6716","2","3","2","69","98","169","299","50","494","C3887898"
"37062","4041","2","5","3","68","221","197","259","560","422","C3887898"
"37063","2301","2","5","6","11","142","225","142","220","673","C3887898"
"37064","7040","2","5","7","53","51","342","454","573","492","C3887898"
"37065","2778","2","5","4","68","96","326","427","548","672","C3887949"
"37066","54977","2","3","2","110","85","118","155","287","116","C3887949"
"37067","6138","2","3","2","110","85","237","433","547","671","C3887959"
"37068","1896","2","5","12","41","219","339","156","568","697","C3888018"
"37069","7415","2","3","7","34","52","216","395","536","445","C3888018"
"37070","5155","2","5","7","53","51","342","454","573","186","C3888018"
"37071","3953","2","5","7","53","14","20","25","40","186","C3888209"
"37072","25953","2","3","2","67","92","293","137","75","664","C3891448"
"37073","6774","2","3","12","53","14","276","25","489","416","C3891448"
"37074","5429","2","3","12","19","31","261","116","1","86","C3891448"
"37075","51360","2","3","3","26","35","276","91","433","203","C3891448"
"37076","51601","2","3","2","67","92","293","55","75","311","C3891448"
"37077","2737","2","3","12","19","116","321","428","54","667","C3891828"
"37078","582","2","3","12","76","153","76","38","54","75","C3891828"
"37079","355","2","3","7","41","219","339","156","568","697","C4011556"
"37080","9131","2","3","12","41","219","339","347","271","356","C4011556"
"37081","7840","2","3","12","76","153","40","38","54","75","C4011556"
"37082","3423","2","3","5","74","3","342","374","294","590","C4011556"
"37083","5727","2","3","12","68","221","197","259","560","422","C4011556"
"37084","2272","2","3","12","19","170","266","367","500","577","C4011556"
"37085","10020","2","3","2","89","124","204","42","452","258","C4011556"
"37086","6606","2","3","2","22","33","323","66","101","136","C4011556"
"37087","846","2","5","4","68","96","326","427","548","672","C4011556"
"37088","4087","2","3","12","19","219","339","259","423","605","C4011556"
"37089","5354","2","5","7","27","36","150","341","223","628","C4011556"
"37090","8517","2","3","12","41","219","339","156","568","697","C4011556"
"37091","9939","2","3","2","22","33","323","66","101","136","C4011788"
"37092","5160","2","3","2","67","92","293","55","75","311","C4011788"
"37093","6392","2","3","2","48","170","50","119","444","556","C4011788"
"37094","1581","2","3","5","19","151","276","91","433","118","C4011788"
"37095","3589","2","5","7","53","51","119","25","40","416","C4011788"
"37096","55023","2","3","12","41","116","268","434","468","213","C4011788"
"37097","29995","2","5","5","68","96","185","238","310","272","C4011788"
"37098","6647","2","3","2","95","2","342","378","173","702","C4011788"
"37099","22926","2","3","12","19","31","276","91","433","118","C4011926"
"37100","4221","2","3","12","19","31","342","454","573","492","C4011926"
"37101","4352","2","5","7","53","14","20","25","40","186","C4012359"
"37102","55212","2","3","12","76","153","76","38","54","75","C4012359"
"37103","3845","2","5","7","60","54","24","30","46","72","C4012359"
"37104","1269","2","5","4","68","96","326","427","548","672","C4012359"
"37105","57822","2","3","12","19","31","1","426","55","78","C4012359"
"37106","1497","2","5","2","63","182","50","103","297","628","C4012359"
"37107","4935","2","5","4","68","96","326","427","548","672","C4012359"
"37108","2006","2","5","7","53","51","342","454","573","492","C4012359"
"37109","1213","2","3","7","60","14","184","341","544","669","C4012968"
"37110","2260","2","5","7","53","14","20","25","40","186","C4012968"
"37111","83394","2","5","7","68","89","273","399","92","129","C4012968"
"37112","23299","2","3","12","76","153","40","38","54","75","C4012968"
"37113","4221","2","3","12","19","31","342","454","573","492","C4012968"
"37114","79867","2","3","2","76","153","40","38","54","75","C4012968"
"37115","1145","2","5","8","27","70","99","162","216","290","C4012968"
"37116","5327","2","5","7","53","51","342","454","573","492","C4012968"
"37117","2022","2","5","7","53","51","342","259","423","389","C4012968"
"37118","1337","2","3","2","48","170","110","141","359","462","C4012968"
"37119","5468","2","3","3","19","151","276","91","433","118","C4012968"
"37120","10265","2","3","3","19","221","321","428","541","667","C4012968"
"37121","3045","2","3","12","19","31","118","155","287","116","C4012968"
"37122","1528","2","3","5","91","214","271","372","471","586","C4012968"
"37123","7136","2","5","8","63","45","23","103","464","187","C4013429"
"37124","3909","2","5","7","53","51","342","454","573","492","C4013429"
"37125","23522","2","3","12","19","31","1","426","55","78","C4014605"
"37126","51156","2","5","7","53","51","342","454","573","492","C4014605"
"37127","2261","2","5","7","53","14","20","25","40","186","C4014733"
"37128","1630","2","5","7","53","51","335","444","560","373","C4014733"
"37129","6655","2","5","7","60","54","24","30","46","72","C4014733"
"37130","3098","2","3","2","90","167","266","367","500","577","C4014733"
"37131","8192","2","3","2","48","170","50","119","444","556","C4015465"
"37132","593","2","3","2","67","92","293","55","75","311","C4015465"
"37133","3060","2","5","4","68","96","326","427","548","672","C4018860"
"37134","631","2","3","12","27","45","23","103","540","664","C4018860"
"37135","54903","2","3","12","76","153","40","38","54","75","C4018860"
"37136","7139","2","5","8","63","45","23","103","464","187","C4018860"
"37137","8517","2","3","12","41","219","339","156","568","697","C4018860"
"37138","8575","2","3","2","22","33","323","66","101","194","C4018860"
"37139","346288","2","3","12","76","108","225","141","305","387","C4018860"
"37140","538","2","3","8","63","45","23","103","464","187","C4018860"
"37141","5605","2","5","7","53","14","20","34","540","68","C4018871"
"37142","4512","2","3","2","48","170","110","141","359","8","C4018871"
"37143","54474","2","1","6","11","142","225","142","220","298","C4018871"
"37144","50943","2","3","12","19","31","1","426","129","131","C4018871"
"37145","3239","2","3","3","19","221","321","428","541","667","C4019436"
"37146","3717","2","5","7","53","14","20","25","40","186","C4019436"
"37147","1471","2","5","7","34","52","216","395","549","492","C4019436"
"37148","6335","2","5","8","63","36","166","341","390","158","C4019436"
"37149","7136","2","5","8","63","45","23","103","464","187","C4020690"
"37150","3918","2","5","7","53","51","342","454","573","492","C4020690"
"37151","4261","2","3","12","53","184","119","156","287","116","C4020690"
"37152","9993","2","5","7","53","51","342","454","573","492","C4020690"
"37153","7436","2","5","7","53","51","342","341","544","669","C4020691"
"37154","2078","2","3","12","19","31","276","91","148","624","C4020691"
"37155","8799","2","3","5","43","161","305","409","208","482","C4020691"
"37156","6310","2","3","12","22","142","225","366","362","468","C4020695"
"37157","1758","2","5","7","53","51","342","454","573","492","C4020695"
"37158","5327","2","5","7","53","51","342","454","573","492","C4020697"
"37159","2312","2","1","6","11","142","225","142","220","298","C4020697"
"37160","4893","2","5","7","34","52","24","30","46","72","C4020700"
"37161","2109","2","3","2","48","170","50","119","444","556","C4020700"
"37162","1130","2","5","7","60","54","326","141","359","462","C4020707"
"37163","26128","2","3","12","76","153","40","38","54","154","C4020707"
"37164","5190","2","3","5","43","161","305","409","208","482","C4020713"
"37165","7037","2","5","7","60","14","184","341","544","669","C4020713"
"37166","3984","2","5","7","53","14","20","34","540","68","C4020713"
"37167","3753","2","5","8","63","36","166","341","223","158","C4020718"
"37168","2261","2","5","7","53","14","20","25","40","186","C4020718"
"37169","6926","2","5","7","53","51","335","259","560","373","C4020730"
"37170","26278","2","3","12","41","116","268","347","271","356","C4020730"
"37171","3981","2","3","12","19","31","261","116","1","86","C4020730"
"37172","207","2","3","7","53","14","20","34","489","416","C4020730"
"37173","3425","2","3","5","80","81","166","454","573","492","C4020730"
"37174","1908","2","5","4","68","96","326","427","548","672","C4020730"
"37175","3064","2","3","12","48","170","50","444","91","439","C4020730"
"37176","23095","2","3","7","76","153","40","38","54","75","C4020730"
"37177","55636","2","3","3","19","221","321","428","423","389","C4020730"
"37178","10046","2","3","12","19","31","143","428","236","667","C4020730"
"37179","4607","2","5","7","53","51","23","103","464","187","C4020730"
"37180","2239","2","3","2","74","51","342","454","573","492","C4020730"
"37181","29926","2","3","2","68","66","123","158","207","278","C4020730"
"37182","4593","2","5","7","53","14","20","454","573","492","C4020731"
"37183","207","2","3","7","53","14","20","34","489","416","C4020731"
"37184","146057","2","3","12","76","153","40","38","54","75","C4020731"
"37185","4000","2","3","12","26","105","178","226","297","156","C4020731"
"37186","23746","2","3","12","41","83","101","126","271","356","C4020732"
"37187","5624","2","5","7","53","51","342","454","573","492","C4020732"
"37188","2516","2","3","3","19","151","276","91","433","118","C4020732"
"37189","3425","2","3","5","80","81","166","454","573","492","C4020734"
"37190","1952","2","5","7","53","51","335","444","560","373","C4020734"
"37191","10577","2","5","7","34","52","216","395","549","674","C4020734"
"37192","2247","2","5","7","53","14","20","25","40","186","C4020734"
"37193","182","2","5","7","53","51","143","428","236","667","C4020734"
"37194","5592","2","5","4","53","14","20","34","540","68","C4020734"
"37195","36","2","3","2","48","170","50","119","444","556","C4020734"
"37196","2780","2","5","4","68","96","326","427","548","672","C4020734"
"37197","5395","2","3","12","19","31","261","116","1","86","C4020734"
"37198","51684","2","3","12","41","116","268","38","54","75","C4020734"
"37199","4625","2","3","8","63","45","23","103","464","187","C4020734"
"37200","2488","2","5","4","68","96","326","427","548","672","C4020734"
"37201","1758","2","5","7","53","51","342","454","573","492","C4020734"
"37202","5818","2","5","7","53","51","335","444","560","373","C4020734"
"37203","1380","2","5","7","53","51","119","395","549","674","C4020738"
"37204","540","2","5","8","63","45","23","103","464","187","C4020738"
"37205","6442","2","5","8","63","45","23","103","464","187","C4020739"
"37206","4157","2","5","4","68","96","326","427","548","672","C4020739"
"37207","11200","2","3","12","19","31","261","116","1","86","C4020743"
"37208","1281","2","5","7","53","51","342","454","573","492","C4020743"
"37209","6239","2","3","12","19","119","330","214","454","144","C4020744"
"37210","3835","2","3","12","76","153","40","38","54","75","C4020744"
"37211","3690","2","5","7","53","51","342","454","573","492","C4020747"
"37212","9370","2","5","3","41","151","276","91","433","118","C4020747"
"37213","2697","2","3","7","76","153","40","38","54","75","C4020747"
"37214","7428","2","3","12","41","116","268","434","468","213","C4020747"
"37215","5890","2","3","12","19","31","261","116","1","86","C4020747"
"37216","7469","2","3","12","19","31","261","116","159","211","C4020747"
"37217","3106","2","5","7","34","52","119","395","549","674","C4020747"
"37218","6584","2","3","8","45","94","199","240","415","666","C4020747"
"37219","2720","2","3","7","34","52","216","395","21","599","C4020747"
"37220","5727","2","3","12","68","221","197","259","560","422","C4020747"
"37221","10587","2","3","2","95","2","60","378","37","55","C4020747"
"37222","4693","2","5","7","53","51","342","454","573","492","C4020747"
"37223","25915","2","3","2","48","170","50","119","444","556","C4020747"
"37224","55630","2","3","5","27","81","99","162","216","290","C4020747"
"37225","5147","2","3","5","60","54","24","30","46","72","C4020747"
"37226","27329","2","5","7","53","51","342","454","573","492","C4020747"
"37227","2736","2","3","12","41","116","321","428","54","667","C4020749"
"37228","6223","2","3","2","110","85","237","433","547","671","C4020749"
"37229","7249","2","3","7","60","57","110","141","359","462","C4020759"
"37230","1969","2","5","7","53","14","20","25","560","186","C4020759"
"37231","1718","2","3","2","54","90","84","48","69","204","C4020759"
"37232","2071","2","3","12","19","31","261","116","159","211","C4020759"
"37233","151","2","5","4","68","96","326","427","548","672","C4020759"
"37234","617","2","3","2","48","170","50","304","167","593","C4020759"
"37235","3845","2","5","7","60","54","24","30","46","72","C4020765"
"37236","2121","2","3","12","41","116","268","434","568","605","C4020765"
"37237","5744","2","5","4","68","96","326","427","548","672","C4020765"
"37238","7473","2","5","3","68","221","197","259","560","422","C4020768"
"37239","345","2","5","7","53","51","342","454","573","492","C4020768"
"37240","6253","2","5","4","27","36","326","402","489","187","C4020768"
"37241","6647","2","3","2","95","2","342","378","173","702","C4020770"
"37242","2184","2","3","5","76","153","138","236","332","407","C4020770"
"37243","673","2","5","7","53","14","20","34","540","68","C4020772"
"37244","28982","2","3","5","25","44","165","101","274","358","C4020772"
"37245","8313","2","3","12","41","219","339","156","568","605","C4020772"
"37246","4513","2","3","2","48","170","110","141","359","532","C4020772"
"37247","1027","2","3","12","19","31","1","116","1","86","C4020773"
"37248","2261","2","5","7","53","14","20","25","40","186","C4020773"
"37249","5190","2","3","5","43","161","305","409","208","482","C4020778"
"37250","2138","2","3","12","19","31","1","426","55","78","C4020778"
"37251","1410","2","3","12","63","45","23","38","54","187","C4020778"
"37252","6899","2","5","7","53","184","335","259","560","373","C4020779"
"37253","5832","2","3","2","101","62","189","182","509","252","C4020779"
"37254","3691","2","5","7","53","51","342","454","573","492","C4020779"
"37255","3848","2","5","7","34","52","225","142","220","298","C4020787"
"37256","6299","2","3","12","19","221","321","428","541","667","C4020787"
"37257","3425","2","3","5","80","81","166","454","573","492","C4020787"
"37258","845","2","5","8","63","45","23","34","464","187","C4020787"
"37259","5828","2","3","5","43","161","305","409","208","482","C4020790"
"37260","1297","2","5","7","53","51","342","454","573","492","C4020790"
"37261","4893","2","5","7","34","52","24","30","46","72","C4020790"
"37262","2623","2","3","12","19","31","1","155","287","116","C4020791"
"37263","148","2","5","4","68","96","326","427","548","672","C4020791"
"37264","2737","2","3","12","19","116","321","428","54","667","C4020801"
"37265","2697","2","3","7","76","153","40","38","54","75","C4020801"
"37266","4256","2","5","7","53","51","342","454","573","492","C4020801"
"37267","10082","2","3","2","74","51","342","454","573","492","C4020805"
"37268","1146","2","5","8","27","70","99","162","216","290","C4020805"
"37269","1674","2","5","8","63","45","23","103","464","187","C4020805"
"37270","4541","2","3","2","48","170","50","119","444","24","C4020805"
"37271","6658","2","3","12","19","221","321","428","541","667","C4020805"
"37272","51082","2","3","2","19","31","1","426","55","78","C4020806"
"37273","2218","2","5","2","53","123","194","255","560","373","C4020806"
"37274","729","2","5","7","53","51","119","395","549","219","C4020810"
"37275","2566","2","5","8","27","70","99","162","216","290","C4020810"
"37276","1291","2","5","7","53","51","342","454","573","492","C4020810"
"37277","5000","2","3","12","76","31","261","116","1","86","C4020810"
"37278","1616","2","3","12","19","31","1","426","55","316","C4020810"
"37279","10672","2","5","7","60","54","24","30","46","72","C4020810"
"37280","5332","2","3","4","68","96","326","427","548","672","C4020811"
"37281","2627","2","3","12","19","31","118","155","287","116","C4020811"
"37282","3115","2","5","7","53","184","119","156","287","116","C4020811"
"37283","2562","2","5","8","27","70","99","162","216","290","C4020813"
"37284","2706","2","3","12","76","153","40","38","54","75","C4020813"
"37285","54551","2","3","12","41","219","197","156","568","422","C4020813"
"37286","779","2","5","8","63","36","166","341","390","158","C4020813"
"37287","5314","2","3","12","76","153","40","38","54","75","C4020813"
"37288","6786","2","5","8","63","45","23","103","464","187","C4020813"
"37289","2798","2","5","4","68","96","326","427","548","672","C4020813"
"37290","3954","2","3","2","48","170","67","119","444","593","C4020813"
"37291","8878","2","3","12","41","219","339","156","568","697","C4020813"
"37292","4512","2","3","2","48","170","110","141","359","8","C4020813"
"37293","3674","2","5","7","53","51","342","454","573","492","C4020813"
"37294","5105","2","3","3","67","151","276","91","433","118","C4020813"
"37295","4261","2","3","12","53","184","119","156","287","116","C4020813"
"37296","4750","2","5","12","76","14","20","34","540","68","C4020813"
"37297","4000","2","3","12","26","105","178","226","297","156","C4020813"
"37298","2719","2","5","7","53","51","342","454","573","492","C4020813"
"37299","2697","2","3","7","76","153","40","38","54","75","C4020813"
"37300","6558","2","5","8","45","94","199","240","415","666","C4020813"
"37301","374","2","5","7","60","153","40","202","66","203","C4020813"
"37302","25923","2","3","2","48","184","50","119","444","116","C4020813"
"37303","51062","2","5","7","27","36","150","402","489","373","C4020813"
"37304","7124","2","3","12","41","219","339","156","568","697","C4020821"
"37305","11277","2","3","12","19","31","261","116","1","86","C4020821"
"37306","55636","2","3","3","19","221","321","428","423","389","C4020821"
"37307","23529","2","5","7","53","51","119","25","40","416","C4020821"
"37308","7251","2","3","2","48","57","110","141","359","462","C4020821"
"37309","55294","2","3","12","41","116","268","434","468","213","C4020824"
"37310","1280","2","5","7","53","51","342","454","573","492","C4020824"
"37311","8243","2","3","12","76","31","40","38","54","75","C4020824"
"37312","1585","2","3","5","79","159","256","351","100","589","C4020824"
"37313","5994","2","3","12","19","31","276","91","491","118","C4020825"
"37314","51360","2","3","3","26","35","276","91","433","203","C4020825"
"37315","1836","2","3","2","35","41","94","260","330","375","C4020830"
"37316","1577","2","3","5","91","214","226","400","204","264","C4020830"
"37317","54840","2","3","12","19","31","261","116","1","86","C4020830"
"37318","55112","2","3","12","76","153","40","38","54","75","C4020830"
"37319","7319","2","3","12","41","116","268","434","468","213","C4020830"
"37320","338","2","5","7","53","51","342","454","573","492","C4020830"
"37321","9210","2","5","7","53","51","342","454","573","492","C4020838"
"37322","7432","2","5","4","68","96","326","427","548","672","C4020838"
"37323","7043","2","5","7","53","51","342","454","573","492","C4020838"
"37324","9401","2","3","12","76","31","261","116","1","86","C4020838"
"37325","5940","2","3","2","22","33","323","66","101","136","C4020838"
"37326","2896","2","5","7","34","52","216","395","549","674","C4020838"
"37327","2969","2","3","12","19","31","276","91","433","118","C4020838"
"37328","10370","2","3","12","19","31","276","91","433","118","C4020838"
"37329","23230","2","5","7","11","142","71","341","560","219","C4020838"
"37330","64902","2","3","8","67","94","199","240","415","666","C4020838"
"37331","10436","2","3","2","110","85","237","433","547","671","C4020838"
"37332","1737","2","3","2","67","92","293","55","75","311","C4020838"
"37333","3717","2","5","7","53","14","20","25","40","186","C4020838"
"37334","23166","2","5","7","53","51","342","395","549","674","C4020839"
"37335","1292","2","5","7","53","51","342","454","573","492","C4020839"
"37336","4758","2","3","7","34","52","216","395","549","517","C4020839"
"37337","1188","2","5","8","63","45","23","34","464","187","C4020839"
"37338","3783","2","5","8","63","36","166","106","110","158","C4020839"
"37339","2261","2","5","7","53","14","20","25","40","186","C4020839"
"37340","4595","2","3","12","19","31","261","116","1","86","C4020839"
"37341","3953","2","5","7","53","14","20","25","40","186","C4020839"
"37342","1280","2","5","7","53","51","342","454","573","492","C4020839"
"37343","9791","2","3","8","45","94","199","240","415","666","C4020839"
"37344","1639","2","3","12","76","153","40","38","54","75","C4020839"
"37345","4851","2","3","12","19","221","143","428","236","667","C4020839"
"37346","5830","2","3","5","43","161","305","409","208","482","C4020839"
"37347","6910","2","3","12","19","51","335","444","560","373","C4020839"
"37348","3643","2","5","7","53","14","20","25","40","186","C4020839"
"37349","54463","2","3","2","48","57","110","141","359","462","C4020839"
"37350","79848","2","3","12","76","153","40","38","54","75","C4020840"
"37351","5019","2","3","2","67","92","293","55","75","311","C4020840"
"37352","8216","2","3","12","41","119","330","214","454","144","C4020840"
"37353","6890","2","3","12","41","184","119","156","568","116","C4020840"
"37354","6663","2","3","3","19","221","321","428","541","667","C4020840"
"37355","8243","2","3","12","76","31","40","38","54","75","C4020840"
"37356","5327","2","5","7","53","51","342","454","573","492","C4020840"
"37357","11285","2","3","2","74","205","191","396","408","620","C4020840"
"37358","287","2","5","7","76","153","40","38","54","203","C4020840"
"37359","1910","2","5","4","68","96","326","427","548","672","C4020840"
"37360","9255","2","3","2","110","85","237","433","547","154","C4020840"
"37361","3624","2","5","7","53","51","342","259","423","389","C4020840"
"37362","10516","2","5","7","53","51","342","454","573","492","C4020840"
"37363","9742","2","3","12","76","153","40","38","54","75","C4020840"
"37364","633","2","5","7","53","51","342","454","573","492","C4020840"
"37365","7054","2","3","5","80","81","166","34","258","345","C4020840"
"37366","10861","2","3","2","35","142","225","142","220","673","C4020841"
"37367","9031","2","3","12","19","31","1","426","55","78","C4020841"
"37368","10522","2","3","12","19","221","197","259","236","422","C4020841"
"37369","5295","2","5","7","53","14","20","25","40","186","C4020841"
"37370","3014","2","3","12","19","31","1","426","55","78","C4020844"
"37371","23495","2","3","12","41","219","339","156","568","697","C4020844"
"37372","6654","2","5","7","60","54","24","30","46","72","C4020844"
"37373","4247","2","3","2","68","67","320","98","180","279","C4020844"
"37374","4689","2","5","7","60","14","20","25","40","215","C4020844"
"37375","1586","2","3","5","79","98","256","335","425","540","C4020844"
"37376","1285","2","5","7","53","51","342","454","573","492","C4020844"
"37377","3557","2","3","12","41","219","339","156","568","697","C4020844"
"37378","6335","2","5","8","63","36","166","341","390","158","C4020844"
"37379","1482","2","3","3","19","221","321","428","541","667","C4020844"
"37380","90","2","5","7","53","51","342","259","423","389","C4020844"
"37381","5818","2","5","7","53","51","335","444","560","373","C4020844"
"37382","5449","2","3","3","19","221","321","428","541","667","C4020844"
"37383","2737","2","3","12","19","116","321","428","54","667","C4020844"
"37384","8425","2","5","7","53","51","342","454","573","492","C4020844"
"37385","4125","2","3","7","34","52","216","395","549","674","C4020844"
"37386","6016","2","5","7","60","54","24","30","46","72","C4020844"
"37387","5885","2","3","12","76","153","40","38","54","75","C4020848"
"37388","26580","2","5","8","27","70","99","162","216","290","C4020848"
"37389","9031","2","3","12","19","31","1","426","55","78","C4020848"
"37390","1277","2","5","7","53","51","342","454","573","492","C4020848"
"37391","3119","2","5","7","53","153","119","156","287","116","C4020848"
"37392","79728","2","3","12","19","31","261","116","1","86","C4020848"
"37393","5290","2","3","7","53","14","20","25","40","186","C4020850"
"37394","23236","2","3","4","68","96","326","427","548","672","C4020850"
"37395","22931","2","5","7","34","54","24","30","46","72","C4020851"
"37396","55650","2","3","2","61","77","142","176","235","557","C4020851"
"37397","10654","2","3","3","72","151","276","91","433","118","C4020851"
"37398","26227","2","3","2","41","137","44","208","81","108","C4020851"
"37399","50616","2","5","7","53","51","119","25","40","186","C4020851"
"37400","54209","2","5","7","53","51","119","395","549","674","C4020851"
"37401","2316","2","5","7","53","51","342","454","573","702","C4020851"
"37402","7474","2","5","3","68","221","184","259","544","669","C4020851"
"37403","1621","2","3","5","53","51","239","333","422","537","C4020851"
"37404","9620","2","5","7","53","51","335","444","560","373","C4020851"
"37405","367","2","3","12","19","31","276","91","433","118","C4020851"
"37406","54941","2","3","12","41","116","268","434","468","213","C4020851"
"37407","1487","2","3","12","19","31","1","426","55","340","C4020851"
"37408","5742","2","3","5","91","175","134","167","224","301","C4020851"
"37409","10483","2","3","7","60","54","24","30","46","72","C4020851"
"37410","2071","2","3","12","19","31","261","116","159","211","C4020851"
"37411","8985","2","5","7","53","51","342","454","573","492","C4020851"
"37412","4541","2","3","2","48","170","50","119","444","24","C4020851"
"37413","1617","2","3","2","22","33","323","66","101","468","C4020853"
"37414","8792","2","3","12","41","219","339","156","568","697","C4020853"
"37415","25782","2","5","7","60","54","24","30","46","72","C4020856"
"37416","27130","2","3","12","48","45","143","38","236","69","C4020856"
"37417","9381","2","5","7","53","33","342","34","540","492","C4020856"
"37418","10978","2","3","2","22","33","323","66","101","136","C4020856"
"37419","2255","2","5","7","53","14","20","25","40","186","C4020856"
"37420","5745","2","5","4","68","96","326","427","548","672","C4020856"
"37421","7054","2","3","5","80","81","166","34","258","345","C4020856"
"37422","3073","2","3","5","105","155","250","291","152","420","C4020856"
"37423","3717","2","5","7","53","14","20","25","40","186","C4020856"
"37424","5932","2","3","12","19","31","261","116","1","86","C4020856"
"37425","8942","2","3","5","52","212","183","307","391","507","C4020856"
"37426","367","2","3","12","19","31","276","91","433","118","C4020856"
"37427","7518","2","3","12","19","31","261","116","1","86","C4020856"
"37428","1493","2","5","7","53","51","119","25","40","186","C4020856"
"37429","5290","2","3","7","53","14","20","25","40","186","C4020856"
"37430","547","2","3","7","76","153","40","38","54","75","C4020856"
"37431","2629","2","3","5","80","81","250","291","152","420","C4020856"
"37432","5314","2","3","12","76","153","40","38","54","75","C4020856"
"37433","1717","2","3","2","19","151","276","48","69","204","C4020856"
"37434","5000","2","3","12","76","31","261","116","1","86","C4020856"
"37435","51422","2","3","2","48","57","110","141","359","462","C4020857"
"37436","2697","2","3","7","76","153","40","38","54","75","C4020857"
"37437","4128","2","3","5","80","81","119","402","489","416","C4020857"
"37438","5159","2","5","7","53","14","20","25","40","186","C4020857"
"37439","4893","2","5","7","34","52","24","30","46","72","C4020857"
"37440","51008","2","3","12","19","31","276","91","433","118","C4020857"
"37441","1436","2","5","7","53","14","20","25","40","186","C4020857"
"37442","7290","2","3","12","19","31","1","426","55","78","C4020858"
"37443","1158","2","3","2","72","115","66","72","507","35","C4020858"
"37444","7373","2","5","7","53","51","342","454","573","492","C4020858"
"37445","506","2","3","2","48","170","50","119","167","593","C4020858"
"37446","10019","2","5","7","53","14","20","25","40","116","C4020858"
"37447","80224","2","3","2","48","170","50","119","444","556","C4020858"
"37448","2318","2","5","7","53","45","23","103","464","187","C4020858"
"37449","1146","2","5","8","27","70","99","162","216","290","C4020858"
"37450","8518","2","3","12","19","31","1","426","55","78","C4020858"
"37451","55343","2","3","4","68","69","306","410","520","639","C4020858"
"37452","124590","2","3","3","19","221","321","428","541","667","C4020858"
"37453","1062","2","3","12","76","153","40","38","54","75","C4020858"
"37454","5395","2","3","12","19","31","261","116","1","86","C4020858"
"37455","54332","2","3","2","60","170","40","98","66","203","C4020858"
"37456","9742","2","3","12","76","153","40","38","54","75","C4020858"
"37457","5896","2","3","12","41","116","268","434","568","605","C4020858"
"37458","1760","2","5","8","63","14","20","34","540","68","C4020858"
"37459","55651","2","3","2","110","85","237","433","547","671","C4020858"
"37460","4143","2","3","5","80","81","105","426","129","2","C4020858"
"37461","9314","2","3","3","19","151","276","91","433","118","C4020858"
"37462","6514","2","5","7","90","216","337","448","565","562","C4020858"
"37463","28952","2","3","12","41","116","268","434","468","213","C4020858"
"37464","338","2","5","7","53","51","342","454","573","492","C4020858"
"37465","5159","2","5","7","53","14","20","25","40","186","C4020858"
"37466","7290","2","3","12","19","31","1","426","55","78","C4020858"
"37467","10021","2","5","8","63","36","166","106","110","158","C4020858"
"37468","2260","2","5","7","53","14","20","25","40","186","C4020858"
"37469","3339","2","5","7","53","51","342","454","573","492","C4020858"
"37470","5193","2","3","5","43","161","305","409","208","482","C4020859"
"37471","950","2","5","7","60","14","184","341","544","669","C4020859"
"37472","6609","2","3","5","105","155","250","291","152","420","C4020859"
"37473","8086","2","3","12","22","33","323","66","101","664","C4020859"
"37474","11277","2","3","12","19","31","261","116","1","86","C4020859"
"37475","153201","2","3","2","45","94","199","15","25","676","C4020859"
"37476","55636","2","3","3","19","221","321","428","423","389","C4020859"
"37477","5897","2","3","12","41","116","268","141","568","605","C4020859"
"37478","8910","2","5","8","63","45","23","103","464","187","C4020859"
"37479","1080","2","3","12","41","219","339","156","544","669","C4020859"
"37480","10269","2","3","2","48","182","50","119","444","556","C4020859"
"37481","6303","2","3","2","67","118","160","261","188","423","C4020861"
"37482","81839","2","3","2","41","36","71","259","64","422","C4020861"
"37483","23594","2","3","12","76","153","261","116","1","86","C4020861"
"37484","30813","2","3","3","19","221","321","428","541","667","C4020861"
"37485","1301","2","5","7","53","51","342","454","573","492","C4020861"
"37486","3265","2","5","7","60","54","24","30","46","72","C4020861"
"37487","3861","2","1","6","11","142","225","142","220","298","C4020861"
"37488","5728","2","3","5","80","81","339","156","568","605","C4020861"
"37489","2263","2","5","7","53","14","20","25","40","186","C4020861"
"37490","5147","2","3","5","60","54","24","30","46","72","C4020861"
"37491","3636","2","3","5","80","14","20","25","40","186","C4020861"
"37492","5144","2","3","4","68","96","326","427","548","672","C4020861"
"37493","1153","2","3","2","22","33","323","66","101","136","C4020861"
"37494","135","2","5","4","68","96","326","427","548","672","C4020861"
"37495","8892","2","3","2","110","85","237","433","547","671","C4020861"
"37496","51651","2","3","12","41","219","339","156","568","605","C4020861"
"37497","29078","2","3","2","48","170","50","119","444","556","C4020861"
"37498","26191","2","5","7","53","14","20","25","40","186","C4020861"
"37499","5116","2","3","12","76","153","40","38","54","75","C4020861"
"37500","27130","2","3","12","48","45","143","38","236","69","C4020861"
"37501","9968","2","4","3","24","119","330","214","454","144","C4020861"
"37502","26249","2","3","12","41","116","268","434","468","213","C4020863"
"37503","6208","2","3","2","110","85","237","433","547","671","C4020863"
"37504","3984","2","5","7","53","14","20","34","540","68","C4020864"
"37505","7428","2","3","12","41","116","268","434","468","213","C4020864"
"37506","1181","2","5","8","63","45","23","34","464","187","C4020864"
"37507","5449","2","3","3","19","221","321","428","541","667","C4020864"
"37508","10075","2","3","12","34","52","216","434","468","213","C4020864"
"37509","841","2","3","12","41","219","339","156","568","697","C4020864"
"37510","2588","2","3","7","34","52","216","395","549","674","C4020864"
"37511","1736","2","3","2","110","85","237","433","547","671","C4020864"
"37512","6597","2","3","12","19","31","1","426","55","78","C4020864"
"37513","3265","2","5","7","60","54","24","30","46","72","C4020864"
"37514","4893","2","5","7","34","52","24","30","46","72","C4020865"
"37515","9990","2","5","8","45","94","199","240","415","666","C4020865"
"37516","1293","2","5","7","53","51","342","454","573","492","C4020865"
"37517","2316","2","5","7","53","51","342","454","573","702","C4020865"
"37518","5251","2","3","5","80","81","296","474","593","722","C4020865"
"37519","11254","2","3","8","45","94","199","240","415","666","C4020865"
"37520","1280","2","5","7","53","51","342","454","573","492","C4020865"
"37521","50485","2","3","12","19","31","261","116","1","86","C4020865"
"37522","9469","2","3","2","103","189","303","29","475","467","C4020865"
"37523","2260","2","5","7","53","14","20","25","40","186","C4020865"
"37524","9971","2","3","3","19","151","276","91","433","118","C4020865"
"37525","3784","2","5","8","63","36","166","106","110","158","C4020865"
"37526","4538","2","3","2","48","170","50","119","444","556","C4020866"
"37527","3655","2","5","7","53","51","342","454","573","492","C4020866"
"37528","1956","2","5","7","53","14","184","45","544","669","C4020866"
"37529","11005","2","1","6","11","142","225","142","220","298","C4020866"
"37530","3549","2","5","3","53","51","197","259","560","422","C4020867"
"37531","7994","2","3","12","19","31","1","426","55","78","C4020867"
"37532","1493","2","5","7","53","51","119","25","40","186","C4020867"
"37533","23545","2","3","5","29","88","132","85","222","346","C4020867"
"37534","10806","2","3","12","76","153","40","38","54","75","C4020867"
"37535","5396","2","3","3","19","221","321","428","541","667","C4020867"
"37536","5962","2","5","7","60","36","71","378","64","436","C4020867"
"37537","3425","2","3","5","80","81","166","454","573","492","C4020867"
"37538","4256","2","5","7","53","51","342","454","573","492","C4020867"
"37539","2316","2","5","7","53","51","342","454","573","702","C4020867"
"37540","811","2","3","2","41","116","342","423","536","342","C4020867"
"37541","1789","2","3","12","19","31","1","426","55","78","C4020867"
"37542","6198","2","3","7","53","14","20","34","540","68","C4020867"
"37543","2006","2","5","7","53","51","342","454","573","492","C4020867"
"37544","2316","2","5","7","53","51","342","454","573","702","C4020867"
"37545","5831","2","3","2","101","62","189","182","566","409","C4020867"
"37546","10117","2","5","7","53","51","342","454","573","492","C4020867"
"37547","51715","2","5","7","60","54","24","30","46","72","C4020868"
"37548","9096","2","5","7","53","51","335","259","560","373","C4020868"
"37549","4921","2","5","7","53","14","20","25","573","186","C4020868"
"37550","4287","2","3","12","41","116","268","434","468","215","C4020868"
"37551","55687","2","3","2","48","170","152","119","252","154","C4020868"
"37552","5073","2","3","2","110","85","323","433","146","194","C4020868"
"37553","9380","2","3","2","67","128","208","289","366","472","C4020868"
"37554","207","2","3","7","53","14","20","34","489","416","C4020868"
"37555","7421","2","3","3","19","151","276","91","433","118","C4020868"
"37556","4322","2","5","7","53","51","342","454","573","492","C4020868"
"37557","79809","2","3","12","76","153","40","38","54","75","C4020868"
"37558","5573","2","3","12","19","184","118","155","287","116","C4020868"
"37559","10804","2","3","12","76","153","40","38","54","75","C4020868"
"37560","219844","2","3","5","60","18","184","356","544","669","C4020868"
"37561","2009","2","3","12","76","153","40","38","54","75","C4020868"
"37562","23218","2","5","7","34","52","216","395","549","674","C4020868"
"37563","7421","2","3","3","19","151","276","91","433","118","C4020868"
"37564","9096","2","5","7","53","51","335","259","560","373","C4020868"
"37565","23742","2","5","5","68","96","326","427","447","586","C4020868"
"37566","9469","2","3","2","103","189","303","29","475","467","C4020868"
"37567","54345","2","5","3","19","221","321","428","541","667","C4020868"
"37568","1788","2","3","12","19","31","1","426","55","78","C4020868"
"37569","7291","2","3","12","19","151","276","91","489","416","C4020868"
"37570","10084","2","3","2","22","33","323","66","101","136","C4020868"
"37571","3039","2","3","5","35","41","118","155","287","116","C4020868"
"37572","4000","2","3","12","26","105","178","226","297","156","C4020869"
"37573","5982","2","3","12","19","31","261","116","1","86","C4020869"
"37574","9723","2","5","7","53","51","342","79","560","373","C4020869"
"37575","2072","2","3","12","19","31","261","116","1","86","C4020869"
"37576","2263","2","5","7","53","14","20","25","40","186","C4020869"
"37577","3845","2","5","7","60","54","24","30","46","72","C4020869"
"37578","1269","2","5","4","68","96","326","427","548","672","C4020869"
"37579","4763","2","5","7","60","54","24","30","46","214","C4020869"
"37580","54757","2","5","7","53","51","342","454","573","492","C4020869"
"37581","112476","2","3","2","48","170","50","119","444","556","C4020869"
"37582","3077","2","5","7","53","51","119","395","549","674","C4020869"
"37583","2645","2","3","2","90","167","266","367","101","664","C4020869"
"37584","3845","2","5","7","60","54","24","30","46","72","C4020869"
"37585","2395","2","3","2","48","170","50","304","167","593","C4020869"
"37586","7274","2","3","5","43","161","99","162","216","290","C4020872"
"37587","6335","2","5","8","63","36","166","341","390","158","C4020872"
"37588","1062","2","3","12","76","153","40","38","54","75","C4020872"
"37589","6566","2","3","2","67","37","316","422","535","660","C4020872"
"37590","2624","2","3","12","19","31","1","155","287","116","C4020872"
"37591","7840","2","3","12","76","153","40","38","54","75","C4020872"
"37592","2516","2","3","3","19","151","276","91","433","118","C4020872"
"37593","652","2","5","7","53","51","342","454","573","492","C4020878"
"37594","2074","2","3","12","19","31","1","426","55","78","C4020878"
"37595","412","2","3","5","105","155","250","291","152","420","C4020878"
"37596","3596","2","5","7","53","51","119","25","489","416","C4020878"
"37597","3237","2","3","3","19","221","321","428","541","667","C4020878"
"37598","735","2","5","7","53","51","119","395","549","674","C4020878"
"37599","9451","2","3","2","110","51","335","226","297","380","C4020878"
"37600","4286","2","3","12","19","31","261","116","1","664","C4020878"
"37601","5159","2","5","7","53","14","20","25","40","186","C4020878"
"37602","1297","2","5","7","53","51","342","454","573","492","C4020878"
"37603","5447","2","3","5","91","214","271","372","471","586","C4020878"
"37604","6324","2","5","7","63","36","166","341","223","158","C4020878"
"37605","355","2","3","7","41","219","339","156","568","697","C4020878"
"37606","5727","2","3","12","68","221","197","259","560","422","C4020878"
"37607","6337","2","5","8","63","45","23","34","464","187","C4020878"
"37608","54790","2","3","12","19","31","1","426","55","78","C4020878"
"37609","26160","2","3","12","76","153","40","38","54","75","C4020878"
"37610","2294","2","3","3","19","221","321","428","541","667","C4020878"
"37611","6559","2","5","8","45","94","199","240","415","666","C4020878"
"37612","4851","2","3","12","19","221","143","428","236","667","C4020878"
"37613","1301","2","5","7","53","51","342","454","573","492","C4020879"
"37614","2697","2","3","7","76","153","40","38","54","75","C4020879"
"37615","10370","2","3","12","19","31","276","91","433","118","C4020879"
"37616","6663","2","3","3","19","221","321","428","541","667","C4020879"
"37617","6478","2","3","12","41","116","268","434","468","213","C4020880"
"37618","8220","2","3","2","22","33","323","66","101","136","C4020880"
"37619","6870","2","5","4","68","96","326","427","548","672","C4020880"
"37620","2733","2","3","2","22","33","323","66","101","664","C4020880"
"37621","10342","2","3","7","60","219","40","202","66","203","C4020882"
"37622","7021","2","3","12","19","31","261","91","433","664","C4020882"
"37623","134","2","5","4","68","96","326","427","548","672","C4020882"
"37624","10262","2","3","2","22","33","323","66","101","136","C4020882"
"37625","1811","2","5","8","35","41","199","40","415","666","C4020883"
"37626","6275","2","3","12","34","52","216","156","572","697","C4020883"
"37627","5604","2","5","7","53","14","20","34","540","68","C4020883"
"37628","5378","2","3","12","19","31","261","116","1","86","C4020883"
"37629","6833","2","5","8","45","36","166","240","415","666","C4020883"
"37630","3815","2","5","7","53","14","20","25","40","186","C4020886"
"37631","50814","2","3","2","69","221","73","360","86","119","C4020886"
"37632","348","2","5","7","53","51","342","454","573","492","C4020886"
"37633","5518","2","3","12","76","153","40","38","54","435","C4020886"
"37634","7291","2","3","12","19","151","276","91","489","416","C4020886"
"37635","25942","2","3","12","19","31","1","426","55","78","C4020886"
"37636","2623","2","3","12","19","31","1","155","287","116","C4020886"
"37637","5422","2","3","12","19","31","261","116","1","86","C4020886"
"37638","3559","2","5","7","53","14","20","25","40","186","C4020886"
"37639","6945","2","3","12","19","31","110","141","488","102","C4020886"
"37640","55605","2","3","12","76","153","40","38","54","75","C4020886"
"37641","7132","2","3","12","41","219","339","156","568","697","C4020886"
"37642","6786","2","5","8","63","45","23","103","464","187","C4020886"
"37643","2248","2","5","7","53","14","20","25","40","186","C4020886"
"37644","2697","2","3","7","76","153","40","38","54","75","C4020886"
"37645","3651","2","3","3","19","221","321","428","541","667","C4020886"
"37646","1906","2","5","4","68","96","326","427","548","672","C4020886"
"37647","7124","2","3","12","41","219","339","156","568","697","C4020886"
"37648","54756","2","5","7","41","219","238","118","543","214","C4020886"
"37649","3691","2","5","7","53","51","342","454","573","492","C4020886"
"37650","1730","2","3","12","76","153","40","38","54","75","C4020886"
"37651","6532","2","5","8","45","94","199","240","415","666","C4020886"
"37652","1301","2","5","7","53","51","342","454","573","492","C4020886"
"37653","567","2","5","7","34","52","119","395","549","674","C4020886"
"37654","10815","2","5","7","60","36","71","341","223","666","C4020886"
"37655","832","2","3","12","76","153","40","38","287","116","C4020888"
"37656","182","2","5","7","53","51","143","428","236","667","C4020888"
"37657","60558","2","3","2","48","182","67","76","157","208","C4020888"
"37658","22868","2","3","2","48","182","67","76","463","153","C4020888"
"37659","1476","2","5","7","34","52","216","395","549","674","C4020888"
"37660","2056","2","5","7","53","51","119","25","40","186","C4020888"
"37661","2006","2","5","7","53","51","342","454","573","492","C4020888"
"37662","5328","2","5","7","34","52","216","395","549","674","C4020888"
"37663","2332","2","3","2","22","33","71","373","466","609","C4020888"
"37664","6487","2","3","2","89","124","204","272","236","667","C4020888"
"37665","673","2","5","7","53","14","20","34","540","68","C4020888"
"37666","4907","2","3","5","80","81","296","62","94","150","C4020888"
"37667","54209","2","5","7","53","51","119","395","549","674","C4020889"
"37668","5290","2","3","7","53","14","20","25","40","186","C4020889"
"37669","860","2","3","12","19","31","276","91","433","118","C4020889"
"37670","55703","2","3","2","22","33","261","116","159","211","C4020889"
"37671","4358","2","3","5","43","161","305","409","208","482","C4020889"
"37672","3730","2","5","7","53","14","20","25","40","186","C4020889"
"37673","3753","2","5","8","63","36","166","341","223","158","C4020890"
"37674","284119","2","3","7","53","51","342","454","573","492","C4020890"
"37675","23418","2","5","7","53","36","71","177","560","373","C4020890"
"37676","72","2","5","8","63","45","23","103","464","187","C4020890"
"37677","8929","2","3","3","19","221","321","428","541","667","C4020891"
"37678","3954","2","3","2","48","170","67","119","444","593","C4020891"
"37679","3339","2","5","7","53","51","342","454","573","492","C4020891"
"37680","335","2","5","7","53","51","342","454","573","492","C4020891"
"37681","10021","2","5","8","63","36","166","106","110","158","C4020891"
"37682","2261","2","5","7","53","14","20","25","40","186","C4020891"
"37683","3594","2","5","7","53","51","119","25","560","373","C4020891"
"37684","6495","2","3","3","19","221","321","428","541","667","C4020891"
"37685","51099","2","3","2","67","92","293","55","75","311","C4020891"
"37686","8838","2","5","7","53","51","342","259","423","389","C4020891"
"37687","6335","2","5","8","63","36","166","341","390","158","C4020891"
"37688","1947","2","5","7","53","51","20","25","560","373","C4020891"
"37689","6515","2","5","7","34","52","216","395","549","674","C4020891"
"37690","1548","2","3","5","91","214","226","326","447","586","C4020891"
"37691","8241","2","3","2","22","33","323","66","101","136","C4020891"
"37692","3930","2","3","2","22","33","323","66","3","464","C4020892"
"37693","445","2","3","2","84","97","167","210","278","360","C4020892"
"37694","83990","2","3","12","19","31","261","116","1","86","C4020892"
"37695","3248","2","3","2","69","83","133","167","224","301","C4020892"
"37696","1289","2","5","7","53","51","342","454","573","492","C4020892"
"37697","1311","2","5","7","53","51","342","454","573","492","C4020892"
"37698","19","2","3","3","19","151","276","91","433","118","C4020892"
"37699","1644","2","3","2","88","79","239","333","258","345","C4020892"
"37700","5518","2","3","12","76","153","40","38","54","435","C4020892"
"37701","54433","2","3","2","110","85","237","433","547","671","C4020892"
"37702","5277","2","3","2","61","77","142","176","235","317","C4020892"
"37703","54903","2","3","12","76","153","40","38","54","75","C4020892"
"37704","7292","2","5","12","41","219","339","156","568","697","C4020892"
"37705","11311","2","3","12","19","31","118","155","287","116","C4020892"
"37706","2697","2","3","7","76","153","40","38","54","75","C4020892"
"37707","9031","2","3","12","19","31","1","426","55","78","C4020892"
"37708","5932","2","3","12","19","31","261","116","1","86","C4020892"
"37709","715","2","5","7","53","51","119","395","549","674","C4020894"
"37710","5116","2","3","12","76","153","40","38","54","75","C4020894"
"37711","79971","2","5","3","68","221","197","259","560","422","C4020894"
"37712","5744","2","5","4","68","96","326","427","548","672","C4020894"
"37713","1154","2","3","12","41","116","268","434","468","213","C4020894"
"37714","6239","2","3","12","19","119","330","214","454","144","C4020894"
"37715","6262","2","5","8","63","45","23","34","464","187","C4020894"
"37716","2717","2","3","7","34","52","216","395","549","674","C4020894"
"37717","2261","2","5","7","53","14","20","25","40","186","C4020894"
"37718","10269","2","3","2","48","182","50","119","444","556","C4020895"
"37719","8200","2","5","7","53","51","342","259","423","389","C4020895"
"37720","1289","2","5","7","53","51","342","454","573","492","C4020895"
"37721","4157","2","5","4","68","96","326","427","548","672","C4020895"
"37722","8813","2","3","2","48","116","142","136","280","363","C4020895"
"37723","8838","2","5","7","53","51","342","259","423","389","C4020895"
"37724","1312","2","3","2","87","79","105","426","129","25","C4020897"
"37725","4214","2","3","12","41","219","339","34","540","117","C4020897"
"37726","5376","2","5","7","53","51","342","454","573","492","C4020897"
"37727","3094","2","3","2","48","170","266","367","500","78","C4020897"
"37728","7020","2","3","12","19","31","276","91","433","664","C4020897"
"37729","54101","2","3","2","48","170","50","347","167","593","C4020897"
"37730","10841","2","3","2","76","153","40","38","54","48","C4020897"
"37731","6197","2","3","12","19","14","20","34","540","68","C4020897"
"37732","6772","2","3","12","53","184","119","156","287","116","C4020897"
"37733","5149","2","3","5","68","38","16","477","596","725","C4020897"
"37734","4990","2","3","3","19","221","321","428","541","667","C4020897"
"37735","4000","2","3","12","26","105","178","226","297","156","C4020897"
"37736","4921","2","5","7","53","14","20","25","573","186","C4020897"
"37737","7253","2","5","4","68","96","326","427","548","672","C4020897"
"37738","5745","2","5","4","68","96","326","427","548","672","C4020897"
"37739","5373","2","3","2","90","167","123","158","207","278","C4020898"
"37740","23126","2","3","12","19","31","276","426","55","78","C4020898"
"37741","26504","2","3","5","42","81","296","399","201","274","C4020898"
"37742","11277","2","3","12","19","31","261","116","1","86","C4020898"
"37743","50945","2","3","3","48","170","335","347","560","373","C4020898"
"37744","10265","2","3","3","19","221","321","428","541","667","C4020898"
"37745","6786","2","5","8","63","45","23","103","464","187","C4020898"
"37746","4519","2","3","2","48","170","50","119","508","312","C4020898"
"37747","3918","2","5","7","53","51","342","454","573","492","C4020898"
"37748","25978","2","3","2","48","57","110","141","359","462","C4020898"
"37749","55509","2","3","12","19","31","276","91","433","118","C4020898"
"37750","6647","2","3","2","95","2","342","378","173","702","C4020898"
"37751","1294","2","5","7","53","51","342","454","573","492","C4020898"
"37752","22934","2","3","2","90","167","148","36","51","383","C4020898"
"37753","4508","2","3","2","48","170","50","119","444","556","C4020908"
"37754","1415","2","3","6","63","45","160","362","177","673","C4020908"
"37755","55102","2","3","12","76","153","266","367","500","462","C4020908"
"37756","55624","2","3","2","78","123","194","255","215","412","C4020908"
"37757","23426","2","5","7","42","36","71","177","223","219","C4020908"
"37758","7535","2","5","7","53","14","20","25","40","186","C4020922"
"37759","2316","2","5","7","53","51","342","454","573","702","C4020922"
"37760","10280","2","3","2","110","85","52","57","86","119","C4020948"
"37761","361","2","3","5","80","81","166","397","374","486","C4020948"
"37762","6144","2","3","2","110","85","237","433","547","671","C4020952"
"37763","240","2","3","7","34","52","216","395","489","416","C4020952"
"37764","4282","2","5","7","34","52","216","395","549","674","C4020952"
"37765","6654","2","5","7","60","54","24","30","46","72","C4020952"
"37766","3035","2","3","2","110","85","237","433","547","154","C4020952"
"37767","9126","2","3","12","76","153","40","38","54","75","C4020952"
"37768","10371","2","5","7","53","51","342","79","560","373","C4020957"
"37769","6016","2","5","7","60","54","24","30","46","72","C4020957"
"37770","51715","2","5","7","60","54","24","30","46","72","C4020957"
"37771","3763","2","5","8","63","36","166","106","110","158","C4020957"
"37772","10804","2","3","12","76","153","40","38","54","75","C4020957"
"37773","10804","2","3","12","76","153","40","38","54","75","C4020957"
"37774","26040","2","3","12","19","31","1","116","297","78","C4020958"
"37775","2006","2","5","7","53","51","342","454","573","492","C4020958"
"37776","1959","2","3","3","19","151","276","91","433","118","C4020958"
"37777","2956","2","3","12","19","31","261","116","1","86","C4020958"
"37778","5053","2","3","5","80","81","166","236","308","390","C4020958"
"37779","5828","2","3","5","43","161","305","409","208","482","C4020958"
"37780","4286","2","3","12","19","31","261","116","1","664","C4020958"
"37781","4313","2","5","7","53","51","342","454","573","492","C4020958"
"37782","4758","2","3","7","34","52","216","395","549","517","C4020958"
"37783","3954","2","3","2","48","170","67","119","444","593","C4020958"
"37784","1832","2","5","7","34","52","225","142","220","298","C4020958"
"37785","5573","2","3","12","19","184","118","155","287","116","C4020959"
"37786","410","2","3","7","34","52","216","395","549","674","C4020959"
"37787","3694","2","5","7","53","51","342","454","573","492","C4020960"
"37788","55630","2","3","5","27","81","99","162","216","290","C4020960"
"37789","153090","2","5","7","60","54","24","30","46","72","C4020960"
"37790","54968","2","3","2","48","170","50","119","444","556","C4020960"
"37791","176","2","5","7","53","51","342","454","573","492","C4020960"
"37792","5308","2","3","3","19","221","321","428","541","667","C4020961"
"37793","7046","2","3","12","41","219","339","259","423","605","C4020961"
"37794","3857","2","1","6","11","142","225","142","220","298","C4020961"
"37795","1387","2","3","12","19","31","276","91","433","118","C4020962"
"37796","4854","2","5","7","53","51","143","428","236","667","C4020962"
"37797","9927","2","3","12","19","31","118","155","287","116","C4020962"
"37798","50814","2","3","2","69","221","73","360","86","119","C4020962"
"37799","355","2","3","7","41","219","339","156","568","697","C4020962"
"37800","25939","2","3","12","53","184","119","156","287","116","C4020962"
"37801","11280","2","5","8","63","36","166","341","390","158","C4020962"
"37802","847","2","3","7","34","52","216","395","549","674","C4020962"
"37803","2146","2","3","12","19","31","1","426","55","78","C4020962"
"37804","5443","2","5","4","68","96","326","427","548","672","C4020962"
"37805","5002","2","5","8","45","94","199","240","415","666","C4020962"
"37806","2737","2","3","12","19","116","321","428","54","667","C4020962"
"37807","472","2","3","12","19","31","261","116","1","86","C4020962"
"37808","2717","2","3","7","34","52","216","395","549","674","C4020962"
"37809","6261","2","5","8","63","45","23","34","464","187","C4020962"
"37810","4843","2","3","5","43","161","305","409","489","416","C4020962"
"37811","5080","2","3","3","19","221","321","428","541","667","C4020962"
"37812","4920","2","5","7","53","14","20","259","560","373","C4020962"
"37813","5605","2","5","7","53","14","20","34","540","68","C4020963"
"37814","6335","2","5","8","63","36","166","341","390","158","C4020963"
"37815","23426","2","5","7","42","36","71","177","223","219","C4020966"
"37816","8878","2","3","12","41","219","339","156","568","697","C4020966"
"37817","9966","2","5","12","41","219","339","156","568","697","C4020966"
"37818","6336","2","5","8","63","36","166","341","390","158","C4020966"
"37819","10166","2","3","2","84","97","167","210","278","360","C4020966"
"37820","2033","2","3","12","19","31","1","91","433","118","C4020968"
"37821","427","2","3","7","34","52","216","395","549","420","C4020968"
"37822","6204","2","3","2","110","85","237","433","547","671","C4020968"
"37823","567","2","5","7","34","52","119","395","549","674","C4020969"
"37824","10269","2","3","2","48","182","50","119","444","556","C4020969"
"37825","7508","2","3","12","19","31","261","116","1","664","C4020969"
"37826","6503","2","5","7","53","14","20","25","40","186","C4020969"
"37827","10804","2","3","12","76","153","40","38","54","75","C4020969"
"37828","2131","2","3","2","74","58","112","148","181","416","C4020969"
"37829","7415","2","3","7","34","52","216","395","536","445","C4020969"
"37830","658","2","5","7","53","51","342","259","423","389","C4020969"
"37831","1281","2","5","7","53","51","342","454","573","492","C4020969"
"37832","5251","2","3","5","80","81","296","474","593","722","C4020969"
"37833","4693","2","5","7","53","51","342","454","573","492","C4021020"
"37834","6310","2","3","12","22","142","225","366","362","468","C4021020"
"37835","6422","2","5","3","68","221","197","259","560","422","C4021020"
"37836","5468","2","3","3","19","151","276","91","433","118","C4021020"
"37837","435","2","3","8","84","97","167","210","278","360","C4021020"
"37838","4763","2","5","7","60","54","24","30","46","214","C4021020"
"37839","3759","2","5","8","63","36","166","106","110","158","C4021028"
"37840","8985","2","5","7","53","51","342","454","573","492","C4021028"
"37841","8892","2","3","2","110","85","237","433","547","671","C4021029"
"37842","9742","2","3","12","76","153","40","38","54","75","C4021029"
"37843","9935","2","3","12","19","31","1","426","55","78","C4021038"
"37844","585","2","3","12","76","153","40","38","54","75","C4021038"
"37845","23729","2","3","2","90","167","148","36","51","383","C4021038"
"37846","5396","2","3","3","19","221","321","428","541","667","C4021038"
"37847","3155","2","3","5","43","161","305","409","208","482","C4021082"
"37848","866","2","5","7","68","51","342","454","573","492","C4021082"
"37849","5224","2","3","5","90","167","266","367","500","577","C4021082"
"37850","545","2","3","12","19","31","261","116","1","86","C4021084"
"37851","6866","2","5","4","68","96","326","427","548","672","C4021084"
"37852","5830","2","3","5","43","161","305","409","208","482","C4021084"
"37853","1584","2","3","5","79","159","256","276","353","456","C4021095"
"37854","6657","2","3","12","19","221","321","428","541","667","C4021095"
"37855","8504","2","3","5","47","144","185","238","310","392","C4021095"
"37856","596","2","3","12","19","219","339","402","489","416","C4021097"
"37857","27245","2","3","6","22","142","225","366","362","468","C4021097"
"37858","5336","2","3","7","53","14","20","25","40","215","C4021100"
"37859","7436","2","5","7","53","51","342","341","544","669","C4021100"
"37860","6949","2","3","2","110","85","237","164","390","311","C4021100"
"37861","658","2","5","7","53","51","342","259","423","389","C4021100"
"37862","4535","2","3","2","48","170","50","119","444","556","C4021107"
"37863","9939","2","3","2","22","33","323","66","101","136","C4021107"
"37864","10042","2","3","12","19","31","1","426","55","78","C4021107"
"37865","182","2","5","7","53","51","143","428","236","667","C4021107"
"37866","355","2","3","7","41","219","339","156","568","697","C4021107"
"37867","2261","2","5","7","53","14","20","25","40","186","C4021107"
"37868","23746","2","3","12","41","83","101","126","271","356","C4021107"
"37869","1144","2","5","8","27","70","99","162","216","290","C4021107"
"37870","3872","2","1","6","11","142","225","142","220","298","C4021107"
"37871","25913","2","3","12","19","31","261","116","1","78","C4021107"
"37872","5631","2","3","2","72","119","109","266","336","452","C4021107"
"37873","1747","2","3","3","19","221","321","428","541","667","C4021107"
"37874","8314","2","3","12","41","31","1","426","55","78","C4021107"
"37875","4982","2","5","12","41","219","339","156","568","697","C4021107"
"37876","2978","2","3","5","80","81","272","223","518","621","C4021107"
"37877","3425","2","3","5","80","81","166","454","573","492","C4021107"
"37878","6938","2","3","12","19","31","1","426","55","78","C4021107"
"37879","2033","2","3","12","19","31","1","91","433","118","C4021107"
"37880","2892","2","5","8","63","36","166","106","110","158","C4021107"
"37881","4780","2","3","12","19","31","276","91","433","118","C4021107"
"37882","4000","2","3","12","26","105","178","226","297","156","C4021107"
"37883","10841","2","3","2","76","153","40","38","54","48","C4021107"
"37884","5743","2","3","5","53","175","119","167","489","416","C4021109"
"37885","54757","2","5","7","53","51","342","454","573","492","C4021109"
"37886","4137","2","3","7","27","36","150","341","223","628","C4021109"
"37887","6391","2","3","2","48","170","50","119","444","556","C4021124"
"37888","9210","2","5","7","53","51","342","454","573","492","C4021124"
"37889","2074","2","3","12","19","31","1","426","55","78","C4021124"
"37890","5130","2","3","2","85","143","286","51","488","102","C4021124"
"37891","859","2","5","8","63","45","23","103","464","187","C4021124"
"37892","8626","2","3","3","19","221","321","428","541","667","C4021152"
"37893","3845","2","5","7","60","54","24","30","46","72","C4021152"
"37894","2879","2","3","5","80","81","166","378","173","229","C4021152"
"37895","4128","2","3","5","80","81","119","402","489","416","C4021152"
"37896","9096","2","5","7","53","51","335","259","560","373","C4021154"
"37897","54209","2","5","7","53","51","119","395","549","674","C4021154"
"37898","843","2","3","12","41","219","339","156","568","697","C4021161"
"37899","2571","2","3","2","67","142","71","152","197","219","C4021161"
"37900","3592","2","5","7","53","51","119","25","489","416","C4021164"
"37901","940","2","5","7","53","14","20","25","40","186","C4021164"
"37902","3115","2","5","7","53","184","119","156","287","116","C4021164"
"37903","1493","2","5","7","53","51","119","25","40","186","C4021167"
"37904","6557","2","5","8","45","94","199","240","415","666","C4021167"
"37905","3106","2","5","7","34","52","119","395","549","674","C4021168"
"37906","1174","2","5","7","60","153","184","341","544","669","C4021168"
"37907","4000","2","3","12","26","105","178","226","297","156","C4021175"
"37908","29954","2","5","2","27","206","324","430","215","290","C4021175"
"37909","3818","2","5","7","68","51","119","395","549","674","C4021175"
"37910","8021","2","3","12","22","33","323","66","101","664","C4021241"
"37911","4851","2","3","12","19","221","143","428","236","667","C4021241"
"37912","6609","2","3","5","105","155","250","291","152","420","C4021241"
"37913","710","2","5","7","53","51","342","454","573","702","C4021242"
"37914","4000","2","3","12","26","105","178","226","297","156","C4021242"
"37915","1436","2","5","7","53","14","20","25","40","186","C4021242"
"37916","8139","2","3","12","41","116","268","434","468","213","C4021242"
"37917","51099","2","3","2","67","92","293","55","75","311","C4021242"
"37918","51360","2","3","3","26","35","276","91","433","203","C4021242"
"37919","4705","2","3","2","48","170","50","119","444","556","C4021242"
"37920","1716","2","3","2","27","36","150","221","138","188","C4021242"
"37921","5189","2","3","5","43","161","305","409","208","482","C4021242"
"37922","26229","2","3","2","74","205","191","396","408","257","C4021242"
"37923","5743","2","3","5","53","175","119","167","489","416","C4021242"
"37924","2984","2","3","4","68","96","326","427","548","672","C4021242"
"37925","11136","2","3","5","80","94","199","240","415","666","C4021242"
"37926","23594","2","3","12","76","153","261","116","1","86","C4021242"
"37927","2296","2","3","3","19","221","321","428","541","667","C4021242"
"37928","29954","2","5","2","27","206","324","430","215","290","C4021242"
"37929","4998","2","3","12","76","31","261","116","1","86","C4021242"
"37930","5728","2","3","5","80","81","339","156","568","605","C4021242"
"37931","54332","2","3","2","60","170","40","98","66","203","C4021242"
"37932","3559","2","5","7","53","14","20","25","40","186","C4021242"
"37933","4160","2","5","4","68","96","326","427","548","672","C4021242"
"37934","116443","2","5","8","63","36","166","106","223","219","C4021242"
"37935","5604","2","5","7","53","14","20","34","540","68","C4021243"
"37936","4359","2","5","7","53","51","342","454","573","492","C4021243"
"37937","857","2","5","7","53","45","23","57","83","422","C4021244"
"37938","242","2","3","5","11","142","223","142","220","298","C4021244"
"37939","6916","2","3","5","91","175","119","167","224","301","C4021249"
"37940","3861","2","1","6","11","142","225","142","220","298","C4021249"
"37941","526","2","3","5","29","88","132","172","199","308","C4021249"
"37942","2969","2","3","12","19","31","276","91","433","118","C4021249"
"37943","4864","2","3","5","48","152","184","341","544","669","C4021249"
"37944","3758","2","5","8","63","36","166","106","110","158","C4021249"
"37945","668","2","3","12","19","221","321","428","541","664","C4021250"
"37946","3373","2","3","5","80","51","342","454","573","492","C4021250"
"37947","7051","2","1","6","11","142","225","142","220","298","C4021254"
"37948","5160","2","3","2","67","92","293","55","75","311","C4021254"
"37949","54187","2","3","5","80","81","296","272","452","148","C4021254"
"37950","25978","2","3","2","48","57","110","141","359","462","C4021254"
"37951","1001","2","5","7","53","51","335","444","560","373","C4021254"
"37952","55343","2","3","4","68","69","306","410","520","639","C4021254"
"37953","26610","2","3","12","19","31","1","426","55","78","C4021254"
"37954","2651","2","3","2","78","184","202","124","337","434","C4021254"
"37955","10133","2","3","12","76","153","40","38","54","75","C4021254"
"37956","3827","2","5","4","68","96","326","427","548","672","C4021254"
"37957","6473","2","3","3","19","221","321","428","541","667","C4021254"
"37958","207","2","3","7","53","14","20","34","489","416","C4021260"
"37959","4537","2","3","2","48","170","50","119","444","556","C4021260"
"37960","3265","2","5","7","60","54","24","30","46","72","C4021262"
"37961","2022","2","5","7","53","51","342","259","423","389","C4021262"
"37962","55670","2","3","5","43","161","305","409","208","482","C4021262"
"37963","2623","2","3","12","19","31","1","155","287","116","C4021326"
"37964","23414","2","3","12","19","31","118","155","287","116","C4021326"
"37965","1052","2","3","3","19","151","276","91","433","118","C4021335"
"37966","2702","2","3","12","76","153","40","38","54","75","C4021335"
"37967","3861","2","1","6","11","142","225","142","220","298","C4021343"
"37968","7053","2","3","6","11","142","225","142","220","298","C4021343"
"37969","1420","2","3","6","63","45","160","362","177","673","C4021343"
"37970","1032","2","3","12","19","31","1","426","55","78","C4021343"
"37971","8506","2","5","7","53","51","342","454","573","492","C4021343"
"37972","2146","2","3","12","19","31","1","426","55","78","C4021343"
"37973","26137","2","5","7","63","45","184","103","572","658","C4021343"
"37974","217","2","3","5","75","120","200","75","230","309","C4021343"
"37975","4624","2","5","8","63","45","23","103","464","187","C4021360"
"37976","4722","2","3","2","48","170","50","119","444","556","C4021360"
"37977","7517","2","3","12","19","31","261","116","1","86","C4021365"
"37978","4750","2","5","12","76","14","20","34","540","68","C4021365"
"37979","5167","2","3","5","32","93","163","207","303","126","C4021371"
"37980","4359","2","5","7","53","51","342","454","573","492","C4021371"
"37981","367","2","3","12","19","31","276","91","433","118","C4021371"
"37982","8314","2","3","12","41","31","1","426","55","78","C4021371"
"37983","7486","2","3","12","19","31","261","116","1","86","C4021371"
"37984","5076","2","3","3","19","221","321","428","541","667","C4021371"
"37985","5894","2","5","7","60","54","23","34","464","187","C4021377"
"37986","5832","2","3","2","101","62","189","182","509","252","C4021377"
"37987","5173","2","5","4","68","96","326","427","548","672","C4021377"
"37988","51259","2","3","2","76","153","40","38","54","75","C4021385"
"37989","4000","2","3","12","26","105","178","226","297","156","C4021385"
"37990","8854","2","3","5","75","120","101","126","248","335","C4021385"
"37991","4221","2","3","12","19","31","342","454","573","492","C4021386"
"37992","5149","2","3","5","68","38","16","477","596","725","C4021386"
"37993","8924","2","3","12","41","116","268","434","468","213","C4021386"
"37994","8085","2","3","12","19","31","1","426","55","78","C4021386"
"37995","6833","2","5","8","45","36","166","240","415","666","C4021386"
"37996","3303","2","3","7","34","52","216","395","271","356","C4021386"
"37997","7456","2","5","7","60","14","20","25","40","215","C4021390"
"37998","9368","2","5","7","42","36","71","177","223","219","C4021390"
"37999","1896","2","5","12","41","219","339","156","568","697","C4021390"
"38000","2556","2","5","8","27","70","99","162","216","290","C4021390"
"38001","5649","2","5","7","53","51","342","444","560","373","C4021390"
"38002","29072","2","3","12","19","31","1","426","55","78","C4021391"
"38003","3930","2","3","2","22","33","323","66","3","464","C4021391"
"38004","10225","2","5","7","53","51","119","395","549","674","C4021395"
"38005","22954","2","3","12","41","116","268","434","468","213","C4021395"
"38006","114548","2","3","12","41","219","339","156","568","697","C4021395"
"38007","4313","2","5","7","53","51","342","454","573","492","C4021395"
"38008","200879","2","3","5","116","183","295","398","552","622","C4021395"
"38009","1301","2","5","7","53","51","342","454","573","492","C4021395"
"38010","9927","2","3","12","19","31","118","155","287","116","C4021395"
"38011","5896","2","3","12","41","116","268","434","568","605","C4021395"
"38012","6559","2","5","8","45","94","199","240","415","666","C4021395"
"38013","5190","2","3","5","43","161","305","409","208","482","C4021395"
"38014","4000","2","3","12","26","105","178","226","297","156","C4021398"
"38015","1001","2","5","7","53","51","335","444","560","373","C4021398"
"38016","10280","2","3","2","110","85","52","57","86","119","C4021398"
"38017","2833","2","5","4","68","96","326","427","548","672","C4021418"
"38018","348","2","5","7","53","51","342","454","573","492","C4021418"
"38019","3362","2","5","4","68","96","326","427","548","672","C4021418"
"38020","668","2","3","12","19","221","321","428","541","664","C4021427"
"38021","7681","2","3","12","41","116","268","434","468","213","C4021427"
"38022","9152","2","5","8","45","94","199","240","415","666","C4021435"
"38023","3350","2","5","4","68","96","326","427","548","672","C4021435"
"38024","1311","2","5","7","53","51","342","454","573","492","C4021465"
"38025","540","2","5","8","63","45","23","103","464","187","C4021465"
"38026","6391","2","3","2","48","170","50","119","444","556","C4021515"
"38027","6010","2","5","4","68","96","326","427","548","672","C4021515"
"38028","4976","2","3","2","48","170","50","119","444","556","C4021524"
"38029","5157","2","5","7","80","81","342","367","500","577","C4021524"
"38030","7169","2","5","8","63","45","23","103","464","187","C4021524"
"38031","478","2","3","8","63","45","23","366","464","187","C4021525"
"38032","5648","2","5","7","53","51","119","395","549","674","C4021525"
"38033","30061","2","3","5","25","44","165","101","274","358","C4021525"
"38034","6772","2","3","12","53","184","119","156","287","116","C4021527"
"38035","7249","2","3","7","60","57","110","141","359","462","C4021527"
"38036","4982","2","5","12","41","219","339","156","568","697","C4021527"
"38037","54714","2","5","8","63","36","166","106","110","158","C4021527"
"38038","1146","2","5","8","27","70","99","162","216","290","C4021527"
"38039","51057","2","3","12","76","153","40","38","54","75","C4021527"
"38040","9469","2","3","2","103","189","303","29","475","467","C4021528"
"38041","2263","2","5","7","53","14","20","25","40","186","C4021528"
"38042","4593","2","5","7","53","14","20","454","573","492","C4021533"
"38043","5831","2","3","2","101","62","189","182","566","409","C4021533"
"38044","9950","2","5","7","60","54","40","98","66","203","C4021533"
"38045","1407","2","3","3","19","151","276","91","433","118","C4021533"
"38046","7403","2","3","12","19","31","1","426","55","78","C4021533"
"38047","54361","2","5","3","68","221","197","259","560","422","C4021541"
"38048","5340","2","5","7","53","51","342","454","573","492","C4021541"
"38049","23347","2","3","12","41","116","268","434","468","213","C4021541"
"38050","6443","2","5","8","63","45","23","103","464","187","C4021541"
"38051","4803","2","5","7","60","54","24","30","46","72","C4021545"
"38052","3508","2","3","12","19","31","261","116","1","86","C4021545"
"38053","5728","2","3","5","80","81","339","156","568","605","C4021545"
"38054","7253","2","5","4","68","96","326","427","548","672","C4021546"
"38055","26040","2","3","12","19","31","1","116","297","78","C4021546"
"38056","9049","2","3","3","41","151","276","378","271","356","C4021546"
"38057","26040","2","3","12","19","31","1","116","297","78","C4021546"
"38058","54768","2","3","12","41","92","197","57","198","517","C4021546"
"38059","5193","2","3","5","43","161","305","409","208","482","C4021546"
"38060","6905","2","3","12","76","153","40","38","54","75","C4021546"
"38061","5625","2","3","2","101","103","177","225","271","356","C4021546"
"38062","5159","2","5","7","53","14","20","25","40","186","C4021546"
"38063","2494","2","3","3","19","151","276","91","433","118","C4021546"
"38064","6925","2","3","12","19","31","225","142","220","298","C4021546"
"38065","9241","2","5","7","53","51","342","259","423","389","C4021546"
"38066","2239","2","3","2","74","51","342","454","573","492","C4021546"
"38067","54345","2","5","3","19","221","321","428","541","667","C4021546"
"38068","7249","2","3","7","60","57","110","141","359","462","C4021546"
"38069","1071","2","5","7","53","51","342","454","573","492","C4021546"
"38070","1411","2","3","6","63","45","160","362","177","673","C4021546"
"38071","652","2","5","7","53","51","342","454","573","492","C4021546"
"38072","84153","2","3","12","76","153","40","38","54","75","C4021546"
"38073","7128","2","3","12","41","219","339","156","568","697","C4021546"
"38074","208","2","5","7","53","14","20","34","540","68","C4021550"
"38075","7840","2","3","12","76","153","40","38","54","75","C4021550"
"38076","5194","2","3","5","43","161","305","409","208","482","C4021550"
"38077","54902","2","3","2","48","182","50","119","444","556","C4021550"
"38078","4519","2","3","2","48","170","50","119","508","312","C4021550"
"38079","9370","2","5","3","41","151","276","91","433","118","C4021550"
"38080","2260","2","5","7","53","14","20","25","40","186","C4021550"
"38081","9197","2","3","2","67","92","293","55","75","311","C4021550"
"38082","8802","2","3","8","67","92","293","55","75","311","C4021550"
"38083","2317","2","5","7","63","45","23","103","287","664","C4021550"
"38084","5194","2","3","5","43","161","305","409","208","482","C4021550"
"38085","65057","2","3","12","19","31","1","426","55","78","C4021550"
"38086","6605","2","3","12","19","31","1","426","55","78","C4021550"
"38087","4893","2","5","7","34","52","24","30","46","72","C4021550"
"38088","1717","2","3","2","19","151","276","48","69","204","C4021550"
"38089","658","2","5","7","53","51","342","259","423","389","C4021551"
"38090","5376","2","5","7","53","51","342","454","573","492","C4021551"
"38091","3106","2","5","7","34","52","119","395","549","674","C4021551"
"38092","1723","2","3","2","48","170","50","119","444","556","C4021551"
"38093","2253","2","5","7","53","14","20","25","40","186","C4021551"
"38094","6890","2","3","12","41","184","119","156","568","116","C4021551"
"38095","23414","2","3","12","19","31","118","155","287","116","C4021551"
"38096","2200","2","5","7","53","51","342","454","573","492","C4021551"
"38097","58","2","5","8","63","45","23","103","464","187","C4021551"
"38098","5625","2","3","2","101","103","177","225","271","356","C4021551"
"38099","5290","2","3","7","53","14","20","25","40","186","C4021551"
"38100","2657","2","5","7","53","51","342","259","423","389","C4021551"
"38101","5828","2","3","5","43","161","305","409","208","482","C4021551"
"38102","5443","2","5","4","68","96","326","427","548","672","C4021551"
"38103","5053","2","3","5","80","81","166","236","308","390","C4021551"
"38104","4626","2","5","8","63","45","23","103","464","187","C4021551"
"38105","580","2","3","12","19","31","261","116","1","86","C4021551"
"38106","58","2","5","8","63","45","23","103","464","187","C4021551"
"38107","5159","2","5","7","53","14","20","25","40","186","C4021551"
"38108","6997","2","5","3","53","221","321","259","423","389","C4021551"
"38109","5805","2","3","2","43","91","75","204","267","352","C4021551"
"38110","257","2","3","3","19","221","321","428","541","667","C4021551"
"38111","55651","2","3","2","110","85","237","433","547","671","C4021553"
"38112","8139","2","3","12","41","116","268","434","468","213","C4021553"
"38113","4598","2","3","2","19","151","276","198","259","427","C4021553"
"38114","54209","2","5","7","53","51","119","395","549","674","C4021553"
"38115","9131","2","3","12","41","219","339","347","271","356","C4021553"
"38116","55600","2","5","7","34","157","226","350","243","561","C4021553"
"38117","2896","2","5","7","34","52","216","395","549","674","C4021553"
"38118","8106","2","3","2","22","33","323","66","101","136","C4021559"
"38119","2263","2","5","7","53","14","20","25","40","186","C4021559"
"38120","10211","2","5","7","48","45","110","103","223","219","C4021560"
"38121","9719","2","5","7","53","51","342","454","573","492","C4021560"
"38122","11020","2","5","7","60","54","24","30","46","72","C4021560"
"38123","348","2","5","7","53","51","342","454","573","492","C4021564"
"38124","6334","2","5","8","63","36","166","341","223","158","C4021564"
"38125","1756","2","5","8","63","45","23","103","464","187","C4021564"
"38126","5000","2","3","12","76","31","261","116","1","86","C4021565"
"38127","1311","2","5","7","53","51","342","454","573","492","C4021565"
"38128","8085","2","3","12","19","31","1","426","55","78","C4021565"
"38129","3426","2","5","7","53","51","119","395","549","674","C4021568"
"38130","10806","2","3","12","76","153","40","38","54","75","C4021568"
"38131","2773","2","5","4","68","96","326","427","548","672","C4021569"
"38132","5495","2","3","12","41","219","339","347","287","664","C4021569"
"38133","4221","2","3","12","19","31","342","454","573","492","C4021569"
"38134","7454","2","5","7","60","14","20","25","40","215","C4021569"
"38135","9829","2","5","7","60","14","184","341","544","669","C4021569"
"38136","9420","2","3","5","79","159","256","215","282","366","C4021569"
"38137","2263","2","5","7","53","14","20","25","40","186","C4021569"
"38138","26608","2","3","2","22","170","50","119","463","153","C4021569"
"38139","7439","2","5","8","63","45","23","34","464","187","C4021569"
"38140","3035","2","3","2","110","85","237","433","547","154","C4021570"
"38141","8643","2","5","3","68","221","197","259","560","422","C4021570"
"38142","3239","2","3","3","19","221","321","428","541","667","C4021570"
"38143","10075","2","3","12","34","52","216","434","468","213","C4021570"
"38144","1380","2","5","7","53","51","119","395","549","674","C4021570"
"38145","196","2","3","3","19","151","276","91","433","118","C4021570"
"38146","5784","2","5","7","42","81","296","399","201","274","C4021578"
"38147","2657","2","5","7","53","51","342","259","423","389","C4021578"
"38148","3508","2","3","12","19","31","261","116","1","86","C4021581"
"38149","55699","2","3","2","110","85","67","76","252","154","C4021581"
"38150","25978","2","3","2","48","57","110","141","359","462","C4021584"
"38151","5651","2","5","7","68","51","119","395","549","674","C4021584"
"38152","1401","2","5","7","53","51","119","395","573","492","C4021584"
"38153","7297","2","5","7","53","184","119","25","40","186","C4021584"
"38154","4695","2","3","2","48","170","50","119","444","556","C4021584"
"38155","1300","2","5","7","53","51","342","454","573","492","C4021584"
"38156","9820","2","3","12","41","116","268","434","468","213","C4021584"
"38157","1235","2","5","4","68","96","326","427","548","672","C4021584"
"38158","54386","2","3","12","19","31","261","116","1","78","C4021585"
"38159","51702","2","3","12","19","31","1","426","55","78","C4021585"
"38160","117155","2","5","8","63","142","225","306","390","158","C4021592"
"38161","26276","2","3","7","60","81","184","341","66","203","C4021592"
"38162","6554","2","5","8","45","94","199","240","415","666","C4021592"
"38163","9638","2","5","7","27","36","150","341","223","628","C4021592"
"38164","2908","2","3","12","19","151","276","91","433","118","C4021592"
"38165","7421","2","3","3","19","151","276","91","433","118","C4021606"
"38166","7469","2","3","12","19","31","261","116","159","211","C4021606"
"38167","7547","2","3","3","19","221","321","428","541","667","C4021606"
"38168","5979","2","5","7","53","14","20","25","40","186","C4021606"
"38169","731","2","5","7","53","51","119","395","549","674","C4021607"
"38170","8200","2","5","7","53","51","342","259","423","389","C4021607"
"38171","652","2","5","7","53","51","342","454","573","492","C4021626"
"38172","7401","2","5","7","60","83","101","126","170","224","C4021626"
"38173","23395","2","3","2","110","85","67","76","252","154","C4021626"
"38174","54433","2","3","2","110","85","237","433","547","671","C4021626"
"38175","51364","2","3","6","11","142","225","142","220","298","C4021626"
"38176","4843","2","3","5","43","161","305","409","489","416","C4021626"
"38177","486","2","5","8","63","45","23","103","464","187","C4021627"
"38178","2395","2","3","2","48","170","50","304","167","593","C4021627"
"38179","4668","2","3","5","21","111","188","242","313","396","C4021627"
"38180","6347","2","5","7","53","51","119","427","489","416","C4021629"
"38181","633","2","5","7","53","51","342","454","573","492","C4021629"
"38182","4591","2","3","12","41","116","268","434","468","213","C4021630"
"38183","2617","2","3","2","110","85","237","433","252","154","C4021630"
"38184","8820","2","3","3","19","221","321","428","541","667","C4021630"
"38185","2131","2","3","2","74","58","112","148","181","416","C4021630"
"38186","26277","2","3","12","19","31","1","426","1","78","C4021630"
"38187","355","2","3","7","41","219","339","156","568","697","C4021631"
"38188","5368","2","5","4","68","96","326","427","548","672","C4021631"
"38189","7048","2","5","7","53","51","342","259","423","389","C4021632"
"38190","5290","2","3","7","53","14","20","25","40","186","C4021632"
"38191","3110","2","3","3","19","221","321","428","541","667","C4021633"
"38192","23590","2","3","2","48","170","50","119","444","556","C4021633"
"38193","22954","2","3","12","41","116","268","434","468","213","C4021633"
"38194","3295","2","3","5","43","161","305","409","208","482","C4021634"
"38195","6326","2","5","8","63","36","166","341","390","158","C4021634"
"38196","6867","2","3","12","76","153","40","38","54","75","C4021634"
"38197","6722","2","3","12","76","153","40","38","54","75","C4021634"
"38198","26160","2","3","12","76","153","40","38","54","75","C4021636"
"38199","4763","2","5","7","60","54","24","30","46","214","C4021636"
"38200","4621","2","5","8","63","45","23","103","464","187","C4021637"
"38201","3181","2","3","2","22","33","323","66","101","136","C4021637"
"38202","4089","2","3","12","19","219","339","259","423","605","C4021638"
"38203","54888","2","3","2","110","85","152","129","252","154","C4021638"
"38204","1536","2","5","7","34","52","216","395","549","674","C4021638"
"38205","5788","2","5","7","34","52","216","395","549","674","C4021642"
"38206","51371","2","3","12","41","116","268","434","568","605","C4021642"
"38207","8200","2","5","7","53","51","342","259","423","389","C4021642"
"38208","51098","2","3","12","76","153","40","38","54","75","C4021643"
"38209","1910","2","5","4","68","96","326","427","548","672","C4021643"
"38210","23742","2","5","5","68","96","326","427","447","586","C4021643"
"38211","5428","2","3","2","48","170","50","119","167","593","C4021646"
"38212","8820","2","3","3","19","221","321","428","541","667","C4021646"
"38213","1026","2","3","12","19","31","1","116","489","416","C4021649"
"38214","6103","2","3","12","76","153","40","38","54","75","C4021649"
"38215","1536","2","5","7","34","52","216","395","549","674","C4021651"
"38216","4255","2","3","12","19","31","261","116","1","86","C4021651"
"38217","7099","2","5","7","41","219","339","156","568","697","C4021654"
"38218","4000","2","3","12","26","105","178","226","297","156","C4021654"
"38219","26154","2","3","5","47","144","185","238","310","392","C4021654"
"38220","207","2","3","7","53","14","20","34","489","416","C4021654"
"38221","7072","2","3","2","22","33","323","66","101","136","C4021656"
"38222","5573","2","3","12","19","184","118","155","287","116","C4021656"
"38223","3265","2","5","7","60","54","24","30","46","72","C4021656"
"38224","1027","2","3","12","19","31","1","116","1","86","C4021656"
"38225","2354","2","3","12","19","31","1","426","55","78","C4021656"
"38226","1294","2","5","7","53","51","342","454","573","492","C4021656"
"38227","50937","2","5","7","53","51","335","444","560","373","C4021657"
"38228","1824","2","1","6","11","142","225","142","220","298","C4021657"
"38229","50943","2","3","12","19","31","1","426","129","131","C4021657"
"38230","410","2","3","7","34","52","216","395","549","674","C4021657"
"38231","16","2","3","2","110","85","237","433","547","154","C4021657"
"38232","175","2","3","7","34","52","216","395","549","674","C4021664"
"38233","2316","2","5","7","53","51","342","454","573","702","C4021664"
"38234","2006","2","5","7","53","51","342","454","573","492","C4021664"
"38235","3586","2","5","7","53","51","119","25","489","416","C4021664"
"38236","2982","2","3","4","68","96","326","427","548","672","C4021664"
"38237","547","2","3","7","76","153","40","38","54","75","C4021664"
"38238","9469","2","3","2","103","189","303","29","475","467","C4021664"
"38239","6789","2","3","7","53","14","20","34","540","68","C4021664"
"38240","3845","2","5","7","60","54","24","30","46","72","C4021664"
"38241","7466","2","5","7","53","51","342","454","573","492","C4021664"
"38242","2110","2","3","2","48","170","50","119","444","556","C4021695"
"38243","1340","2","3","2","48","170","50","141","359","462","C4021695"
"38244","5919","2","5","7","53","51","342","454","573","702","C4021723"
"38245","183","2","5","4","68","96","326","427","548","672","C4021723"
"38246","2719","2","5","7","53","51","342","454","573","492","C4021723"
"38247","10262","2","3","2","22","33","323","66","101","136","C4021724"
"38248","283989","2","3","12","22","33","323","66","101","664","C4021724"
"38249","4337","2","3","2","80","91","75","204","267","352","C4021724"
"38250","3835","2","3","12","76","153","40","38","54","75","C4021724"
"38251","29123","2","3","12","19","151","276","91","433","118","C4021724"
"38252","3643","2","5","7","53","14","20","25","40","186","C4021724"
"38253","27019","2","3","12","76","153","40","38","54","75","C4021724"
"38254","5873","2","5","7","34","54","24","30","46","72","C4021724"
"38255","2312","2","1","6","11","142","225","142","220","298","C4021724"
"38256","8929","2","3","3","19","221","321","428","541","667","C4021724"
"38257","1280","2","5","7","53","51","342","454","573","492","C4021726"
"38258","959","2","5","7","53","51","119","395","549","674","C4021726"
"38259","2626","2","3","12","19","31","118","155","287","116","C4021726"
"38260","950","2","5","7","60","14","184","341","544","669","C4021726"
"38261","9499","2","5","7","53","51","23","103","464","187","C4021726"
"38262","6736","2","3","12","19","31","276","91","433","667","C4021726"
"38263","392255","2","5","7","53","51","342","259","423","389","C4021726"
"38264","3035","2","3","2","110","85","237","433","547","154","C4021726"
"38265","1200","2","3","5","80","81","178","226","297","380","C4021726"
"38266","4481","2","5","7","53","51","342","454","573","492","C4021726"
"38267","7015","2","3","12","19","31","1","426","55","78","C4021726"
"38268","3624","2","5","7","53","51","342","259","423","389","C4021726"
"38269","1958","2","3","12","19","31","276","91","433","116","C4021726"
"38270","5293","2","3","7","53","14","20","25","40","186","C4021726"
"38271","8573","2","5","7","53","36","71","341","223","219","C4021726"
"38272","5744","2","5","4","68","96","326","427","548","672","C4021726"
"38273","6519","2","3","5","45","94","199","240","415","666","C4021726"
"38274","3035","2","3","2","110","85","237","433","547","154","C4021726"
"38275","6495","2","3","3","19","221","321","428","541","667","C4021726"
"38276","6239","2","3","12","19","119","330","214","454","144","C4021726"
"38277","23169","2","3","2","78","205","112","430","429","544","C4021726"
"38278","1289","2","5","7","53","51","342","454","573","492","C4021726"
"38279","5961","2","5","7","27","51","326","126","414","702","C4021727"
"38280","100","2","3","5","33","21","47","56","80","199","C4021727"
"38281","6606","2","3","2","22","33","323","66","101","136","C4021727"
"38282","2131","2","3","2","74","58","112","148","181","416","C4021727"
"38283","5243","2","3","12","41","116","268","423","536","445","C4021727"
"38284","6390","2","3","2","48","170","50","119","444","556","C4021727"
"38285","1280","2","5","7","53","51","342","454","573","492","C4021727"
"38286","6916","2","3","5","91","175","119","167","224","301","C4021727"
"38287","3172","2","3","3","19","151","276","91","433","118","C4021727"
"38288","5106","2","3","2","67","92","293","55","500","577","C4021727"
"38289","3953","2","5","7","53","14","20","25","40","186","C4021727"
"38290","5193","2","3","5","43","161","305","409","208","482","C4021727"
"38291","1080","2","3","12","41","219","339","156","544","669","C4021727"
"38292","5573","2","3","12","19","184","118","155","287","116","C4021727"
"38293","1296","2","5","7","53","51","342","454","573","492","C4021727"
"38294","7389","2","3","2","17","24","51","132","210","123","C4021727"
"38295","8813","2","3","2","48","116","142","136","280","363","C4021728"
"38296","596","2","3","12","19","219","339","402","489","416","C4021728"
"38297","51293","2","5","7","48","51","105","139","186","245","C4021728"
"38298","2068","2","3","12","19","31","261","116","159","211","C4021728"
"38299","2697","2","3","7","76","153","40","38","54","75","C4021729"
"38300","2033","2","3","12","19","31","1","91","433","118","C4021729"
"38301","26005","2","3","12","76","153","40","38","54","75","C4021730"
"38302","189","2","3","5","43","161","305","409","208","482","C4021730"
"38303","4854","2","5","7","53","51","143","428","236","667","C4021730"
"38304","8452","2","3","12","41","116","268","434","468","213","C4021730"
"38305","2778","2","5","4","68","96","326","427","548","672","C4021730"
"38306","2260","2","5","7","53","14","20","25","40","186","C4021730"
"38307","9723","2","5","7","53","51","342","79","560","373","C4021733"
"38308","8878","2","3","12","41","219","339","156","568","697","C4021733"
"38309","91574","2","3","2","110","85","237","433","547","671","C4021733"
"38310","4983","2","5","7","60","54","24","30","46","72","C4021734"
"38311","9401","2","3","12","76","31","261","116","1","86","C4021734"
"38312","26277","2","3","12","19","31","1","426","1","78","C4021734"
"38313","5621","2","5","8","27","36","342","454","573","628","C4021734"
"38314","9820","2","3","12","41","116","268","434","468","213","C4021734"
"38315","977","2","5","7","53","51","342","454","573","492","C4021734"
"38316","5076","2","3","3","19","221","321","428","541","667","C4021734"
"38317","10019","2","5","7","53","14","20","25","40","116","C4021734"
"38318","2108","2","3","2","48","170","50","119","444","556","C4021734"
"38319","1147","2","3","12","41","219","339","156","568","697","C4021735"
"38320","9095","2","5","7","53","51","335","444","560","373","C4021735"
"38321","6595","2","3","12","19","31","1","426","55","78","C4021735"
"38322","4010","2","3","3","19","221","321","428","541","667","C4021735"
"38323","3458","2","5","7","53","184","119","156","287","116","C4021735"
"38324","2651","2","3","2","78","184","202","124","337","434","C4021735"
"38325","50485","2","3","12","19","31","261","116","1","86","C4021735"
"38326","5122","2","5","4","27","36","184","141","359","411","C4021735"
"38327","7048","2","5","7","53","51","342","259","423","389","C4021735"
"38328","5308","2","3","3","19","221","321","428","541","667","C4021735"
"38329","5295","2","5","7","53","14","20","25","40","186","C4021735"
"38330","7227","2","3","12","19","31","276","91","433","118","C4021735"
"38331","2562","2","5","8","27","70","99","162","216","290","C4021735"
"38332","2335","2","5","7","53","51","342","454","573","492","C4021735"
"38333","5728","2","3","5","80","81","339","156","568","605","C4021735"
"38334","7468","2","3","12","19","31","1","426","55","78","C4021735"
"38335","4683","2","3","12","19","31","261","116","1","86","C4021736"
"38336","857","2","5","7","53","45","23","57","83","422","C4021736"
"38337","2056","2","5","7","53","51","119","25","40","186","C4021736"
"38338","3664","2","5","7","53","184","119","156","287","116","C4021736"
"38339","1969","2","5","7","53","14","20","25","560","186","C4021737"
"38340","9841","2","3","6","11","142","225","142","220","298","C4021737"
"38341","3561","2","5","7","53","14","20","25","40","186","C4021737"
"38342","6340","2","5","8","63","45","23","34","464","187","C4021737"
"38343","3785","2","5","8","63","36","166","106","110","158","C4021737"
"38344","3418","2","3","2","67","151","276","33","48","155","C4021739"
"38345","10801","2","3","12","76","108","293","141","305","387","C4021739"
"38346","3861","2","1","6","11","142","225","142","220","298","C4021740"
"38347","4292","2","3","12","19","31","261","116","1","86","C4021740"
"38348","55612","2","5","7","60","36","71","177","560","701","C4021740"
"38349","4247","2","3","2","68","67","320","98","180","279","C4021740"
"38350","6709","2","5","7","34","52","216","395","572","158","C4021740"
"38351","9817","2","3","12","41","116","268","434","468","213","C4021740"
"38352","7036","2","3","5","29","88","132","85","222","346","C4021740"
"38353","10743","2","3","3","19","151","276","91","433","118","C4021740"
"38354","1427","2","3","6","63","45","160","362","177","673","C4021741"
"38355","7737","2","3","12","22","33","268","434","468","213","C4021741"
"38356","4221","2","3","12","19","31","342","454","573","492","C4021741"
"38357","7148","2","5","7","53","51","342","454","573","492","C4021741"
"38358","1280","2","5","7","53","51","342","454","573","492","C4021741"
"38359","2120","2","3","12","19","31","193","306","148","624","C4021741"
"38360","9562","2","3","5","80","81","296","248","317","405","C4021741"
"38361","2074","2","3","12","19","31","1","426","55","78","C4021741"
"38362","1280","2","5","7","53","51","342","454","573","492","C4021741"
"38363","1303","2","5","7","53","51","342","454","573","492","C4021741"
"38364","1910","2","5","4","68","96","326","427","548","672","C4021741"
"38365","411","2","3","7","34","52","216","395","549","674","C4021741"
"38366","65217","2","5","7","53","51","335","444","560","373","C4021741"
"38367","710","2","5","7","53","51","342","454","573","702","C4021741"
"38368","9469","2","3","2","103","189","303","29","475","467","C4021741"
"38369","5781","2","5","7","53","14","20","25","40","186","C4021741"
"38370","6772","2","3","12","53","184","119","156","287","116","C4021741"
"38371","4128","2","3","5","80","81","119","402","489","416","C4021741"
"38372","60681","2","3","12","48","124","75","136","271","212","C4021741"
"38373","176","2","5","7","53","51","342","454","573","492","C4021741"
"38374","6154","2","3","2","110","85","237","433","547","671","C4021741"
"38375","2737","2","3","12","19","116","321","428","54","667","C4021741"
"38376","3237","2","3","3","19","221","321","428","541","667","C4021742"
"38377","760","2","3","5","35","41","77","40","78","178","C4021742"
"38378","24","2","3","12","41","116","268","423","536","445","C4021742"
"38379","1666","2","3","2","69","83","58","64","98","134","C4021742"
"38380","1815","2","5","4","68","96","326","427","548","672","C4021742"
"38381","54443","2","5","7","76","153","184","38","572","75","C4021742"
"38382","2670","2","5","7","27","36","150","341","223","628","C4021743"
"38383","3759","2","5","8","63","36","166","106","110","158","C4021743"
"38384","627","2","5","7","53","51","335","444","423","373","C4021744"
"38385","5741","2","5","4","68","96","326","427","548","672","C4021744"
"38386","3643","2","5","7","53","14","20","25","40","186","C4021745"
"38387","2253","2","5","7","53","14","20","25","40","186","C4021745"
"38388","2990","2","3","7","34","52","216","395","549","674","C4021745"
"38389","940","2","5","7","53","14","20","25","40","186","C4021745"
"38390","2188","2","3","12","19","31","261","116","1","86","C4021745"
"38391","1146","2","5","8","27","70","99","162","216","290","C4021745"
"38392","545","2","3","12","19","31","261","116","1","86","C4021745"
"38393","3077","2","5","7","53","51","119","395","549","674","C4021745"
"38394","8506","2","5","7","53","51","342","454","573","492","C4021745"
"38395","1593","2","3","5","79","152","273","157","333","277","C4021745"
"38396","3982","2","5","8","63","45","23","103","464","187","C4021745"
"38397","6775","2","5","7","53","14","119","25","40","186","C4021745"
"38398","2303","2","5","3","19","221","321","428","541","667","C4021745"
"38399","5351","2","5","7","53","51","342","454","573","492","C4021745"
"38400","9215","2","5","2","27","36","150","430","215","628","C4021745"
"38401","6491","2","3","12","76","153","40","38","54","75","C4021745"
"38402","1106","2","3","12","19","31","1","426","55","78","C4021749"
"38403","2741","2","5","8","27","70","99","162","216","290","C4021749"
"38404","2697","2","3","7","76","153","40","38","54","75","C4021750"
"38405","10908","2","3","2","97","173","275","377","473","592","C4021750"
"38406","5591","2","3","12","19","31","261","116","1","86","C4021750"
"38407","6204","2","3","2","110","85","237","433","547","671","C4021750"
"38408","4668","2","3","5","21","111","188","242","313","396","C4021750"
"38409","3853","2","1","6","11","142","225","142","220","298","C4021750"
"38410","207","2","3","7","53","14","20","34","489","416","C4021751"
"38411","5906","2","5","7","34","52","216","30","46","72","C4021751"
"38412","1763","2","3","12","19","31","261","116","1","86","C4021751"
"38413","1235","2","5","4","68","96","326","427","548","672","C4021752"
"38414","5116","2","3","12","76","153","40","38","54","75","C4021752"
"38415","6662","2","3","3","19","221","321","428","541","667","C4021752"
"38416","7253","2","5","4","68","96","326","427","548","672","C4021753"
"38417","6607","2","3","2","22","33","323","66","101","664","C4021753"
"38418","9210","2","5","7","53","51","342","454","573","492","C4021753"
"38419","5376","2","5","7","53","51","342","454","573","492","C4021753"
"38420","215","2","3","5","47","144","185","238","310","392","C4021753"
"38421","55624","2","3","2","78","123","194","255","215","412","C4021753"
"38422","4322","2","5","7","53","51","342","454","573","492","C4021753"
"38423","8243","2","3","12","76","31","40","38","54","75","C4021753"
"38424","11285","2","3","2","74","205","191","396","408","620","C4021753"
"38425","2780","2","5","4","68","96","326","427","548","672","C4021753"
"38426","6497","2","5","3","19","221","342","259","423","389","C4021753"
"38427","5631","2","3","2","72","119","109","266","336","452","C4021753"
"38428","3717","2","5","7","53","14","20","25","40","186","C4021753"
"38429","3265","2","5","7","60","54","24","30","46","72","C4021753"
"38430","5339","2","5","7","53","51","342","454","573","492","C4021753"
"38431","2629","2","3","5","80","81","250","291","152","420","C4021753"
"38432","2719","2","5","7","53","51","342","454","573","492","C4021753"
"38433","6392","2","3","2","48","170","50","119","444","556","C4021753"
"38434","26040","2","3","12","19","31","1","116","297","78","C4021756"
"38435","26040","2","3","12","19","31","1","116","297","78","C4021756"
"38436","658","2","5","7","53","51","342","259","423","389","C4021758"
"38437","3569","2","5","7","53","51","342","454","573","416","C4021758"
"38438","7518","2","3","12","19","31","261","116","1","86","C4021758"
"38439","1717","2","3","2","19","151","276","48","69","204","C4021758"
"38440","4436","2","3","12","19","31","261","116","1","86","C4021758"
"38441","7153","2","3","12","19","31","261","116","1","86","C4021758"
"38442","51750","2","3","12","19","31","261","116","1","86","C4021761"
"38443","3730","2","5","7","53","14","20","25","40","186","C4021761"
"38444","1756","2","5","8","63","45","23","103","464","187","C4021761"
"38445","190","2","3","3","19","151","276","91","433","118","C4021761"
"38446","2261","2","5","7","53","14","20","25","40","186","C4021761"
"38447","27019","2","3","12","76","153","40","38","54","75","C4021761"
"38448","5818","2","5","7","53","51","335","444","560","373","C4021761"
"38449","57817","2","5","7","34","51","342","350","243","561","C4021761"
"38450","29760","2","5","7","53","14","20","25","40","186","C4021761"
"38451","5728","2","3","5","80","81","339","156","568","605","C4021761"
"38452","9968","2","4","3","24","119","330","214","454","144","C4021761"
"38453","7157","2","3","12","19","31","261","402","489","551","C4021762"
"38454","1297","2","5","7","53","51","342","454","573","492","C4021762"
"38455","4519","2","3","2","48","170","50","119","508","312","C4021762"
"38456","4281","2","5","7","53","184","119","156","287","116","C4021767"
"38457","5897","2","3","12","41","116","268","141","568","605","C4021767"
"38458","5251","2","3","5","80","81","296","474","593","722","C4021770"
"38459","23545","2","3","5","29","88","132","85","222","346","C4021770"
"38460","701","2","3","12","76","153","40","38","54","75","C4021770"
"38461","2516","2","3","3","19","151","276","91","433","118","C4021771"
"38462","860","2","3","12","19","31","276","91","433","118","C4021771"
"38463","2239","2","3","2","74","51","342","454","573","492","C4021772"
"38464","4000","2","3","12","26","105","178","226","297","156","C4021772"
"38465","51268","2","3","5","43","161","305","409","208","30","C4021772"
"38466","1497","2","5","2","63","182","50","103","297","628","C4021774"
"38467","8820","2","3","3","19","221","321","428","541","667","C4021774"
"38468","23592","2","3","12","26","105","342","259","423","389","C4021774"
"38469","673","2","5","7","53","14","20","34","540","68","C4021774"
"38470","4509","2","3","2","48","170","50","119","444","556","C4021775"
"38471","3769","2","5","8","63","36","166","106","110","158","C4021775"
"38472","23495","2","3","12","41","219","339","156","568","697","C4021777"
"38473","1896","2","5","12","41","219","339","156","568","697","C4021777"
"38474","3239","2","3","3","19","221","321","428","541","667","C4021777"
"38475","4148","2","5","7","53","51","342","454","573","492","C4021777"
"38476","3651","2","3","3","19","221","321","428","541","667","C4021777"
"38477","6340","2","5","8","63","45","23","34","464","187","C4021777"
"38478","5015","2","3","3","19","221","321","428","541","667","C4021780"
"38479","10269","2","3","2","48","182","50","119","444","556","C4021780"
"38480","3717","2","5","7","53","14","20","25","40","186","C4021780"
"38481","10269","2","3","2","48","182","50","119","444","556","C4021780"
"38482","6326","2","5","8","63","36","166","341","390","158","C4021780"
"38483","5824","2","3","5","47","144","185","238","310","392","C4021780"
"38484","3766","2","5","8","63","36","166","106","110","158","C4021780"
"38485","26580","2","5","8","27","70","99","162","216","290","C4021780"
"38486","2353","2","3","12","19","31","1","91","489","416","C4021780"
"38487","60","2","3","12","60","45","184","155","287","78","C4021780"
"38488","1717","2","3","2","19","151","276","48","69","204","C4021780"
"38489","1908","2","5","4","68","96","326","427","548","672","C4021780"
"38490","8626","2","3","3","19","221","321","428","541","667","C4021780"
"38491","3236","2","3","3","19","221","321","428","541","667","C4021780"
"38492","4914","2","3","2","22","18","266","202","252","252","C4021780"
"38493","7353","2","3","12","41","219","339","156","568","605","C4021780"
"38494","9364","2","5","7","60","54","24","30","46","72","C4021780"
"38495","875","2","3","5","80","137","44","21","451","316","C4021780"
"38496","7414","2","5","7","34","52","216","395","549","702","C4021780"
"38497","51626","2","3","12","76","153","40","38","54","75","C4021780"
"38498","2033","2","3","12","19","31","1","91","433","118","C4021780"
"38499","51604","2","3","2","61","77","142","176","235","317","C4021781"
"38500","4359","2","5","7","53","51","342","454","573","492","C4021781"
"38501","8600","2","5","7","41","219","339","156","568","697","C4021781"
"38502","9401","2","3","12","76","31","261","116","1","86","C4021785"
"38503","51196","2","3","7","60","54","24","30","46","72","C4021785"
"38504","5743","2","3","5","53","175","119","167","489","416","C4021785"
"38505","1387","2","3","12","19","31","276","91","433","118","C4021785"
"38506","4604","2","5","8","63","45","23","103","464","187","C4021785"
"38507","5873","2","5","7","34","54","24","30","46","72","C4021785"
"38508","2304","2","3","12","19","221","321","428","541","667","C4021785"
"38509","3977","2","5","7","53","51","119","25","40","416","C4021785"
"38510","2896","2","5","7","34","52","216","395","549","674","C4021785"
"38511","4000","2","3","12","26","105","178","226","297","156","C4021785"
"38512","6531","2","5","8","45","94","199","240","415","666","C4021785"
"38513","2158","2","5","7","68","51","119","395","549","674","C4021785"
"38514","348","2","5","7","53","51","342","454","573","492","C4021785"
"38515","2178","2","3","12","19","31","261","116","1","86","C4021785"
"38516","2261","2","5","7","53","14","20","25","40","186","C4021785"
"38517","8929","2","3","3","19","221","321","428","541","667","C4021785"
"38518","2657","2","5","7","53","51","342","259","423","389","C4021785"
"38519","2990","2","3","7","34","52","216","395","549","674","C4021787"
"38520","51592","2","3","12","19","31","1","259","423","389","C4021787"
"38521","30008","2","5","7","53","51","342","454","573","492","C4021787"
"38522","383","2","3","7","34","52","216","395","549","674","C4021787"
"38523","2263","2","5","7","53","14","20","25","40","186","C4021787"
"38524","7468","2","3","12","19","31","1","426","55","78","C4021789"
"38525","190","2","3","3","19","151","276","91","433","118","C4021789"
"38526","5339","2","5","7","53","51","342","454","573","492","C4021789"
"38527","8600","2","5","7","41","219","339","156","568","697","C4021789"
"38528","5617","2","5","12","19","31","1","426","55","78","C4021790"
"38529","9241","2","5","7","53","51","342","259","423","389","C4021790"
"38530","25782","2","5","7","60","54","24","30","46","72","C4021790"
"38531","7201","2","5","4","68","96","326","427","548","672","C4021790"
"38532","54101","2","3","2","48","170","50","347","167","593","C4021790"
"38533","6609","2","3","5","105","155","250","291","152","420","C4021790"
"38534","4854","2","5","7","53","51","143","428","236","667","C4021790"
"38535","3329","2","3","2","48","170","50","304","167","593","C4021790"
"38536","9723","2","5","7","53","51","342","79","560","373","C4021790"
"38537","5428","2","3","2","48","170","50","119","167","593","C4021790"
"38538","6392","2","3","2","48","170","50","119","444","556","C4021790"
"38539","9420","2","3","5","79","159","256","215","282","366","C4021792"
"38540","50506","2","3","2","36","48","89","110","400","341","C4021792"
"38541","355","2","3","7","41","219","339","156","568","697","C4021792"
"38542","29760","2","5","7","53","14","20","25","40","186","C4021792"
"38543","5077","2","3","3","19","221","321","428","541","667","C4021792"
"38544","7249","2","3","7","60","57","110","141","359","462","C4021792"
"38545","10654","2","3","3","72","151","276","91","433","118","C4021792"
"38546","1499","2","3","12","19","221","197","259","560","422","C4021792"
"38547","2581","2","3","5","80","81","250","291","152","420","C4021792"
"38548","51601","2","3","2","67","92","293","55","75","311","C4021792"
"38549","5111","2","3","12","19","31","261","116","1","86","C4021792"
"38550","9241","2","5","7","53","51","342","259","423","389","C4021792"
"38551","10319","2","5","7","53","51","342","454","573","492","C4021792"
"38552","6334","2","5","8","63","36","166","341","223","158","C4021792"
"38553","7174","2","3","12","41","116","268","434","468","213","C4021796"
"38554","3651","2","3","3","19","221","321","428","541","667","C4021796"
"38555","2821","2","5","7","34","52","216","395","549","577","C4021796"
"38556","3679","2","5","7","53","51","342","454","573","492","C4021796"
"38557","6530","2","5","8","45","94","199","240","415","666","C4021797"
"38558","6331","2","5","8","63","36","166","341","223","158","C4021797"
"38559","26580","2","5","8","27","70","99","162","216","290","C4021797"
"38560","4853","2","3","12","19","124","143","428","236","667","C4021797"
"38561","1106","2","3","12","19","31","1","426","55","78","C4021797"
"38562","1493","2","5","7","53","51","119","25","40","186","C4021797"
"38563","2033","2","3","12","19","31","1","91","433","118","C4021797"
"38564","4719","2","3","2","48","170","50","119","444","556","C4021797"
"38565","2131","2","3","2","74","58","112","148","181","416","C4021797"
"38566","538","2","3","8","63","45","23","103","464","187","C4021797"
"38567","5192","2","3","5","43","161","305","409","208","482","C4021797"
"38568","1674","2","5","8","63","45","23","103","464","187","C4021797"
"38569","3178","2","3","2","22","33","323","66","101","136","C4021797"
"38570","10939","2","3","2","48","170","50","119","444","593","C4021797"
"38571","8091","2","3","12","110","109","22","262","129","638","C4021797"
"38572","23431","2","5","7","60","18","184","341","544","669","C4021797"
"38573","8878","2","3","12","41","219","339","156","568","697","C4021797"
"38574","8818","2","3","2","61","77","142","176","280","363","C4021797"
"38575","4010","2","3","3","19","221","321","428","541","667","C4021797"
"38576","10312","2","3","7","34","52","216","395","549","674","C4021799"
"38577","5897","2","3","12","41","116","268","141","568","605","C4021799"
"38578","2737","2","3","12","19","116","321","428","54","667","C4021799"
"38579","51741","2","3","2","22","33","323","66","101","127","C4021799"
"38580","3954","2","3","2","48","170","67","119","444","593","C4021799"
"38581","51085","2","3","2","48","57","110","141","359","462","C4021799"
"38582","7305","2","5","7","34","52","216","395","549","674","C4021799"
"38583","11231","2","3","2","110","105","178","226","297","380","C4021799"
"38584","204","2","3","4","72","109","182","235","307","506","C4021800"
"38585","4838","2","5","3","53","221","321","259","423","389","C4021800"
"38586","5350","2","5","8","63","45","23","103","464","187","C4021800"
"38587","1717","2","3","2","19","151","276","48","69","204","C4021800"
"38588","6911","2","5","6","19","142","335","259","560","373","C4021800"
"38589","2626","2","3","12","19","31","118","155","287","116","C4021800"
"38590","54903","2","3","12","76","153","40","38","54","75","C4021800"
"38591","3078","2","5","7","53","51","119","395","549","674","C4021800"
"38592","6347","2","5","7","53","51","119","427","489","416","C4021800"
"38593","6335","2","5","8","63","36","166","341","390","158","C4021800"
"38594","5293","2","3","7","53","14","20","25","40","186","C4021800"
"38595","641","2","3","12","19","31","261","116","1","86","C4021800"
"38596","2903","2","5","7","53","14","20","25","223","219","C4021800"
"38597","2175","2","3","12","19","31","261","116","1","86","C4021800"
"38598","8243","2","3","12","76","31","40","38","54","75","C4021800"
"38599","3835","2","3","12","76","153","40","38","54","75","C4021800"
"38600","26128","2","3","12","76","153","40","38","54","154","C4021800"
"38601","4089","2","3","12","19","219","339","259","423","605","C4021800"
"38602","5373","2","3","2","90","167","123","158","207","278","C4021800"
"38603","4982","2","5","12","41","219","339","156","568","697","C4021800"
"38604","2316","2","5","7","53","51","342","454","573","702","C4021800"
"38605","26608","2","3","2","22","170","50","119","463","153","C4021800"
"38606","3914","2","5","7","53","51","342","454","573","492","C4021800"
"38607","9627","2","3","12","19","31","1","426","55","78","C4021800"
"38608","2200","2","5","7","53","51","342","454","573","492","C4021800"
"38609","4154","2","3","2","22","33","323","66","101","136","C4021800"
"38610","5149","2","3","5","68","38","16","477","596","725","C4021800"
"38611","6736","2","3","12","19","31","276","91","433","667","C4021800"
"38612","9657","2","3","12","76","153","40","38","54","75","C4021800"
"38613","6125","2","3","2","110","85","237","433","547","671","C4021800"
"38614","3845","2","5","7","60","54","24","30","46","72","C4021800"
"38615","9215","2","5","2","27","36","150","430","215","628","C4021801"
"38616","2652","2","5","4","68","96","326","427","548","672","C4021801"
"38617","4638","2","5","7","53","45","23","103","464","187","C4021801"
"38618","7137","2","5","8","63","45","23","103","464","187","C4021801"
"38619","29940","2","5","7","53","51","342","454","573","492","C4021806"
"38620","27173","2","5","5","27","81","99","162","216","290","C4021806"
"38621","9987","2","3","2","22","33","323","66","101","136","C4021806"
"38622","7545","2","5","3","34","52","216","142","220","298","C4021806"
"38623","582","2","3","12","76","153","76","38","54","75","C4021806"
"38624","7227","2","3","12","19","31","276","91","433","118","C4021808"
"38625","3431","2","3","12","53","184","119","156","287","116","C4021808"
"38626","11019","2","3","2","67","92","293","55","75","311","C4021808"
"38627","324","2","3","12","41","219","197","70","255","422","C4021808"
"38628","50943","2","3","12","19","31","1","426","129","131","C4021808"
"38629","4893","2","5","7","34","52","24","30","46","72","C4021809"
"38630","2978","2","3","5","80","81","272","223","518","621","C4021809"
"38631","10804","2","3","12","76","153","40","38","54","75","C4021812"
"38632","3576","2","5","4","68","96","326","427","548","672","C4021812"
"38633","1991","2","5","7","34","52","216","395","549","674","C4021813"
"38634","1280","2","5","7","53","51","342","454","573","492","C4021813"
"38635","3764","2","5","8","63","36","166","106","110","158","C4021813"
"38636","778","2","5","8","63","36","166","341","223","158","C4021813"
"38637","4287","2","3","12","41","116","268","434","468","215","C4021813"
"38638","3977","2","5","7","53","51","119","25","40","416","C4021813"
"38639","7040","2","5","7","53","51","342","454","573","492","C4021813"
"38640","54209","2","5","7","53","51","119","395","549","674","C4021813"
"38641","1896","2","5","12","41","219","339","156","568","697","C4021813"
"38642","7015","2","3","12","19","31","1","426","55","78","C4021813"
"38643","91942","2","3","2","48","170","50","119","444","556","C4021813"
"38644","6548","2","3","2","45","94","199","240","415","326","C4021813"
"38645","4629","2","5","8","63","45","23","103","464","187","C4021813"
"38646","5728","2","3","5","80","81","339","156","568","605","C4021813"
"38647","6336","2","5","8","63","36","166","341","390","158","C4021813"
"38648","5189","2","3","5","43","161","305","409","208","482","C4021813"
"38649","6439","2","5","5","68","96","185","238","310","272","C4021813"
"38650","885","2","5","4","68","96","326","427","548","672","C4021813"
"38651","3592","2","5","7","53","51","119","25","489","416","C4021814"
"38652","7051","2","1","6","11","142","225","142","220","298","C4021814"
"38653","2668","2","5","7","53","14","20","25","40","186","C4021814"
"38654","11041","2","3","2","27","36","150","341","223","628","C4021815"
"38655","6329","2","5","8","63","36","166","341","390","158","C4021815"
"38656","50485","2","3","12","19","31","261","116","1","86","C4021815"
"38657","26580","2","5","8","27","70","99","162","216","290","C4021815"
"38658","3039","2","3","5","35","41","118","155","287","116","C4021815"
"38659","4842","2","3","5","63","45","71","177","464","219","C4021815"
"38660","27249","2","3","2","48","182","50","119","186","245","C4021815"
"38661","5824","2","3","5","47","144","185","238","310","392","C4021815"
"38662","7290","2","3","12","19","31","1","426","55","78","C4021815"
"38663","26005","2","3","12","76","153","40","38","54","75","C4021815"
"38664","7053","2","3","6","11","142","225","142","220","298","C4021815"
"38665","2639","2","3","2","71","148","34","160","115","164","C4021815"
"38666","9731","2","3","12","76","153","40","38","54","75","C4021815"
"38667","50964","2","5","3","68","221","197","259","423","422","C4021815"
"38668","79633","2","3","7","80","51","335","444","560","373","C4021815"
"38669","9420","2","3","5","79","159","256","215","282","366","C4021815"
"38670","2187","2","3","12","19","31","261","116","1","86","C4021815"
"38671","7099","2","5","7","41","219","339","156","568","697","C4021821"
"38672","718","2","5","7","34","51","119","395","549","674","C4021821"
"38673","1291","2","5","7","53","51","342","454","573","492","C4021821"
"38674","581","2","3","12","41","219","339","402","489","551","C4021821"
"38675","5290","2","3","7","53","14","20","25","40","186","C4021821"
"38676","4308","2","5","8","63","45","193","306","390","158","C4021821"
"38677","3643","2","5","7","53","14","20","25","40","186","C4021821"
"38678","9241","2","5","7","53","51","342","259","423","389","C4021821"
"38679","54476","2","3","12","41","219","339","156","568","697","C4021821"
"38680","23347","2","3","12","41","116","268","434","468","213","C4021821"
"38681","7547","2","3","3","19","221","321","428","541","667","C4021821"
"38682","2187","2","3","12","19","31","261","116","1","86","C4021821"
"38683","6391","2","3","2","48","170","50","119","444","556","C4021821"
"38684","6662","2","3","3","19","221","321","428","541","667","C4021821"
"38685","6909","2","5","7","53","51","335","444","560","373","C4021821"
"38686","3070","2","3","12","76","31","1","426","55","78","C4021821"
"38687","7476","2","5","3","68","221","197","259","560","422","C4021821"
"38688","1490","2","5","7","53","51","342","454","573","492","C4021821"
"38689","9896","2","3","5","80","81","296","399","201","274","C4021821"
"38690","54714","2","5","8","63","36","166","106","110","158","C4021821"
"38691","26580","2","5","8","27","70","99","162","216","290","C4021821"
"38692","6391","2","3","2","48","170","50","119","444","556","C4021822"
"38693","6473","2","3","3","19","221","321","428","541","667","C4021822"
"38694","5308","2","3","3","19","221","321","428","541","667","C4021822"
"38695","4625","2","3","8","63","45","23","103","464","187","C4021822"
"38696","8777","2","5","7","42","36","71","177","223","219","C4021822"
"38697","25778","2","3","2","41","51","138","79","160","385","C4021822"
"38698","59","2","5","8","63","45","23","103","464","187","C4021822"
"38699","5573","2","3","12","19","184","118","155","287","116","C4021822"
"38700","5073","2","3","2","110","85","323","433","146","194","C4021823"
"38701","5771","2","5","7","53","14","296","25","40","186","C4021823"
"38702","57010","2","5","8","63","45","23","103","464","187","C4021823"
"38703","10413","2","3","12","19","36","143","177","236","321","C4021823"
"38704","4247","2","3","2","68","67","320","98","180","279","C4021823"
"38705","6663","2","3","3","19","221","321","428","541","667","C4021823"
"38706","217","2","3","5","75","120","200","75","230","309","C4021823"
"38707","5979","2","5","7","53","14","20","25","40","186","C4021823"
"38708","1559","2","3","5","91","214","226","11","348","172","C4021823"
"38709","3758","2","5","8","63","36","166","106","110","158","C4021826"
"38710","7403","2","3","12","19","31","1","426","55","78","C4021826"
"38711","1290","2","5","7","53","51","342","454","573","492","C4021826"
"38712","1285","2","5","7","53","51","342","454","573","492","C4021826"
"38713","427","2","3","7","34","52","216","395","549","420","C4021826"
"38714","28514","2","5","7","53","51","143","428","236","667","C4021826"
"38715","23636","2","3","12","22","33","323","66","101","664","C4021826"
"38716","2205","2","5","7","53","51","119","25","568","186","C4021849"
"38717","2700","2","3","6","76","153","40","38","54","75","C4021849"
"38718","23152","2","3","6","22","142","225","366","362","468","C4021849"
"38719","2483","2","3","2","22","33","323","66","101","136","C4021849"
"38720","7227","2","3","12","19","31","276","91","433","118","C4021849"
"38721","4015","2","5","7","53","51","342","454","573","492","C4021849"
"38722","7840","2","3","12","76","153","40","38","54","75","C4021849"
"38723","5932","2","3","12","19","31","261","116","1","86","C4021882"
"38724","51085","2","3","2","48","57","110","141","359","462","C4021882"
"38725","55135","2","3","12","76","137","76","136","472","435","C4021883"
"38726","6331","2","5","8","63","36","166","341","223","158","C4021883"
"38727","55315","2","3","5","80","81","296","62","94","150","C4021899"
"38728","8867","2","3","5","60","14","184","341","544","669","C4021899"
"38729","80169","2","3","12","19","31","261","116","1","86","C4021910"
"38730","5447","2","3","5","91","214","271","372","471","586","C4021910"
"38731","91039","2","3","2","80","85","148","129","252","154","C4021910"
"38732","4519","2","3","2","48","170","50","119","508","312","C4021910"
"38733","54657","2","3","2","78","205","207","67","355","138","C4021910"
"38734","582","2","3","12","76","153","76","38","54","75","C4021956"
"38735","1756","2","5","8","63","45","23","103","464","187","C4021956"
"38736","1716","2","3","2","27","36","150","221","138","188","C4021956"
"38737","58","2","5","8","63","45","23","103","464","187","C4021956"
"38738","4286","2","3","12","19","31","261","116","1","664","C4021956"
"38739","6655","2","5","7","60","54","24","30","46","72","C4021956"
"38740","846","2","5","4","68","96","326","427","548","672","C4021956"
"38741","3481","2","5","7","53","51","342","454","573","492","C4021956"
"38742","26504","2","3","5","42","81","296","399","201","274","C4021956"
"38743","22995","2","3","12","76","153","40","38","54","75","C4021956"
"38744","4867","2","5","7","76","153","40","38","54","75","C4021956"
"38745","2316","2","5","7","53","51","342","454","573","702","C4021956"
"38746","3115","2","5","7","53","184","119","156","287","116","C4021956"
"38747","28952","2","3","12","41","116","268","434","468","213","C4021956"
"38748","5192","2","3","5","43","161","305","409","208","482","C4021956"
"38749","6658","2","3","12","19","221","321","428","541","667","C4021956"
"38750","80704","2","3","2","65","35","35","189","237","156","C4021956"
"38751","196","2","3","3","19","151","276","91","433","118","C4021956"
"38752","55112","2","3","12","76","153","40","38","54","75","C4021956"
"38753","6340","2","5","8","63","45","23","34","464","187","C4021956"
"38754","7466","2","5","7","53","51","342","454","573","492","C4021956"
"38755","3575","2","5","7","53","51","184","341","544","669","C4021956"
"38756","4538","2","3","2","48","170","50","119","444","556","C4021956"
"38757","445","2","3","2","84","97","167","210","278","360","C4021956"
"38758","2006","2","5","7","53","51","342","454","573","492","C4021956"
"38759","9782","2","3","2","22","33","323","66","101","136","C4021956"
"38760","9990","2","5","8","45","94","199","240","415","666","C4021956"
"38761","3110","2","3","3","19","221","321","428","541","667","C4021956"
"38762","26191","2","5","7","53","14","20","25","40","186","C4021956"
"38763","1906","2","5","4","68","96","326","427","548","672","C4021956"
"38764","7124","2","3","12","41","219","339","156","568","697","C4021956"
"38765","84197","2","5","2","53","14","20","25","215","186","C4021957"
"38766","1548","2","3","5","91","214","226","326","447","586","C4021957"
"38767","1293","2","5","7","53","51","342","454","573","492","C4021957"
"38768","1649","2","3","12","19","31","276","91","433","118","C4021957"
"38769","1282","2","5","7","53","51","342","454","573","492","C4021959"
"38770","4292","2","3","12","19","31","261","116","1","86","C4021959"
"38771","6792","2","5","7","53","14","20","34","540","68","C4021959"
"38772","6774","2","3","12","53","14","276","25","489","416","C4021959"
"38773","3845","2","5","7","60","54","24","30","46","72","C4021971"
"38774","4193","2","3","12","19","31","1","116","89","605","C4021971"
"38775","4053","2","5","7","53","51","342","454","573","492","C4021971"
"38776","5130","2","3","2","85","143","286","51","488","102","C4021972"
"38777","7490","2","3","3","19","221","321","428","541","667","C4021972"
"38778","2261","2","5","7","53","14","20","25","40","186","C4021972"
"38779","7480","2","5","3","68","221","197","259","560","422","C4021972"
"38780","2155","2","5","7","53","51","119","454","549","674","C4021972"
"38781","7276","2","5","7","34","52","216","395","549","674","C4021972"
"38782","1666","2","3","2","69","83","58","64","98","134","C4021972"
"38783","9370","2","5","3","41","151","276","91","433","118","C4021972"
"38784","10262","2","3","2","22","33","323","66","101","136","C4021972"
"38785","3149","2","3","2","48","57","110","378","370","664","C4021972"
"38786","1301","2","5","7","53","51","342","454","573","492","C4021972"
"38787","2934","2","5","7","34","52","216","395","549","674","C4021972"
"38788","9896","2","3","5","80","81","296","399","201","274","C4021972"
"38789","359","2","3","5","80","81","166","397","374","486","C4021972"
"38790","23556","2","3","2","61","77","142","176","235","317","C4021972"
"38791","23363","2","3","12","41","116","268","434","468","213","C4021973"
"38792","163","2","5","7","60","14","184","341","544","669","C4021973"
"38793","445","2","3","2","84","97","167","210","278","360","C4021975"
"38794","1285","2","5","7","53","51","342","454","573","492","C4021975"
"38795","2159","2","5","7","68","51","119","454","549","674","C4021975"
"38796","7490","2","3","3","19","221","321","428","541","667","C4021975"
"38797","27249","2","3","2","48","182","50","119","186","245","C4021975"
"38798","1290","2","5","7","53","51","342","454","573","492","C4021975"
"38799","6576","2","3","2","45","94","199","240","569","666","C4021975"
"38800","139628","2","3","12","19","31","1","426","55","78","C4021975"
"38801","9341","2","5","7","60","14","184","341","544","669","C4021975"
"38802","2316","2","5","7","53","51","342","454","573","702","C4021975"
"38803","7840","2","3","12","76","153","40","38","54","75","C4021976"
"38804","4000","2","3","12","26","105","178","226","297","156","C4021976"
"38805","8200","2","5","7","53","51","342","259","423","389","C4021976"
"38806","1716","2","3","2","27","36","150","221","138","188","C4021976"
"38807","55651","2","3","2","110","85","237","433","547","671","C4021976"
"38808","3284","2","3","2","69","98","169","299","183","243","C4021976"
"38809","1908","2","5","4","68","96","326","427","548","672","C4021976"
"38810","3845","2","5","7","60","54","24","30","46","72","C4021976"
"38811","4089","2","3","12","19","219","339","259","423","605","C4021976"
"38812","6391","2","3","2","48","170","50","119","444","556","C4021976"
"38813","3815","2","5","7","53","14","20","25","40","186","C4021976"
"38814","9627","2","3","12","19","31","1","426","55","78","C4021976"
"38815","23600","2","3","5","80","81","305","409","208","482","C4021976"
"38816","10000","2","5","7","53","14","20","34","540","68","C4021976"
"38817","1146","2","5","8","27","70","99","162","216","290","C4021977"
"38818","54361","2","5","3","68","221","197","259","560","422","C4021977"
"38819","359","2","3","5","80","81","166","397","374","486","C4021977"
"38820","26258","2","5","7","60","18","184","341","544","669","C4021977"
"38821","538","2","3","8","63","45","23","103","464","187","C4021977"
"38822","9241","2","5","7","53","51","342","259","423","389","C4021977"
"38823","5339","2","5","7","53","51","342","454","573","492","C4021977"
"38824","2896","2","5","7","34","52","216","395","549","674","C4021977"
"38825","2623","2","3","12","19","31","1","155","287","116","C4021977"
"38826","22802","2","5","8","63","45","23","34","464","187","C4021977"
"38827","540","2","5","8","63","45","23","103","464","187","C4021977"
"38828","7305","2","5","7","34","52","216","395","549","674","C4021977"
"38829","4038","2","5","7","53","51","342","454","573","492","C4021977"
"38830","10479","2","5","7","27","36","150","341","223","628","C4021984"
"38831","1962","2","3","5","43","161","305","409","208","482","C4021984"
"38832","1387","2","3","12","19","31","276","91","433","118","C4021984"
"38833","6390","2","3","2","48","170","50","119","444","556","C4021986"
"38834","6834","2","3","2","48","170","50","119","444","556","C4021986"
"38835","54880","2","3","12","19","31","1","426","55","78","C4021998"
"38836","11231","2","3","2","110","105","178","226","297","380","C4021998"
"38837","871","2","5","7","53","51","342","454","573","492","C4021998"
"38838","5961","2","5","7","27","51","326","126","414","702","C4021998"
"38839","3952","2","5","3","53","151","276","91","433","118","C4021998"
"38840","5959","2","3","2","69","83","101","126","170","224","C4021998"
"38841","6905","2","3","12","76","153","40","38","54","75","C4021998"
"38842","6392","2","3","2","48","170","50","119","444","556","C4021998"
"38843","7849","2","3","3","19","221","321","428","541","667","C4021998"
"38844","2261","2","5","7","53","14","20","25","40","186","C4021998"
"38845","257","2","3","3","19","221","321","428","541","667","C4022001"
"38846","3931","2","3","5","116","183","295","454","243","327","C4022001"
"38847","4000","2","3","12","26","105","178","226","297","156","C4022001"
"38848","6622","2","3","7","27","36","150","341","223","628","C4022001"
"38849","4609","2","3","12","19","31","1","160","107","416","C4022001"
"38850","5130","2","3","2","85","143","286","51","488","102","C4022001"
"38851","7173","2","3","5","36","48","89","110","400","400","C4022003"
"38852","23590","2","3","2","48","170","50","119","444","556","C4022003"
"38853","6718","2","3","2","46","136","227","168","225","490","C4022003"
"38854","22926","2","3","12","19","31","276","91","433","118","C4022003"
"38855","2218","2","5","2","53","123","194","255","560","373","C4022003"
"38856","8260","2","3","12","41","85","266","76","287","78","C4022003"
"38857","6598","2","3","12","19","31","1","426","55","78","C4022003"
"38858","7043","2","5","7","53","51","342","454","573","492","C4022003"
"38859","133686","2","3","2","73","110","53","59","228","306","C4022003"
"38860","10661","2","3","12","19","31","1","426","55","78","C4022003"
"38861","948","2","5","7","34","52","216","91","433","702","C4022003"
"38862","59","2","5","8","63","45","23","103","464","187","C4022003"
"38863","6392","2","3","2","48","170","50","119","444","556","C4022003"
"38864","1290","2","5","7","53","51","342","454","573","492","C4022003"
"38865","2896","2","5","7","34","52","216","395","549","674","C4022003"
"38866","22909","2","3","12","19","31","261","116","1","86","C4022003"
"38867","26608","2","3","2","22","170","50","119","463","153","C4022012"
"38868","673","2","5","7","53","14","20","34","540","68","C4022012"
"38869","5771","2","5","7","53","14","296","25","40","186","C4022012"
"38870","9829","2","5","7","60","14","184","341","544","669","C4022012"
"38871","801","2","5","8","63","45","23","103","464","187","C4022012"
"38872","546","2","3","12","19","31","261","426","1","86","C4022012"
"38873","3651","2","3","3","19","221","321","428","541","667","C4022012"
"38874","5813","2","3","12","19","31","1","116","159","211","C4022012"
"38875","29123","2","3","12","19","151","276","91","433","118","C4022012"
"38876","2290","2","3","3","19","221","321","428","541","667","C4022012"
"38877","26277","2","3","12","19","31","1","426","1","78","C4022012"
"38878","2006","2","5","7","53","51","342","454","573","492","C4022012"
"38879","699","2","3","12","76","153","40","38","54","75","C4022012"
"38880","4552","2","3","7","48","81","105","139","186","245","C4022012"
"38881","57539","2","3","12","76","153","40","38","54","75","C4022012"
"38882","2516","2","3","3","19","151","276","91","433","118","C4022012"
"38883","54332","2","3","2","60","170","40","98","66","203","C4022012"
"38884","50939","2","3","12","76","153","40","38","472","435","C4022012"
"38885","7124","2","3","12","41","219","339","156","568","697","C4022012"
"38886","1594","2","3","5","92","163","96","363","460","487","C4022012"
"38887","2815","2","5","7","53","51","342","454","573","492","C4022012"
"38888","8074","2","5","7","53","14","20","25","40","186","C4022012"
"38889","6235","2","3","2","110","85","237","433","547","671","C4022012"
"38890","94","2","5","7","53","51","342","259","423","389","C4022012"
"38891","3908","2","5","7","53","51","342","454","573","492","C4022015"
"38892","6310","2","3","12","22","142","225","366","362","468","C4022015"
"38893","7157","2","3","12","19","31","261","402","489","551","C4022020"
"38894","4860","2","3","7","34","52","216","395","549","150","C4022020"
"38895","51816","2","5","7","34","52","216","395","549","674","C4022020"
"38896","8195","2","3","12","76","153","76","38","54","75","C4022020"
"38897","3920","2","5","7","34","52","216","395","549","674","C4022020"
"38898","547","2","3","7","76","153","40","38","54","75","C4022020"
"38899","5015","2","3","3","19","221","321","428","541","667","C4022020"
"38900","836","2","3","12","41","219","339","402","489","697","C4022020"
"38901","633","2","5","7","53","51","342","454","573","492","C4022020"
"38902","768","2","3","5","35","41","77","40","370","303","C4022020"
"38903","10940","2","3","2","22","33","323","66","101","664","C4022020"
"38904","4318","2","5","7","34","52","216","395","573","492","C4022020"
"38905","3977","2","5","7","53","51","119","25","40","416","C4022020"
"38906","6683","2","3","12","76","153","40","38","54","75","C4022020"
"38907","6497","2","5","3","19","221","342","259","423","389","C4022024"
"38908","2896","2","5","7","34","52","216","395","549","674","C4022024"
"38909","2263","2","5","7","53","14","20","25","40","186","C4022024"
"38910","5979","2","5","7","53","14","20","25","40","186","C4022025"
"38911","26040","2","3","12","19","31","1","116","297","78","C4022025"
"38912","3043","2","5","7","34","52","216","395","549","116","C4022025"
"38913","1723","2","3","2","48","170","50","119","444","556","C4022025"
"38914","23746","2","3","12","41","83","101","126","271","356","C4022025"
"38915","7299","2","3","5","23","18","138","250","332","407","C4022031"
"38916","9126","2","3","12","76","153","40","38","54","75","C4022031"
"38917","3123","2","5","7","53","51","119","156","287","116","C4022031"
"38918","7040","2","5","7","53","51","342","454","573","492","C4022031"
"38919","10290","2","5","7","53","14","20","34","540","68","C4022107"
"38920","2316","2","5","7","53","51","342","454","573","702","C4022107"
"38921","3854","2","1","6","11","142","225","142","220","298","C4022157"
"38922","8493","2","3","12","19","31","293","116","201","664","C4022157"
"38923","23431","2","5","7","60","18","184","341","544","669","C4022159"
"38924","6710","2","5","7","60","14","20","25","40","186","C4022159"
"38925","9049","2","3","3","41","151","276","378","271","356","C4022159"
"38926","5781","2","5","7","53","14","20","25","40","186","C4022159"
"38927","1187","2","5","8","63","45","23","34","464","187","C4022169"
"38928","6389","2","3","2","48","170","50","119","444","556","C4022169"
"38929","5745","2","5","4","68","96","326","427","548","672","C4022183"
"38930","387","2","5","7","60","54","24","30","46","72","C4022183"
"38931","26137","2","5","7","63","45","184","103","572","658","C4022386"
"38932","7058","2","5","7","53","51","342","454","573","492","C4022386"
"38933","2700","2","3","6","76","153","40","38","54","75","C4022386"
"38934","7941","2","3","5","7","218","338","450","567","696","C4022386"
"38935","8818","2","3","2","61","77","142","176","280","363","C4022386"
"38936","2263","2","5","7","53","14","20","25","40","186","C4022386"
"38937","212","2","3","2","67","92","293","55","487","116","C4022386"
"38938","26040","2","3","12","19","31","1","116","297","78","C4022386"
"38939","3853","2","1","6","11","142","225","142","220","298","C4022448"
"38940","473","2","3","12","19","31","1","426","55","78","C4022448"
"38941","1440","2","5","7","53","51","119","25","489","416","C4022448"
"38942","6908","2","3","12","19","31","1","116","159","211","C4022448"
"38943","567","2","5","7","34","52","119","395","549","674","C4022448"
"38944","3383","2","5","7","53","51","119","454","287","116","C4022448"
"38945","3930","2","3","2","22","33","323","66","3","464","C4022448"
"38946","6905","2","3","12","76","153","40","38","54","75","C4022546"
"38947","7174","2","3","12","41","116","268","434","468","213","C4022546"
"38948","2314","2","3","12","63","45","184","103","572","658","C4022547"
"38949","5994","2","3","12","19","31","276","91","491","118","C4022547"
"38950","861","2","3","12","19","31","1","426","55","78","C4022547"
"38951","2773","2","5","4","68","96","326","427","548","672","C4022554"
"38952","4851","2","3","12","19","221","143","428","236","667","C4022554"
"38953","54386","2","3","12","19","31","261","116","1","78","C4022554"
"38954","353","2","5","7","34","52","216","395","549","674","C4022587"
"38955","367","2","3","12","19","31","276","91","433","118","C4022587"
"38956","1836","2","3","2","35","41","94","260","330","375","C4022587"
"38957","54469","2","3","5","43","161","305","409","208","482","C4022587"
"38958","8820","2","3","3","19","221","321","428","541","667","C4022587"
"38959","26005","2","3","12","76","153","40","38","54","75","C4022587"
"38960","5076","2","3","3","19","221","321","428","541","667","C4022587"
"38961","3425","2","3","5","80","81","166","454","573","492","C4022587"
"38962","4041","2","5","3","68","221","197","259","560","422","C4022587"
"38963","60","2","3","12","60","45","184","155","287","78","C4022587"
"38964","7157","2","3","12","19","31","261","402","489","551","C4022587"
"38965","7273","2","5","7","53","51","342","103","464","702","C4022587"
"38966","4359","2","5","7","53","51","342","454","573","492","C4022587"
"38967","55651","2","3","2","110","85","237","433","547","671","C4022587"
"38968","55636","2","3","3","19","221","321","428","423","389","C4022587"
"38969","4000","2","3","12","26","105","178","226","297","156","C4022587"
"38970","4524","2","3","2","15","166","104","369","117","583","C4022587"
"38971","2641","2","5","4","68","96","326","427","548","672","C4022587"
"38972","3664","2","5","7","53","184","119","156","287","116","C4022587"
"38973","27324","2","3","12","19","221","321","38","541","75","C4022587"
"38974","3758","2","5","8","63","36","166","106","110","158","C4022587"
"38975","4629","2","5","8","63","45","23","103","464","187","C4022587"
"38976","1278","2","5","7","53","51","342","454","573","492","C4022587"
"38977","51364","2","3","6","11","142","225","142","220","298","C4022587"
"38978","335","2","5","7","53","51","342","454","573","492","C4022587"
"38979","1947","2","5","7","53","51","20","25","560","373","C4022587"
"38980","4593","2","5","7","53","14","20","454","573","492","C4022587"
"38981","5832","2","3","2","101","62","189","182","509","252","C4022587"
"38982","6443","2","5","8","63","45","23","103","464","187","C4022588"
"38983","4221","2","3","12","19","31","342","454","573","492","C4022588"
"38984","8200","2","5","7","53","51","342","259","423","389","C4022588"
"38985","2934","2","5","7","34","52","216","395","549","674","C4022588"
"38986","6885","2","3","12","41","219","339","156","568","697","C4022588"
"38987","4990","2","3","3","19","221","321","428","541","667","C4022588"
"38988","973","2","5","7","53","14","20","25","40","186","C4022588"
"38989","23522","2","3","12","19","31","1","426","55","78","C4022588"
"38990","51025","2","3","2","48","170","50","304","167","593","C4022588"
"38991","3240","2","5","7","34","52","216","395","549","674","C4022588"
"38992","2625","2","3","12","19","31","339","155","287","116","C4022588"
"38993","1203","2","3","2","41","170","342","423","536","342","C4022588"
"38994","2161","2","5","7","68","51","119","395","549","674","C4022588"
"38995","2904","2","5","7","53","14","20","25","223","219","C4022588"
"38996","54806","2","5","7","76","153","40","38","54","75","C4022588"
"38997","3575","2","5","7","53","51","184","341","544","669","C4022588"
"38998","54345","2","5","3","19","221","321","428","541","667","C4022588"
"38999","875","2","3","5","80","137","44","21","451","316","C4022588"
"39000","10084","2","3","2","22","33","323","66","101","136","C4022588"
"39001","7042","2","5","7","53","51","342","454","573","492","C4022588"
"39002","5447","2","3","5","91","214","271","372","471","586","C4022588"
"39003","1146","2","5","8","27","70","99","162","216","290","C4022588"
"39004","24","2","3","12","41","116","268","423","536","445","C4022588"
"39005","6495","2","3","3","19","221","321","428","541","667","C4022588"
"39006","2773","2","5","4","68","96","326","427","548","672","C4022588"
"39007","1723","2","3","2","48","170","50","119","444","556","C4022588"
"39008","10436","2","3","2","110","85","237","433","547","671","C4022588"
"39009","5449","2","3","3","19","221","321","428","541","667","C4022588"
"39010","4594","2","3","7","48","92","261","116","186","245","C4022675"
"39011","80774","2","3","2","41","45","184","103","572","701","C4022675"
"39012","10535","2","3","12","76","153","40","38","54","75","C4022675"
"39013","54499","2","3","2","48","170","50","119","444","593","C4022675"
"39014","3098","2","3","2","90","167","266","367","500","577","C4022675"
"39015","2796","2","5","4","68","96","326","427","548","672","C4022675"
"39016","8671","2","5","8","45","94","199","240","415","666","C4022675"
"39017","50485","2","3","12","19","31","261","116","1","86","C4022675"
"39018","7468","2","3","12","19","31","1","426","55","78","C4022675"
"39019","4041","2","5","3","68","221","197","259","560","422","C4022675"
"39020","1967","2","3","2","110","85","237","433","547","671","C4022675"
"39021","5573","2","3","12","19","184","118","155","287","116","C4022675"
"39022","5251","2","3","5","80","81","296","474","593","722","C4022675"
"39023","5160","2","3","2","67","92","293","55","75","311","C4022676"
"39024","4715","2","3","2","48","170","50","119","444","556","C4022676"
"39025","7057","2","5","7","53","51","342","454","573","492","C4022676"
"39026","9939","2","3","2","22","33","323","66","101","136","C4022695"
"39027","8626","2","3","3","19","221","321","428","541","667","C4022695"
"39028","3569","2","5","7","53","51","342","454","573","416","C4022707"
"39029","22796","2","5","7","60","153","40","38","66","203","C4022707"
"39030","7139","2","5","8","63","45","23","103","464","187","C4022729"
"39031","23742","2","5","5","68","96","326","427","447","586","C4022729"
"39032","2588","2","3","7","34","52","216","395","549","674","C4022754"
"39033","2626","2","3","12","19","31","118","155","287","116","C4022754"
"39034","26580","2","5","8","27","70","99","162","216","290","C4022754"
"39035","177","2","5","7","53","51","339","156","568","697","C4022754"
"39036","5277","2","3","2","61","77","142","176","235","317","C4022798"
"39037","2303","2","5","3","19","221","321","428","541","667","C4022798"
"39038","23093","2","3","12","76","153","40","38","54","75","C4022798"
"39039","8242","2","3","12","19","31","1","426","55","78","C4022798"
"39040","3953","2","5","7","53","14","20","25","40","186","C4022798"
"39041","100","2","3","5","33","21","47","56","80","199","C4022798"
"39042","8626","2","3","3","19","221","321","428","541","667","C4022798"
"39043","2260","2","5","7","53","14","20","25","40","186","C4022798"
"39044","6557","2","5","8","45","94","199","240","415","666","C4022798"
"39045","4358","2","3","5","43","161","305","409","208","482","C4022810"
"39046","7421","2","3","3","19","151","276","91","433","118","C4022810"
"39047","6337","2","5","8","63","45","23","34","464","187","C4022846"
"39048","5538","2","3","2","115","18","340","269","342","444","C4022846"
"39049","6334","2","5","8","63","36","166","341","223","158","C4022848"
"39050","11322","2","5","7","34","52","216","395","549","674","C4022848"
"39051","1203","2","3","2","41","170","342","423","536","342","C4022858"
"39052","7915","2","3","5","87","39","74","191","250","285","C4022858"
"39053","5743","2","3","5","53","175","119","167","489","416","C4022878"
"39054","3930","2","3","2","22","33","323","66","3","464","C4022878"
"39055","3977","2","5","7","53","51","119","25","40","416","C4022878"
"39056","23729","2","3","2","90","167","148","36","51","383","C4022878"
"39057","3141","2","3","2","68","40","130","166","127","173","C4022878"
"39058","22827","2","3","2","22","33","323","66","101","136","C4022878"
"39059","2200","2","5","7","53","51","342","454","573","492","C4022878"
"39060","207","2","3","7","53","14","20","34","489","416","C4022878"
"39061","3762","2","5","8","63","36","166","106","110","158","C4022878"
"39062","1583","2","3","5","79","152","273","375","100","589","C4022878"
"39063","9657","2","3","12","76","153","40","38","54","75","C4022878"
"39064","6334","2","5","8","63","36","166","341","223","158","C4022878"
"39065","3040","2","5","5","53","51","342","40","78","178","C4022878"
"39066","51702","2","3","12","19","31","1","426","55","78","C4022891"
"39067","3853","2","1","6","11","142","225","142","220","298","C4022891"
"39068","5192","2","3","5","43","161","305","409","208","482","C4022947"
"39069","11231","2","3","2","110","105","178","226","297","380","C4022947"
"39070","3853","2","1","6","11","142","225","142","220","298","C4022947"
"39071","4893","2","5","7","34","52","24","30","46","72","C4022947"
"39072","3123","2","5","7","53","51","119","156","287","116","C4022983"
"39073","22868","2","3","2","48","182","67","76","463","153","C4022983"
"39074","4352","2","5","7","53","14","20","25","40","186","C4022995"
"39075","2074","2","3","12","19","31","1","426","55","78","C4022995"
"39076","7042","2","5","7","53","51","342","454","573","492","C4022995"
"39077","1387","2","3","12","19","31","276","91","433","118","C4022995"
"39078","5617","2","5","12","19","31","1","426","55","78","C4022995"
"39079","3954","2","3","2","48","170","67","119","444","593","C4022995"
"39080","3265","2","5","7","60","54","24","30","46","72","C4022995"
"39081","5063","2","5","7","53","14","20","34","540","68","C4022995"
"39082","3239","2","3","3","19","221","321","428","541","667","C4022995"
"39083","54768","2","3","12","41","92","197","57","198","517","C4022995"
"39084","10555","2","3","7","34","52","216","395","549","622","C4022996"
"39085","5172","2","5","8","45","94","199","240","415","666","C4022996"
"39086","2916","2","5","4","68","96","326","427","548","672","C4022996"
"39087","7133","2","5","7","34","52","216","395","549","697","C4022996"
"39088","1908","2","5","4","68","96","326","427","548","672","C4022996"
"39089","6016","2","5","7","60","54","24","30","46","72","C4022996"
"39090","175","2","3","7","34","52","216","395","549","674","C4022996"
"39091","5727","2","3","12","68","221","197","259","560","422","C4022996"
"39092","9742","2","3","12","76","153","40","38","54","75","C4022996"
"39093","9829","2","5","7","60","14","184","341","544","669","C4022996"
"39094","3784","2","5","8","63","36","166","106","110","158","C4022996"
"39095","10558","2","3","2","50","47","39","100","321","209","C4023004"
"39096","51085","2","3","2","48","57","110","141","359","462","C4023004"
"39097","4613","2","3","12","19","31","1","426","55","78","C4023004"
"39098","4036","2","5","7","60","14","184","341","544","669","C4023004"
"39099","2099","2","3","12","19","151","276","91","433","118","C4023009"
"39100","2239","2","3","2","74","51","342","454","573","492","C4023009"
"39101","5340","2","5","7","53","51","342","454","573","492","C4023026"
"39102","5015","2","3","3","19","221","321","428","541","667","C4023026"
"39103","2645","2","3","2","90","167","266","367","101","664","C4023027"
"39104","26119","2","5","7","60","14","184","341","544","669","C4023027"
"39105","27031","2","3","6","11","142","225","38","331","506","C4023031"
"39106","2737","2","3","12","19","116","321","428","54","667","C4023031"
"39107","4089","2","3","12","19","219","339","259","423","605","C4023042"
"39108","5830","2","3","5","43","161","305","409","208","482","C4023042"
"39109","6774","2","3","12","53","14","276","25","489","416","C4023042"
"39110","3123","2","5","7","53","51","119","156","287","116","C4023060"
"39111","2182","2","3","2","67","92","265","284","147","235","C4023060"
"39112","7133","2","5","7","34","52","216","395","549","697","C4023060"
"39113","9993","2","5","7","53","51","342","454","573","492","C4023065"
"39114","1586","2","3","5","79","98","256","335","425","540","C4023065"
"39115","6331","2","5","8","63","36","166","341","223","158","C4023068"
"39116","4582","2","5","7","53","206","324","430","429","544","C4023068"
"39117","7473","2","5","3","68","221","197","259","560","422","C4023071"
"39118","4629","2","5","8","63","45","23","103","464","187","C4023071"
"39119","1409","2","3","12","76","153","40","38","54","75","C4023071"
"39120","338","2","5","7","53","51","342","454","573","492","C4023096"
"39121","3663","2","3","12","53","184","119","156","287","116","C4023096"
"39122","23322","2","3","12","76","153","40","38","54","75","C4023101"
"39123","4535","2","3","2","48","170","50","119","444","556","C4023101"
"39124","1299","2","5","7","53","51","342","454","573","492","C4023101"
"39125","1103","2","3","2","67","92","293","55","75","311","C4023101"
"39126","3930","2","3","2","22","33","323","66","3","464","C4023101"
"39127","7466","2","5","7","53","51","342","454","573","492","C4023101"
"39128","3418","2","3","2","67","151","276","33","48","155","C4023101"
"39129","11280","2","5","8","63","36","166","341","390","158","C4023101"
"39130","1610","2","3","5","80","81","305","409","208","482","C4023101"
"39131","2138","2","3","12","19","31","1","426","55","78","C4023101"
"39132","3912","2","5","7","53","51","342","454","573","492","C4023101"
"39133","860","2","3","12","19","31","276","91","433","118","C4023101"
"39134","10381","2","3","12","76","153","40","38","54","75","C4023101"
"39135","4210","2","3","12","41","219","339","156","568","697","C4023101"
"39136","51360","2","3","3","26","35","276","91","433","203","C4023106"
"39137","1543","2","3","5","91","151","276","91","433","118","C4023106"
"39138","567","2","5","7","34","52","119","395","549","674","C4023106"
"39139","1134","2","5","8","27","70","99","162","216","290","C4023106"
"39140","6144","2","3","2","110","85","237","433","547","671","C4023106"
"39141","1106","2","3","12","19","31","1","426","55","78","C4023116"
"39142","4297","2","3","12","19","31","1","426","55","78","C4023116"
"39143","10913","2","3","12","41","219","339","156","568","697","C4023124"
"39144","5351","2","5","7","53","51","342","454","573","492","C4023124"
"39145","3202","2","3","3","19","221","321","428","541","667","C4023133"
"39146","4842","2","3","5","63","45","71","177","464","219","C4023133"
"39147","9464","2","3","12","19","31","276","91","433","118","C4023136"
"39148","2253","2","5","7","53","14","20","25","40","186","C4023136"
"39149","6311","2","3","2","22","33","323","66","362","468","C4023136"
"39150","11005","2","1","6","11","142","225","142","220","298","C4023136"
"39151","55315","2","3","5","80","81","296","62","94","150","C4023137"
"39152","3209","2","3","3","19","221","321","428","541","667","C4023137"
"39153","4541","2","3","2","48","170","50","119","444","24","C4023159"
"39154","6913","2","3","3","19","221","321","428","541","667","C4023159"
"39155","4750","2","5","12","76","14","20","34","540","68","C4023159"
"39156","7020","2","3","12","19","31","276","91","433","664","C4023169"
"39157","51360","2","3","3","26","35","276","91","433","203","C4023169"
"39158","5728","2","3","5","80","81","339","156","568","605","C4023169"
"39159","25978","2","3","2","48","57","110","141","359","462","C4023170"
"39160","6445","2","5","8","63","45","23","103","464","187","C4023170"
"39161","7468","2","3","12","19","31","1","426","55","78","C4023170"
"39162","2778","2","5","4","68","96","326","427","548","672","C4023175"
"39163","6948","2","5","7","48","51","105","139","186","245","C4023175"
"39164","1134","2","5","8","27","70","99","162","216","290","C4023205"
"39165","10195","2","3","2","48","69","99","162","216","290","C4023205"
"39166","22926","2","3","12","19","31","276","91","433","118","C4023209"
"39167","10456","2","3","2","41","170","150","304","167","593","C4023209"
"39168","5332","2","3","4","68","96","326","427","548","672","C4023211"
"39169","2071","2","3","12","19","31","261","116","159","211","C4023211"
"39170","3972","2","5","4","68","96","326","427","548","672","C4023211"
"39171","10804","2","3","12","76","153","40","38","54","75","C4023211"
"39172","652","2","5","7","53","51","342","454","573","492","C4023338"
"39173","2247","2","5","7","53","14","20","25","40","186","C4023338"
"39174","9786","2","3","12","76","153","40","38","54","75","C4023338"
"39175","345","2","5","7","53","51","342","454","573","492","C4023338"
"39176","3670","2","3","2","110","85","237","433","547","671","C4023351"
"39177","1352","2","3","2","48","170","50","119","444","556","C4023351"
"39178","1813","2","5","4","68","96","326","427","548","672","C4023383"
"39179","8836","2","3","7","34","52","216","395","549","674","C4023383"
"39180","51750","2","3","12","19","31","261","116","1","86","C4023383"
"39181","9632","2","3","7","60","153","40","38","54","203","C4023383"
"39182","4952","2","3","5","60","54","184","30","544","669","C4023383"
"39183","249","2","3","5","27","51","335","444","560","373","C4023383"
"39184","9569","2","3","12","19","31","276","91","433","118","C4023383"
"39185","2629","2","3","5","80","81","250","291","152","420","C4023383"
"39186","3060","2","5","4","68","96","326","427","548","672","C4023397"
"39187","5071","2","3","12","41","116","268","434","468","213","C4023397"
"39188","652","2","5","7","53","51","342","454","573","492","C4023397"
"39189","6197","2","3","12","19","14","20","34","540","68","C4023397"
"39190","8314","2","3","12","41","31","1","426","55","78","C4023397"
"39191","1789","2","3","12","19","31","1","426","55","78","C4023397"
"39192","7051","2","1","6","11","142","225","142","220","298","C4023397"
"39193","6891","2","3","12","41","116","119","156","568","116","C4023397"
"39194","10269","2","3","2","48","182","50","119","444","556","C4023397"
"39195","6658","2","3","12","19","221","321","428","541","667","C4023397"
"39196","5624","2","5","7","53","51","342","454","573","492","C4023397"
"39197","6938","2","3","12","19","31","1","426","55","78","C4023397"
"39198","1278","2","5","7","53","51","342","454","573","492","C4023397"
"39199","779","2","5","8","63","36","166","341","390","158","C4023397"
"39200","8643","2","5","3","68","221","197","259","560","422","C4023397"
"39201","54808","2","3","12","76","153","40","38","54","75","C4023397"
"39202","2332","2","3","2","22","33","71","373","466","609","C4023400"
"39203","6519","2","3","5","45","94","199","240","415","666","C4023400"
"39204","2100","2","3","3","19","151","276","91","433","118","C4023400"
"39205","5689","2","3","12","41","116","268","156","303","342","C4023400"
"39206","9939","2","3","2","22","33","323","66","101","136","C4023400"
"39207","3280","2","3","12","19","31","143","428","236","667","C4023401"
"39208","2736","2","3","12","41","116","321","428","54","667","C4023401"
"39209","4512","2","3","2","48","170","110","141","359","8","C4023438"
"39210","9496","2","5","6","11","142","225","142","220","673","C4023438"
"39211","3988","2","3","5","98","174","277","379","476","42","C4023438"
"39212","2200","2","5","7","53","51","342","454","573","492","C4023438"
"39213","5832","2","3","2","101","62","189","182","509","252","C4023438"
"39214","1312","2","3","2","87","79","105","426","129","25","C4023438"
"39215","6495","2","3","3","19","221","321","428","541","667","C4023438"
"39216","25836","2","3","12","76","153","40","38","54","75","C4023452"
"39217","7425","2","5","7","53","51","342","454","573","492","C4023452"
"39218","6326","2","5","8","63","36","166","341","390","158","C4023452"
"39219","10516","2","5","7","53","51","342","454","573","492","C4023452"
"39220","183","2","5","4","68","96","326","427","548","672","C4023452"
"39221","23247","2","3","12","76","153","71","34","540","68","C4023452"
"39222","274","2","5","7","60","14","184","341","544","669","C4023452"
"39223","6926","2","5","7","53","51","335","259","560","373","C4023452"
"39224","6310","2","3","12","22","142","225","366","362","468","C4023452"
"39225","29760","2","5","7","53","14","20","25","40","186","C4023452"
"39226","6792","2","5","7","53","14","20","34","540","68","C4023452"
"39227","5605","2","5","7","53","14","20","34","540","68","C4023452"
"39228","54808","2","3","12","76","153","40","38","54","75","C4023452"
"39229","7010","2","5","7","53","14","20","25","40","186","C4023452"
"39230","1302","2","5","7","53","51","342","454","573","492","C4023452"
"39231","7827","2","5","7","53","170","335","25","560","373","C4023457"
"39232","54919","2","3","2","41","96","279","304","370","257","C4023457"
"39233","3872","2","1","6","11","142","225","142","220","298","C4023457"
"39234","5308","2","3","3","19","221","321","428","541","667","C4023457"
"39235","1293","2","5","7","53","51","342","454","573","492","C4023470"
"39236","4000","2","3","12","26","105","178","226","297","156","C4023470"
"39237","8085","2","3","12","19","31","1","426","55","78","C4023470"
"39238","4792","2","3","12","41","219","339","156","568","605","C4023470"
"39239","4846","2","3","5","41","219","75","243","44","64","C4023470"
"39240","3717","2","5","7","53","14","20","25","40","186","C4023470"
"39241","5728","2","3","5","80","81","339","156","568","605","C4023470"
"39242","6687","2","3","2","48","170","50","119","444","593","C4023471"
"39243","1280","2","5","7","53","51","342","454","573","492","C4023471"
"39244","25885","2","3","12","19","31","1","426","55","78","C4023479"
"39245","5156","2","5","7","53","14","20","25","40","186","C4023479"
"39246","2706","2","3","12","76","153","40","38","54","75","C4023479"
"39247","4508","2","3","2","48","170","50","119","444","556","C4023479"
"39248","8643","2","5","3","68","221","197","259","560","422","C4023479"
"39249","23322","2","3","12","76","153","40","38","54","75","C4023511"
"39250","2273","2","5","8","63","45","23","103","464","187","C4023511"
"39251","2488","2","5","4","68","96","326","427","548","672","C4023511"
"39252","2588","2","3","7","34","52","216","395","549","674","C4023511"
"39253","6469","2","5","3","53","221","197","259","560","422","C4023511"
"39254","55240","2","3","5","29","88","132","402","489","551","C4023511"
"39255","9711","2","3","2","48","57","110","141","359","462","C4023511"
"39256","9094","2","5","7","27","36","150","341","331","624","C4023521"
"39257","3039","2","3","5","35","41","118","155","287","116","C4023521"
"39258","55670","2","3","5","43","161","305","409","208","482","C4023551"
"39259","7486","2","3","12","19","31","261","116","1","86","C4023551"
"39260","6154","2","3","2","110","85","237","433","547","671","C4023551"
"39261","3953","2","5","7","53","14","20","25","40","186","C4023551"
"39262","2677","2","5","7","53","51","342","454","573","492","C4023551"
"39263","1513","2","5","7","53","51","342","454","573","492","C4023577"
"39264","4318","2","5","7","34","52","216","395","573","492","C4023577"
"39265","540","2","5","8","63","45","23","103","464","187","C4023577"
"39266","11107","2","3","12","19","31","1","426","55","78","C4023577"
"39267","5728","2","3","5","80","81","339","156","568","605","C4023577"
"39268","773","2","5","8","27","36","166","341","223","628","C4023577"
"39269","7306","2","5","5","23","18","138","250","332","407","C4023577"
"39270","1807","2","3","5","80","23","186","79","560","273","C4023577"
"39271","4000","2","3","12","26","105","178","226","297","156","C4023579"
"39272","6640","2","5","7","42","36","71","177","223","219","C4023579"
"39273","4524","2","3","2","15","166","104","369","117","583","C4023583"
"39274","472","2","3","12","19","31","261","116","1","86","C4023583"
"39275","3759","2","5","8","63","36","166","106","110","158","C4023616"
"39276","51684","2","3","12","41","116","268","38","54","75","C4023616"
"39277","1280","2","5","7","53","51","342","454","573","492","C4023616"
"39278","50937","2","5","7","53","51","335","444","560","373","C4023616"
"39279","10269","2","3","2","48","182","50","119","444","556","C4023616"
"39280","421","2","5","7","42","51","335","444","560","373","C4023616"
"39281","4547","2","5","7","53","51","342","454","573","492","C4023616"
"39282","2316","2","5","7","53","51","342","454","573","702","C4023616"
"39283","546","2","3","12","19","31","261","426","1","86","C4023616"
"39284","2737","2","3","12","19","116","321","428","54","667","C4023616"
"39285","25836","2","3","12","76","153","40","38","54","75","C4023616"
"39286","9254","2","5","8","63","36","166","341","223","158","C4023616"
"39287","1031","2","3","12","19","31","1","426","55","78","C4023616"
"39288","3675","2","5","7","53","51","342","454","573","492","C4023616"
"39289","3918","2","5","7","53","51","342","454","573","492","C4023616"
"39290","7157","2","3","12","19","31","261","402","489","551","C4023616"
"39291","4893","2","5","7","34","52","24","30","46","72","C4023620"
"39292","2799","2","3","7","34","52","216","395","549","33","C4023620"
"39293","4261","2","3","12","53","184","119","156","287","116","C4023676"
"39294","478","2","3","8","63","45","23","366","464","187","C4023676"
"39295","2261","2","5","7","53","14","20","25","40","186","C4023676"
"39296","2006","2","5","7","53","51","342","454","573","492","C4023676"
"39297","10743","2","3","3","19","151","276","91","433","118","C4023676"
"39298","5167","2","3","5","32","93","163","207","303","126","C4023676"
"39299","8200","2","5","7","53","51","342","259","423","389","C4023684"
"39300","4882","2","3","4","68","96","326","427","548","672","C4023684"
"39301","4988","2","5","4","68","96","326","427","548","672","C4023684"
"39302","3064","2","3","12","48","170","50","444","91","439","C4023698"
"39303","975","2","5","7","53","51","119","395","549","674","C4023698"
"39304","9343","2","3","2","22","33","323","66","101","136","C4023698"
"39305","613","2","5","7","60","54","24","30","46","72","C4023698"
"39306","3560","2","5","7","53","14","20","25","40","186","C4023701"
"39307","9","2","3","2","22","214","261","76","1","86","C4023701"
"39308","6017","2","3","2","69","83","101","126","170","224","C4023703"
"39309","2290","2","3","3","19","221","321","428","541","667","C4023703"
"39310","5932","2","3","12","19","31","261","116","1","86","C4023722"
"39311","3617","2","5","7","86","221","321","454","311","518","C4023722"
"39312","26123","2","3","2","76","153","40","38","54","75","C4023722"
"39313","9342","2","5","7","34","52","216","395","549","674","C4023722"
"39314","6628","2","3","2","22","33","323","66","101","136","C4023722"
"39315","525","2","3","5","29","88","110","141","537","50","C4023734"
"39316","4088","2","3","12","19","219","339","259","423","605","C4023734"
"39317","374654","2","3","12","76","153","40","38","54","75","C4023734"
"39318","2109","2","3","2","48","170","50","119","444","556","C4023786"
"39319","3930","2","3","2","22","33","323","66","3","464","C4023786"
"39320","6154","2","3","2","110","85","237","433","547","671","C4023786"
"39321","6597","2","3","12","19","31","1","426","55","78","C4023786"
"39322","6812","2","5","7","27","36","150","341","223","628","C4023786"
"39323","4541","2","3","2","48","170","50","119","444","24","C4023786"
"39324","4724","2","3","2","48","170","50","119","444","556","C4023786"
"39325","3931","2","3","5","116","183","295","454","243","327","C4023786"
"39326","242","2","3","5","11","142","223","142","220","298","C4023786"
"39327","5428","2","3","2","48","170","50","119","167","593","C4023786"
"39328","8481","2","3","12","76","153","40","38","54","75","C4023786"
"39329","7390","2","3","5","80","81","166","132","175","473","C4023786"
"39330","55135","2","3","12","76","137","76","136","472","435","C4023786"
"39331","585","2","3","12","76","153","40","38","54","75","C4023786"
"39332","8546","2","5","7","60","18","184","341","544","669","C4023786"
"39333","5828","2","3","5","43","161","305","409","208","482","C4023796"
"39334","4330","2","3","12","19","31","101","91","433","118","C4023796"
"39335","4952","2","3","5","60","54","184","30","544","669","C4023796"
"39336","7469","2","3","12","19","31","261","116","159","211","C4023796"
"39337","8985","2","5","7","53","51","342","454","573","492","C4023801"
"39338","664","2","3","12","41","219","339","402","489","551","C4023801"
"39339","3426","2","5","7","53","51","119","395","549","674","C4023801"
"39340","5429","2","3","12","19","31","261","116","1","86","C4023801"
"39341","7167","2","3","2","90","167","266","367","500","577","C4023801"
"39342","1610","2","3","5","80","81","305","409","208","482","C4023812"
"39343","6334","2","5","8","63","36","166","341","223","158","C4023812"
"39344","26119","2","5","7","60","14","184","341","544","669","C4023812"
"39345","7399","2","5","7","53","51","342","454","573","492","C4023814"
"39346","2316","2","5","7","53","51","342","454","573","702","C4023814"
"39347","9896","2","3","5","80","81","296","399","201","274","C4023814"
"39348","3291","2","3","2","69","83","101","94","133","318","C4023909"
"39349","6335","2","5","8","63","36","166","341","390","158","C4023909"
"39350","7133","2","5","7","34","52","216","395","549","697","C4023909"
"39351","6469","2","5","3","53","221","197","259","560","422","C4023909"
"39352","6390","2","3","2","48","170","50","119","444","556","C4023909"
"39353","6531","2","5","8","45","94","199","240","415","666","C4023909"
"39354","2153","2","5","7","53","51","342","454","573","492","C4023909"
"39355","2395","2","3","2","48","170","50","304","167","593","C4023909"
"39356","2773","2","5","4","68","96","326","427","548","672","C4023909"
"39357","6664","2","3","3","19","221","321","428","541","667","C4023909"
"39358","1258","2","5","4","68","45","272","106","518","621","C4023909"
"39359","1184","2","5","8","63","45","23","34","464","187","C4023909"
"39360","5325","2","3","12","19","31","198","261","146","118","C4023909"
"39361","116519","2","5","7","53","51","342","454","573","492","C4023909"
"39362","2737","2","3","12","19","116","321","428","54","667","C4023909"
"39363","6657","2","3","12","19","221","321","428","541","667","C4023909"
"39364","6440","2","5","5","68","96","185","238","310","272","C4023909"
"39365","26040","2","3","12","19","31","1","116","297","78","C4023911"
"39366","405753","2","3","2","69","83","58","64","98","134","C4023911"
"39367","5993","2","3","12","19","31","1","426","55","78","C4023911"
"39368","8929","2","3","3","19","221","321","428","541","667","C4023911"
"39369","3043","2","5","7","34","52","216","395","549","116","C4023911"
"39370","6870","2","5","4","68","96","326","427","548","672","C4023911"
"39371","23746","2","3","12","41","83","101","126","271","356","C4023911"
"39372","3417","2","3","7","34","52","216","395","549","319","C4023911"
"39373","5648","2","5","7","53","51","119","395","549","674","C4023911"
"39374","6261","2","5","8","63","45","23","34","464","187","C4023911"
"39375","1187","2","5","8","63","45","23","34","464","187","C4023915"
"39376","1824","2","1","6","11","142","225","142","220","298","C4023915"
"39377","5993","2","3","12","19","31","1","426","55","78","C4023915"
"39378","775","2","5","8","63","36","166","341","223","158","C4023915"
"39379","54714","2","5","8","63","36","166","106","110","158","C4023915"
"39380","1287","2","5","2","53","51","342","454","573","492","C4023915"
"39381","26137","2","5","7","63","45","184","103","572","658","C4023918"
"39382","2099","2","3","12","19","151","276","91","433","118","C4023918"
"39383","10370","2","3","12","19","31","276","91","433","118","C4023918"
"39384","11113","2","5","7","53","14","20","34","540","68","C4023918"
"39385","2301","2","5","6","11","142","225","142","220","673","C4023976"
"39386","54808","2","3","12","76","153","40","38","54","75","C4023976"
"39387","51259","2","3","2","76","153","40","38","54","75","C4023976"
"39388","1829","2","1","6","11","142","225","142","220","298","C4023976"
"39389","4613","2","3","12","19","31","1","426","55","78","C4023976"
"39390","10525","2","3","2","110","105","178","226","297","380","C4023987"
"39391","2812","2","5","7","53","51","342","454","573","492","C4023987"
"39392","3265","2","5","7","60","54","24","30","46","72","C4024098"
"39393","3081","2","3","2","91","51","3","267","308","429","C4024098"
"39394","50964","2","5","3","68","221","197","259","423","422","C4024159"
"39395","5663","2","5","7","34","52","216","395","549","667","C4024159"
"39396","8701","2","3","12","76","153","40","38","54","75","C4024159"
"39397","8323","2","5","3","68","221","197","259","560","422","C4024159"
"39398","2033","2","3","12","19","31","1","91","433","118","C4024159"
"39399","3759","2","5","8","63","36","166","106","110","158","C4024166"
"39400","2200","2","5","7","53","51","342","454","573","492","C4024166"
"39401","5972","2","5","5","34","52","216","397","418","568","C4024166"
"39402","5970","2","3","12","19","31","276","91","433","118","C4024167"
"39403","5982","2","3","12","19","31","261","116","1","86","C4024167"
"39404","716","2","5","7","53","51","119","395","549","674","C4024167"
"39405","6688","2","3","12","19","31","1","426","55","78","C4024167"
"39406","54361","2","5","3","68","221","197","259","560","422","C4024167"
"39407","2178","2","3","12","19","31","261","116","1","86","C4024171"
"39408","190","2","3","3","19","151","276","91","433","118","C4024171"
"39409","9343","2","3","2","22","33","323","66","101","136","C4024171"
"39410","3984","2","5","7","53","14","20","34","540","68","C4024171"
"39411","7020","2","3","12","19","31","276","91","433","664","C4024171"
"39412","6337","2","5","8","63","45","23","34","464","187","C4024171"
"39413","4582","2","5","7","53","206","324","430","429","544","C4024174"
"39414","1030","2","3","12","19","31","1","426","55","78","C4024174"
"39415","1272","2","5","7","53","51","335","444","236","373","C4024188"
"39416","5626","2","3","3","19","221","321","428","541","667","C4024188"
"39417","5449","2","3","3","19","221","321","428","541","667","C4024202"
"39418","1420","2","3","6","63","45","160","362","177","673","C4024202"
"39419","6938","2","3","12","19","31","1","426","55","78","C4024202"
"39420","1487","2","3","12","19","31","1","426","55","340","C4024202"
"39421","8878","2","3","12","41","219","339","156","568","697","C4024202"
"39422","2110","2","3","2","48","170","50","119","444","556","C4024202"
"39423","2820","2","3","2","48","170","50","119","444","556","C4024202"
"39424","10743","2","3","3","19","151","276","91","433","118","C4024202"
"39425","6622","2","3","7","27","36","150","341","223","628","C4024202"
"39426","788","2","3","2","45","151","199","240","415","666","C4024202"
"39427","6689","2","3","12","19","31","276","91","433","118","C4024202"
"39428","1311","2","5","7","53","51","342","454","573","492","C4024202"
"39429","9227","2","3","2","69","51","101","126","170","224","C4024202"
"39430","8924","2","3","12","41","116","268","434","468","213","C4024202"
"39431","57582","2","5","8","63","36","166","106","110","158","C4024202"
"39432","7157","2","3","12","19","31","261","402","489","551","C4024202"
"39433","5604","2","5","7","53","14","20","34","540","68","C4024202"
"39434","857","2","5","7","53","45","23","57","83","422","C4024202"
"39435","773","2","5","8","27","36","166","341","223","628","C4024202"
"39436","9361","2","3","2","48","170","50","119","444","556","C4024202"
"39437","916","2","5","7","53","51","119","25","549","674","C4024202"
"39438","7473","2","5","3","68","221","197","259","560","422","C4024213"
"39439","2132","2","3","2","74","58","112","148","193","263","C4024213"
"39440","1001","2","5","7","53","51","335","444","560","373","C4024215"
"39441","2483","2","3","2","22","33","323","66","101","136","C4024215"
"39442","3762","2","5","8","63","36","166","106","110","158","C4024215"
"39443","3290","2","3","2","69","83","101","94","133","239","C4024220"
"39444","51099","2","3","2","67","92","293","55","75","311","C4024220"
"39445","7401","2","5","7","60","83","101","126","170","224","C4024220"
"39446","6576","2","3","2","45","94","199","240","569","666","C4024221"
"39447","29899","2","5","4","68","96","326","427","548","672","C4024221"
"39448","5172","2","5","8","45","94","199","240","415","666","C4024221"
"39449","23600","2","3","5","80","81","305","409","208","482","C4024222"
"39450","2147","2","5","7","68","51","342","454","573","492","C4024222"
"39451","2643","2","3","5","87","91","75","204","267","352","C4024224"
"39452","26191","2","5","7","53","14","20","25","40","186","C4024224"
"39453","10020","2","3","2","89","124","204","42","452","258","C4024235"
"39454","710","2","5","7","53","51","342","454","573","702","C4024235"
"39455","570","2","3","5","43","161","305","409","255","56","C4024283"
"39456","3767","2","5","8","63","36","166","106","110","158","C4024283"
"39457","8328","2","3","12","19","31","1","426","55","78","C4024283"
"39458","1836","2","3","2","35","41","94","260","330","375","C4024318"
"39459","2146","2","3","12","19","31","1","426","55","78","C4024318"
"39460","9657","2","3","12","76","153","40","38","54","75","C4024318"
"39461","4607","2","5","7","53","51","23","103","464","187","C4024345"
"39462","7045","2","5","12","19","51","1","426","55","78","C4024345"
"39463","1828","2","5","7","34","52","216","142","220","298","C4024345"
"39464","275","2","3","5","106","104","214","70","377","488","C4024345"
"39465","1302","2","5","7","53","51","342","454","573","492","C4024507"
"39466","673","2","5","7","53","14","20","34","540","68","C4024507"
"39467","4891","2","3","2","25","44","165","101","274","358","C4024507"
"39468","1634","2","5","7","53","51","342","454","573","492","C4024507"
"39469","23230","2","5","7","11","142","71","341","560","219","C4024507"
"39470","1584","2","3","5","79","159","256","276","353","456","C4024536"
"39471","6235","2","3","2","110","85","237","433","547","671","C4024536"
"39472","875","2","3","5","80","137","44","21","451","316","C4024536"
"39473","3918","2","5","7","53","51","342","454","573","492","C4024552"
"39474","175","2","3","7","34","52","216","395","549","674","C4024552"
"39475","9095","2","5","7","53","51","335","444","560","373","C4024552"
"39476","4221","2","3","12","19","31","342","454","573","492","C4024583"
"39477","6655","2","5","7","60","54","24","30","46","72","C4024583"
"39478","4625","2","3","8","63","45","23","103","464","187","C4024583"
"39479","5781","2","5","7","53","14","20","25","40","186","C4024589"
"39480","2778","2","5","4","68","96","326","427","548","672","C4024589"
"39481","5447","2","3","5","91","214","271","372","471","586","C4024589"
"39482","29123","2","3","12","19","151","276","91","433","118","C4024595"
"39483","6262","2","5","8","63","45","23","34","464","187","C4024595"
"39484","23314","2","3","3","19","221","321","428","541","667","C4024597"
"39485","3815","2","5","7","53","14","20","25","40","186","C4024597"
"39486","10082","2","3","2","74","51","342","454","573","492","C4024598"
"39487","2629","2","3","5","80","81","250","291","152","420","C4024598"
"39488","4758","2","3","7","34","52","216","395","549","517","C4024598"
"39489","2719","2","5","7","53","51","342","454","573","492","C4024598"
"39490","2121","2","3","12","41","116","268","434","568","605","C4024606"
"39491","6277","2","3","12","34","52","216","202","572","462","C4024606"
"39492","6497","2","5","3","19","221","342","259","423","389","C4024606"
"39493","51095","2","3","12","22","33","323","66","101","664","C4024606"
"39494","26235","2","3","12","41","116","268","434","468","213","C4024609"
"39495","6909","2","5","7","53","51","335","444","560","373","C4024609"
"39496","5831","2","3","2","101","62","189","182","566","409","C4024609"
"39497","7249","2","3","7","60","57","110","141","359","462","C4024609"
"39498","3952","2","5","3","53","151","276","91","433","118","C4024609"
"39499","9971","2","3","3","19","151","276","91","433","118","C4024610"
"39500","55737","2","3","2","68","221","197","259","560","422","C4024610"
"39501","1281","2","5","7","53","51","342","454","573","492","C4024610"
"39502","2317","2","5","7","63","45","23","103","287","664","C4024612"
"39503","5450","2","3","12","19","221","261","116","159","211","C4024612"
"39504","4089","2","3","12","19","219","339","259","423","605","C4024613"
"39505","3930","2","3","2","22","33","323","66","3","464","C4024613"
"39506","6335","2","5","8","63","36","166","341","390","158","C4024615"
"39507","5894","2","5","7","60","54","23","34","464","187","C4024615"
"39508","1311","2","5","7","53","51","342","454","573","492","C4024615"
"39509","5339","2","5","7","53","51","342","454","573","492","C4024631"
"39510","8575","2","3","2","22","33","323","66","101","194","C4024631"
"39511","1855","2","5","12","76","153","197","259","560","422","C4024640"
"39512","3753","2","5","8","63","36","166","341","223","158","C4024640"
"39513","1073","2","3","8","63","45","184","103","572","658","C4024640"
"39514","25782","2","5","7","60","54","24","30","46","72","C4024640"
"39515","9247","2","5","7","53","221","197","259","423","389","C4024641"
"39516","5116","2","3","12","76","153","40","38","54","75","C4024641"
"39517","1639","2","3","12","76","153","40","38","54","75","C4024641"
"39518","4914","2","3","2","22","18","266","202","252","252","C4024641"
"39519","57680","2","3","12","19","31","1","426","55","78","C4024641"
"39520","9343","2","3","2","22","33","323","66","101","136","C4024641"
"39521","3569","2","5","7","53","51","342","454","573","416","C4024641"
"39522","5313","2","3","2","90","167","321","428","541","115","C4024641"
"39523","7351","2","3","2","20","29","98","123","166","221","C4024641"
"39524","6010","2","5","4","68","96","326","427","548","672","C4024641"
"39525","9179","2","5","7","60","18","184","341","544","669","C4024644"
"39526","1956","2","5","7","53","14","184","45","544","669","C4024644"
"39527","2639","2","3","2","71","148","34","160","115","164","C4024644"
"39528","627","2","5","7","53","51","335","444","423","373","C4024646"
"39529","5159","2","5","7","53","14","20","25","40","186","C4024646"
"39530","50964","2","5","3","68","221","197","259","423","422","C4024654"
"39531","1289","2","5","7","53","51","342","454","573","492","C4024654"
"39532","7053","2","3","6","11","142","225","142","220","298","C4024655"
"39533","4361","2","3","12","19","31","261","116","1","86","C4024655"
"39534","5184","2","3","5","80","81","166","52","105","349","C4024656"
"39535","5828","2","3","5","43","161","305","409","208","482","C4024656"
"39536","7048","2","5","7","53","51","342","259","423","389","C4024660"
"39537","6134","2","3","2","110","85","237","433","547","671","C4024660"
"39538","1026","2","3","12","19","31","1","116","489","416","C4024665"
"39539","9215","2","5","2","27","36","150","430","215","628","C4024665"
"39540","5923","2","5","7","53","14","20","25","40","186","C4024665"
"39541","23529","2","5","7","53","51","119","25","40","416","C4024665"
"39542","1733","2","3","5","69","83","101","126","57","224","C4024665"
"39543","4986","2","5","4","68","96","326","427","548","672","C4024665"
"39544","1535","2","5","7","34","52","216","395","549","674","C4024665"
"39545","2643","2","3","5","87","91","75","204","267","352","C4024665"
"39546","10238","2","3","12","41","116","268","434","468","213","C4024665"
"39547","7299","2","3","5","23","18","138","250","332","407","C4024665"
"39548","7827","2","5","7","53","170","335","25","560","373","C4024665"
"39549","6655","2","5","7","60","54","24","30","46","72","C4024665"
"39550","10008","2","5","8","63","36","166","341","223","158","C4024665"
"39551","3753","2","5","8","63","36","166","341","223","158","C4024665"
"39552","3596","2","5","7","53","51","119","25","489","416","C4024665"
"39553","538","2","3","8","63","45","23","103","464","187","C4024665"
"39554","867","2","5","7","53","14","184","25","40","669","C4024665"
"39555","2317","2","5","7","63","45","23","103","287","664","C4024665"
"39556","2239","2","3","2","74","51","342","454","573","492","C4024665"
"39557","2099","2","3","12","19","151","276","91","433","118","C4024665"
"39558","5447","2","3","5","91","214","271","372","471","586","C4024665"
"39559","4852","2","5","4","68","96","326","427","548","672","C4024665"
"39560","8803","2","3","8","67","92","293","55","75","311","C4024665"
"39561","4715","2","3","2","48","170","50","119","444","556","C4024665"
"39562","7051","2","1","6","11","142","225","142","220","298","C4024667"
"39563","3567","2","5","7","53","14","20","25","40","186","C4024667"
"39564","2263","2","5","7","53","14","20","25","40","186","C4024678"
"39565","4166","2","3","2","89","60","99","7","211","217","C4024678"
"39566","9343","2","3","2","22","33","323","66","101","136","C4024679"
"39567","658","2","5","7","53","51","342","259","423","389","C4024679"
"39568","2720","2","3","7","34","52","216","395","21","599","C4024682"
"39569","6102","2","3","2","76","109","182","235","307","506","C4024682"
"39570","27316","2","3","2","22","33","323","66","101","136","C4024682"
"39571","9254","2","5","8","63","36","166","341","223","158","C4024682"
"39572","240","2","3","7","34","52","216","395","489","416","C4024682"
"39573","9895","2","3","2","48","57","110","141","359","462","C4024689"
"39574","966","2","5","7","34","52","216","395","549","674","C4024689"
"39575","8772","2","3","12","41","219","339","156","568","697","C4024692"
"39576","1109","2","3","2","46","51","227","168","225","490","C4024692"
"39577","658","2","5","7","53","51","342","259","423","389","C4024692"
"39578","4647","2","5","7","60","83","101","126","170","224","C4024692"
"39579","9241","2","5","7","53","51","342","259","423","389","C4024692"
"39580","5096","2","3","2","48","40","130","166","127","173","C4024697"
"39581","3814","2","5","4","68","96","326","427","548","672","C4024697"
"39582","2052","2","3","5","91","130","114","290","367","475","C4024697"
"39583","2068","2","3","12","19","31","261","116","159","211","C4024701"
"39584","79728","2","3","12","19","31","261","116","1","86","C4024701"
"39585","7157","2","3","12","19","31","261","402","489","551","C4024702"
"39586","4688","2","5","7","60","14","20","25","40","215","C4024702"
"39587","857","2","5","7","53","45","23","57","83","422","C4024705"
"39588","6223","2","3","2","110","85","237","433","547","671","C4024705"
"39589","9896","2","3","5","80","81","296","399","201","274","C4024705"
"39590","7468","2","3","12","19","31","1","426","55","78","C4024709"
"39591","355","2","3","7","41","219","339","156","568","697","C4024709"
"39592","1352","2","3","2","48","170","50","119","444","556","C4024716"
"39593","2592","2","3","2","68","117","196","257","326","419","C4024716"
"39594","2657","2","5","7","53","51","342","259","423","389","C4024722"
"39595","2752","2","3","2","101","62","189","182","509","409","C4024722"
"39596","28952","2","3","12","41","116","268","434","468","213","C4024726"
"39597","10978","2","3","2","22","33","323","66","101","136","C4024726"
"39598","7461","2","3","7","60","153","40","38","93","75","C4024726"
"39599","203286","2","5","7","50","30","193","306","148","624","C4024730"
"39600","4634","2","5","8","63","45","23","103","464","187","C4024730"
"39601","51741","2","3","2","22","33","323","66","101","127","C4024734"
"39602","23095","2","3","7","76","153","40","38","54","75","C4024734"
"39603","5828","2","3","5","43","161","305","409","208","482","C4024735"
"39604","64240","2","3","5","47","144","185","238","310","392","C4024735"
"39605","84634","2","5","4","68","96","326","427","548","672","C4024737"
"39606","1280","2","5","7","53","51","342","454","573","492","C4024737"
"39607","1836","2","3","2","35","41","94","260","330","375","C4024737"
"39608","2316","2","5","7","53","51","342","454","573","702","C4024737"
"39609","10166","2","3","2","84","97","167","210","278","360","C4024737"
"39610","51308","2","2","1","9","15","21","28","42","62","C4024737"
"39611","50485","2","3","12","19","31","261","116","1","86","C4024737"
"39612","1908","2","5","4","68","96","326","427","548","672","C4024737"
"39613","7068","2","3","3","19","151","276","91","433","118","C4024737"
"39614","10087","2","3","7","50","47","39","100","321","255","C4024737"
"39615","843","2","3","12","41","219","339","156","568","697","C4024737"
"39616","6355","2","5","4","68","96","326","427","548","672","C4024737"
"39617","25886","2","3","12","76","153","76","136","472","435","C4024737"
"39618","51524","2","5","7","45","94","199","240","415","666","C4024737"
"39619","3643","2","5","7","53","14","20","25","40","186","C4024737"
"39620","1644","2","3","2","88","79","239","333","258","345","C4024737"
"39621","4514","2","3","2","48","57","110","141","359","5","C4024742"
"39622","50640","2","3","5","116","183","295","398","243","327","C4024742"
"39623","3784","2","5","8","63","36","166","106","110","158","C4024742"
"39624","6638","2","3","2","22","33","323","66","101","136","C4024742"
"39625","3930","2","3","2","22","33","323","66","3","464","C4024742"
"39626","5728","2","3","5","80","81","339","156","568","605","C4024742"
"39627","54903","2","3","12","76","153","40","38","54","75","C4024742"
"39628","3549","2","5","3","53","51","197","259","560","422","C4024742"
"39629","54209","2","5","7","53","51","119","395","549","674","C4024748"
"39630","624","2","5","4","68","96","326","427","548","672","C4024748"
"39631","4054","2","5","7","53","51","342","454","573","492","C4024748"
"39632","112744","2","5","7","53","51","119","259","489","416","C4024748"
"39633","54","2","3","5","80","81","178","195","256","342","C4024748"
"39634","713","2","5","7","53","51","119","395","549","674","C4024748"
"39635","4882","2","3","4","68","96","326","427","548","672","C4024748"
"39636","5314","2","3","12","76","153","40","38","54","75","C4024748"
"39637","2629","2","3","5","80","81","250","291","152","420","C4024748"
"39638","6622","2","3","7","27","36","150","341","223","628","C4024748"
"39639","6640","2","5","7","42","36","71","177","223","219","C4024756"
"39640","5979","2","5","7","53","14","20","25","40","186","C4024756"
"39641","8893","2","3","2","110","85","237","433","547","671","C4024756"
"39642","4221","2","3","12","19","31","342","454","573","492","C4024756"
"39643","2261","2","5","7","53","14","20","25","40","186","C4024756"
"39644","3081","2","3","2","91","51","3","267","308","429","C4024756"
"39645","5310","2","5","7","53","51","335","444","560","373","C4024756"
"39646","8626","2","3","3","19","221","321","428","541","667","C4024756"
"39647","1301","2","5","7","53","51","342","454","573","492","C4024756"
"39648","9463","2","5","7","42","36","71","177","223","219","C4024756"
"39649","55605","2","3","12","76","153","40","38","54","75","C4024756"
"39650","6898","2","3","8","67","94","199","182","509","666","C4024756"
"39651","220202","2","5","4","68","96","326","427","548","672","C4024756"
"39652","23590","2","3","2","48","170","50","119","444","556","C4024756"
"39653","3081","2","3","2","91","51","3","267","308","429","C4024756"
"39654","2317","2","5","7","63","45","23","103","287","664","C4024756"
"39655","3845","2","5","7","60","54","24","30","46","72","C4024760"
"39656","5195","2","3","5","43","161","305","409","208","482","C4024760"
"39657","4148","2","5","7","53","51","342","454","573","492","C4024760"
"39658","781","2","5","8","63","36","166","341","223","158","C4024765"
"39659","6901","2","3","2","48","170","50","304","167","593","C4024765"
"39660","26610","2","3","12","19","31","1","426","55","78","C4024780"
"39661","4846","2","3","5","41","219","75","243","44","64","C4024780"
"39662","2006","2","5","7","53","51","342","454","573","492","C4024780"
"39663","9215","2","5","2","27","36","150","430","215","628","C4024780"
"39664","1493","2","5","7","53","51","119","25","40","186","C4024780"
"39665","4204","2","3","12","19","31","1","426","55","78","C4024780"
"39666","3845","2","5","7","60","54","24","30","46","72","C4024780"
"39667","6566","2","3","2","67","37","316","422","535","660","C4024780"
"39668","6662","2","3","3","19","221","321","428","541","667","C4024780"
"39669","3636","2","3","5","80","14","20","25","40","186","C4024780"
"39670","2645","2","3","2","90","167","266","367","101","664","C4024780"
"39671","2897","2","5","8","63","36","166","106","110","158","C4024780"
"39672","1813","2","5","4","68","96","326","427","548","672","C4024780"
"39673","10516","2","5","7","53","51","342","454","573","492","C4024780"
"39674","3861","2","1","6","11","142","225","142","220","298","C4024780"
"39675","51604","2","3","2","61","77","142","176","235","317","C4024780"
"39676","5727","2","3","12","68","221","197","259","560","422","C4024780"
"39677","4089","2","3","12","19","219","339","259","423","605","C4024780"
"39678","2263","2","5","7","53","14","20","25","40","186","C4024780"
"39679","2263","2","5","7","53","14","20","25","40","186","C4024780"
"39680","351","2","5","4","68","96","326","188","145","193","C4024780"
"39681","2132","2","3","2","74","58","112","148","193","263","C4024780"
"39682","6492","2","3","3","19","151","276","91","433","118","C4024780"
"39683","10269","2","3","2","48","182","50","119","444","556","C4024780"
"39684","2261","2","5","7","53","14","20","25","40","186","C4024790"
"39685","2065","2","5","7","53","14","20","25","40","186","C4024790"
"39686","8085","2","3","12","19","31","1","426","55","78","C4024806"
"39687","6657","2","3","12","19","221","321","428","541","667","C4024806"
"39688","50846","2","3","3","68","221","197","259","560","422","C4024809"
"39689","6899","2","5","7","53","184","335","259","560","373","C4024809"
"39690","57055","2","3","2","22","33","323","66","101","136","C4024817"
"39691","4093","2","3","12","19","221","342","259","423","389","C4024817"
"39692","5076","2","3","3","19","221","321","428","541","667","C4024817"
"39693","9401","2","3","12","76","31","261","116","1","86","C4024817"
"39694","1311","2","5","7","53","51","342","454","573","492","C4024822"
"39695","6888","2","3","2","90","167","266","367","500","577","C4024822"
"39696","7469","2","3","12","19","31","261","116","159","211","C4024822"
"39697","10758","2","3","12","41","219","339","156","568","697","C4024831"
"39698","2697","2","3","7","76","153","40","38","54","75","C4024831"
"39699","1436","2","5","7","53","14","20","25","40","186","C4024848"
"39700","7372","2","3","2","68","119","109","266","182","182","C4024848"
"39701","4141","2","3","2","110","85","237","433","547","154","C4024853"
"39702","5297","2","3","2","11","54","225","181","441","555","C4024853"
"39703","9380","2","3","2","67","128","208","289","366","472","C4024855"
"39704","57480","2","5","7","60","54","24","30","46","72","C4024855"
"39705","268","2","5","7","53","51","342","259","423","389","C4024862"
"39706","6662","2","3","3","19","221","321","428","541","667","C4024862"
"39707","8200","2","5","7","53","51","342","259","423","389","C4024867"
"39708","26154","2","3","5","47","144","185","238","310","392","C4024867"
"39709","3845","2","5","7","60","54","24","30","46","72","C4024867"
"39710","2147","2","5","7","68","51","342","454","573","492","C4024867"
"39711","2719","2","5","7","53","51","342","454","573","492","C4024876"
"39712","2261","2","5","7","53","14","20","25","40","186","C4024876"
"39713","3458","2","5","7","53","184","119","156","287","116","C4024876"
"39714","9031","2","3","12","19","31","1","426","55","78","C4024878"
"39715","8139","2","3","12","41","116","268","434","468","213","C4024878"
"39716","5080","2","3","3","19","221","321","428","541","667","C4024878"
"39717","2812","2","5","7","53","51","342","454","573","492","C4024878"
"39718","672","2","3","12","19","31","261","116","1","86","C4024878"
"39719","836","2","3","12","41","219","339","402","489","697","C4024878"
"39720","545","2","3","12","19","31","261","116","1","86","C4024878"
"39721","1028","2","3","12","19","31","1","116","1","86","C4024878"
"39722","1778","2","3","7","76","153","40","38","54","75","C4024878"
"39723","25836","2","3","12","76","153","40","38","54","75","C4024878"
"39724","23064","2","3","6","11","31","261","142","220","664","C4024878"
"39725","2188","2","3","12","19","31","261","116","1","86","C4024878"
"39726","1134","2","5","8","27","70","99","162","216","290","C4024878"
"39727","50964","2","5","3","68","221","197","259","423","422","C4024878"
"39728","1032","2","3","12","19","31","1","426","55","78","C4024878"
"39729","6868","2","5","7","53","51","342","454","236","492","C4024878"
"39730","2706","2","3","12","76","153","40","38","54","75","C4024878"
"39731","5076","2","3","3","19","221","321","428","541","667","C4024878"
"39732","9409","2","3","5","43","161","305","409","208","482","C4024878"
"39733","3075","2","5","7","53","51","119","395","549","674","C4024878"
"39734","9871","2","3","7","60","153","40","38","54","203","C4024878"
"39735","1030","2","3","12","19","31","1","426","55","78","C4024878"
"39736","5979","2","5","7","53","14","20","25","40","186","C4024890"
"39737","5328","2","5","7","34","52","216","395","549","674","C4024890"
"39738","23064","2","3","6","11","31","261","142","220","664","C4024890"
"39739","860","2","3","12","19","31","276","91","433","118","C4024890"
"39740","2317","2","5","7","63","45","23","103","287","664","C4024890"
"39741","847","2","3","7","34","52","216","395","549","674","C4024890"
"39742","7431","2","3","12","41","45","23","103","489","416","C4024890"
"39743","26580","2","5","8","27","70","99","162","216","290","C4024890"
"39744","23409","2","3","2","48","151","276","91","433","118","C4024890"
"39745","5125","2","5","6","11","51","225","142","220","298","C4024890"
"39746","7068","2","3","3","19","151","276","91","433","118","C4024890"
"39747","1586","2","3","5","79","98","256","335","425","540","C4024890"
"39748","2244","2","5","7","53","51","342","454","573","492","C4024890"
"39749","23400","2","5","8","63","45","23","103","464","187","C4024890"
"39750","4621","2","5","8","63","45","23","103","464","187","C4024890"
"39751","23746","2","3","12","41","83","101","126","271","356","C4024890"
"39752","1462","2","5","7","53","51","342","454","573","492","C4024900"
"39753","10269","2","3","2","48","182","50","119","444","556","C4024900"
"39754","7681","2","3","12","41","116","268","434","468","213","C4024912"
"39755","26040","2","3","12","19","31","1","116","297","78","C4024912"
"39756","9451","2","3","2","110","51","335","226","297","380","C4024912"
"39757","3848","2","5","7","34","52","225","142","220","298","C4024912"
"39758","7133","2","5","7","34","52","216","395","549","697","C4024912"
"39759","207","2","3","7","53","14","20","34","489","416","C4024912"
"39760","1815","2","5","4","68","96","326","427","548","672","C4024912"
"39761","6262","2","5","8","63","45","23","34","464","187","C4024912"
"39762","3423","2","3","5","74","3","342","374","294","590","C4024924"
"39763","348","2","5","7","53","51","342","454","573","492","C4024924"
"39764","5191","2","3","5","43","161","305","409","208","482","C4024924"
"39765","9401","2","3","12","76","31","261","116","1","86","C4024927"
"39766","7048","2","5","7","53","51","342","259","423","389","C4024927"
"39767","23269","2","3","12","19","31","1","426","55","78","C4024927"
"39768","3861","2","1","6","11","142","225","142","220","298","C4024927"
"39769","54567","2","5","7","53","51","143","428","236","667","C4024927"
"39770","10913","2","3","12","41","219","339","156","568","697","C4024927"
"39771","2566","2","5","8","27","70","99","162","216","290","C4024927"
"39772","8891","2","3","2","110","85","237","433","547","671","C4024929"
"39773","3659","2","3","12","19","184","119","156","287","116","C4024929"
"39774","2492","2","5","4","68","96","326","427","548","672","C4024930"
"39775","57505","2","3","2","110","85","67","76","252","154","C4024930"
"39776","8220","2","3","2","22","33","323","66","101","136","C4024936"
"39777","175","2","3","7","34","52","216","395","549","674","C4024936"
"39778","23385","2","5","7","34","52","216","395","549","674","C4024936"
"39779","6197","2","3","12","19","14","20","34","540","68","C4024936"
"39780","668","2","3","12","19","221","321","428","541","664","C4024936"
"39781","4869","2","3","12","110","85","237","433","547","664","C4024936"
"39782","1144","2","5","8","27","70","99","162","216","290","C4024943"
"39783","51004","2","3","5","48","74","135","171","227","63","C4024943"
"39784","7840","2","3","12","76","153","40","38","54","75","C4024946"
"39785","1758","2","5","7","53","51","342","454","573","492","C4024946"
"39786","5290","2","3","7","53","14","20","25","40","186","C4024946"
"39787","7139","2","5","8","63","45","23","103","464","187","C4024956"
"39788","4000","2","3","12","26","105","178","226","297","156","C4024956"
"39789","5896","2","3","12","41","116","268","434","568","605","C4024956"
"39790","3053","2","5","7","53","51","342","454","573","492","C4024956"
"39791","6712","2","5","7","60","153","40","341","223","203","C4024956"
"39792","9150","2","3","12","19","31","261","116","159","211","C4024956"
"39793","1387","2","3","12","19","31","276","91","433","118","C4024970"
"39794","4157","2","5","4","68","96","326","427","548","672","C4024970"
"39795","5626","2","3","3","19","221","321","428","541","667","C4024970"
"39796","1407","2","3","3","19","151","276","91","433","118","C4024970"
"39797","1717","2","3","2","19","151","276","48","69","204","C4024970"
"39798","5339","2","5","7","53","51","342","454","573","492","C4024979"
"39799","59","2","5","8","63","45","23","103","464","187","C4024979"
"39800","7979","2","3","12","41","116","268","434","468","605","C4024979"
"39801","6833","2","5","8","45","36","166","240","415","666","C4024979"
"39802","4665","2","3","3","11","221","321","428","541","667","C4024979"
"39803","7274","2","3","5","43","161","99","162","216","290","C4024989"
"39804","11284","2","3","12","19","31","261","116","1","86","C4024989"
"39805","54809","2","5","7","50","30","193","306","148","624","C4024989"
"39806","1674","2","5","8","63","45","23","103","464","187","C4024989"
"39807","4693","2","5","7","53","51","342","454","573","492","C4024989"
"39808","1959","2","3","3","19","151","276","91","433","118","C4024989"
"39809","26608","2","3","2","22","170","50","119","463","153","C4024989"
"39810","3569","2","5","7","53","51","342","454","573","416","C4024989"
"39811","5885","2","3","12","76","153","40","38","54","75","C4024989"
"39812","2138","2","3","12","19","31","1","426","55","78","C4024989"
"39813","2624","2","3","12","19","31","1","155","287","116","C4024989"
"39814","6821","2","3","5","114","211","332","175","556","256","C4024989"
"39815","3814","2","5","4","68","96","326","427","548","672","C4024989"
"39816","526","2","3","5","29","88","132","172","199","308","C4024989"
"39817","23534","2","3","2","22","33","323","66","101","136","C4024989"
"39818","7468","2","3","12","19","31","1","426","55","78","C4024989"
"39819","2260","2","5","7","53","14","20","25","40","186","C4024989"
"39820","2911","2","5","4","68","96","326","427","548","672","C4024989"
"39821","4535","2","3","2","48","170","50","119","444","556","C4024993"
"39822","2261","2","5","7","53","14","20","25","40","186","C4024993"
"39823","54757","2","5","7","53","51","342","454","573","492","C4024996"
"39824","51741","2","3","2","22","33","323","66","101","127","C4024996"
"39825","5604","2","5","7","53","14","20","34","540","68","C4024996"
"39826","26276","2","3","7","60","81","184","341","66","203","C4024996"
"39827","9361","2","3","2","48","170","50","119","444","556","C4024996"
"39828","5350","2","5","8","63","45","23","103","464","187","C4024996"
"39829","7015","2","3","12","19","31","1","426","55","78","C4024996"
"39830","2895","2","5","4","68","36","71","427","223","219","C4024996"
"39831","54658","2","3","2","78","205","207","67","355","138","C4024996"
"39832","51010","2","3","2","110","85","237","433","547","671","C4024996"
"39833","1277","2","5","7","53","51","342","454","573","492","C4024996"
"39834","5420","2","5","7","34","52","342","454","64","492","C4024996"
"39835","5745","2","5","4","68","96","326","427","548","672","C4024996"
"39836","4137","2","3","7","27","36","150","341","223","628","C4025000"
"39837","6354","2","5","4","68","96","326","427","548","672","C4025000"
"39838","5195","2","3","5","43","161","305","409","208","482","C4025000"
"39839","3383","2","5","7","53","51","119","454","287","116","C4025008"
"39840","593","2","3","2","67","92","293","55","75","311","C4025008"
"39841","930","2","5","7","53","14","119","25","40","186","C4025008"
"39842","7157","2","3","12","19","31","261","402","489","551","C4025008"
"39843","4539","2","3","2","53","184","86","107","560","195","C4025008"
"39844","5745","2","5","4","68","96","326","427","548","672","C4025021"
"39845","2950","2","5","7","34","52","216","395","549","674","C4025021"
"39846","7076","2","5","7","53","51","342","454","573","492","C4025021"
"39847","54820","2","3","12","76","153","40","38","54","75","C4025021"
"39848","9401","2","3","12","76","31","261","116","1","86","C4025021"
"39849","6899","2","5","7","53","184","335","259","560","373","C4025021"
"39850","5184","2","3","5","80","81","166","52","105","349","C4025021"
"39851","4060","2","5","7","53","51","342","454","573","492","C4025040"
"39852","27019","2","3","12","76","153","40","38","54","75","C4025040"
"39853","4539","2","3","2","53","184","86","107","560","195","C4025043"
"39854","7051","2","1","6","11","142","225","142","220","298","C4025043"
"39855","4647","2","5","7","60","83","101","126","170","224","C4025043"
"39856","1415","2","3","6","63","45","160","362","177","673","C4025043"
"39857","55145","2","3","2","22","33","225","142","220","140","C4025050"
"39858","2720","2","3","7","34","52","216","395","21","599","C4025050"
"39859","29123","2","3","12","19","151","276","91","433","118","C4025077"
"39860","7490","2","3","3","19","221","321","428","541","667","C4025077"
"39861","79728","2","3","12","19","31","261","116","1","86","C4025078"
"39862","654","2","5","7","53","51","342","259","423","389","C4025078"
"39863","4000","2","3","12","26","105","178","226","297","156","C4025078"
"39864","2263","2","5","7","53","14","20","25","40","186","C4025086"
"39865","805","2","5","8","53","45","20","34","464","187","C4025086"
"39866","6496","2","3","3","19","221","321","428","541","667","C4025089"
"39867","25782","2","5","7","60","54","24","30","46","72","C4025089"
"39868","1278","2","5","7","53","51","342","454","573","492","C4025095"
"39869","7128","2","3","12","41","219","339","156","568","697","C4025095"
"39870","5076","2","3","3","19","221","321","428","541","667","C4025095"
"39871","23169","2","3","2","78","205","112","430","429","544","C4025100"
"39872","5618","2","5","7","53","51","119","25","40","186","C4025100"
"39873","1175","2","5","7","60","14","184","341","544","669","C4025100"
"39874","23418","2","5","7","53","36","71","177","560","373","C4025109"
"39875","51259","2","3","2","76","153","40","38","54","75","C4025109"
"39876","2643","2","3","5","87","91","75","204","267","352","C4025111"
"39877","51259","2","3","2","76","153","40","38","54","75","C4025111"
"39878","259232","2","5","8","63","45","23","34","464","187","C4025117"
"39879","8924","2","3","12","41","116","268","434","468","213","C4025117"
"39880","22948","2","3","12","76","137","76","136","472","435","C4025167"
"39881","435","2","3","8","84","97","167","210","278","360","C4025167"
"39882","55630","2","3","5","27","81","99","162","216","290","C4025167"
"39883","29123","2","3","12","19","151","276","91","433","118","C4025167"
"39884","79001","2","5","2","48","52","342","240","569","666","C4025167"
"39885","6528","2","5","8","45","94","199","240","415","666","C4025170"
"39886","1409","2","3","12","76","153","40","38","54","75","C4025170"
"39887","2313","2","3","12","19","31","276","91","433","118","C4025170"
"39888","4726","2","3","2","48","170","50","119","444","556","C4025170"
"39889","2130","2","3","2","22","33","323","66","491","609","C4025170"
"39890","4750","2","5","12","76","14","20","34","540","68","C4025175"
"39891","4088","2","3","12","19","219","339","259","423","605","C4025175"
"39892","1395","2","5","4","68","96","326","427","548","672","C4025187"
"39893","858","2","5","7","53","14","23","25","40","186","C4025187"
"39894","2243","2","5","7","53","51","342","454","573","492","C4025187"
"39895","5745","2","5","4","68","96","326","427","548","672","C4025187"
"39896","2068","2","3","12","19","31","261","116","159","211","C4025187"
"39897","6440","2","5","5","68","96","185","238","310","272","C4025187"
"39898","6567","2","5","8","35","41","77","40","57","80","C4025193"
"39899","657","2","5","7","53","221","342","259","423","389","C4025193"
"39900","3561","2","5","7","53","14","20","25","40","186","C4025202"
"39901","7373","2","5","7","53","51","342","454","573","492","C4025202"
"39902","267012","2","3","5","80","81","305","409","208","482","C4025202"
"39903","5167","2","3","5","32","93","163","207","303","126","C4025202"
"39904","2146","2","3","12","19","31","1","426","55","78","C4025203"
"39905","7545","2","5","3","34","52","216","142","220","298","C4025203"
"39906","8505","2","3","12","19","31","261","116","1","86","C4025203"
"39907","686","2","3","5","80","81","166","166","127","173","C4025203"
"39908","950","2","5","7","60","14","184","341","544","669","C4025204"
"39909","2697","2","3","7","76","153","40","38","54","75","C4025204"
"39910","6103","2","3","12","76","153","40","38","54","75","C4025207"
"39911","10262","2","3","2","22","33","323","66","101","136","C4025207"
"39912","10999","2","3","8","45","94","298","401","506","626","C4025208"
"39913","8642","2","5","7","53","51","335","444","560","373","C4025208"
"39914","2619","2","5","3","53","221","197","259","560","422","C4025212"
"39915","3106","2","5","7","34","52","119","395","549","674","C4025212"
"39916","55505","2","3","2","110","85","237","433","547","671","C4025234"
"39917","554","2","5","4","68","96","326","427","548","672","C4025234"
"39918","10733","2","3","12","76","153","40","38","54","75","C4025240"
"39919","4512","2","3","2","48","170","110","141","359","8","C4025240"
"39920","8200","2","5","7","53","51","342","259","423","389","C4025249"
"39921","2132","2","3","2","74","58","112","148","193","263","C4025249"
"39922","8625","2","3","12","19","31","276","91","236","118","C4025250"
"39923","4722","2","3","2","48","170","50","119","444","556","C4025250"
"39924","2178","2","3","12","19","31","261","116","1","86","C4025250"
"39925","3265","2","5","7","60","54","24","30","46","72","C4025250"
"39926","3914","2","5","7","53","51","342","454","573","492","C4025250"
"39927","3984","2","5","7","53","14","20","34","540","68","C4025252"
"39928","1278","2","5","7","53","51","342","454","573","492","C4025252"
"39929","440","2","3","2","101","62","189","182","509","154","C4025252"
"39930","7157","2","3","12","19","31","261","402","489","551","C4025252"
"39931","55650","2","3","2","61","77","142","176","235","557","C4025252"
"39932","4540","2","3","2","48","170","50","119","444","556","C4025252"
"39933","54714","2","5","8","63","36","166","106","110","158","C4025252"
"39934","3630","2","5","7","53","14","20","25","40","186","C4025252"
"39935","9049","2","3","3","41","151","276","378","271","356","C4025252"
"39936","8869","2","3","2","89","124","204","272","347","451","C4025252"
"39937","26137","2","5","7","63","45","184","103","572","658","C4025252"
"39938","5176","2","5","7","53","51","342","454","573","492","C4025252"
"39939","54332","2","3","2","60","170","40","98","66","203","C4025252"
"39940","55699","2","3","2","110","85","67","76","252","154","C4025252"
"39941","6310","2","3","12","22","142","225","366","362","468","C4025252"
"39942","6491","2","3","12","76","153","40","38","54","75","C4025252"
"39943","51715","2","5","7","60","54","24","30","46","72","C4025253"
"39944","5351","2","5","7","53","51","342","454","573","492","C4025253"
"39945","51082","2","3","2","19","31","1","426","55","78","C4025261"
"39946","6888","2","3","2","90","167","266","367","500","577","C4025261"
"39947","2668","2","5","7","53","14","20","25","40","186","C4025270"
"39948","1908","2","5","4","68","96","326","427","548","672","C4025270"
"39949","348938","2","5","2","63","182","50","103","297","628","C4025270"
"39950","54903","2","3","12","76","153","40","38","54","75","C4025272"
"39951","2121","2","3","12","41","116","268","434","568","605","C4025272"
"39952","3190","2","3","2","22","33","323","66","101","136","C4025272"
"39953","7461","2","3","7","60","153","40","38","93","75","C4025272"
"39954","5339","2","5","7","53","51","342","454","573","492","C4025278"
"39955","2099","2","3","12","19","151","276","91","433","118","C4025278"
"39956","54903","2","3","12","76","153","40","38","54","75","C4025284"
"39957","5649","2","5","7","53","51","342","444","560","373","C4025284"
"39958","3123","2","5","7","53","51","119","156","287","116","C4025301"
"39959","7136","2","5","8","63","45","23","103","464","187","C4025301"
"39960","4519","2","3","2","48","170","50","119","508","312","C4025309"
"39961","1301","2","5","7","53","51","342","454","573","492","C4025309"
"39962","4920","2","5","7","53","14","20","259","560","373","C4025317"
"39963","5605","2","5","7","53","14","20","34","540","68","C4025317"
"39964","4929","2","3","3","19","151","276","91","433","118","C4025319"
"39965","1292","2","5","7","53","51","342","454","573","492","C4025319"
"39966","50964","2","5","3","68","221","197","259","423","422","C4025319"
"39967","8813","2","3","2","48","116","142","136","280","363","C4025319"
"39968","6138","2","3","2","110","85","237","433","547","671","C4025319"
"39969","2969","2","3","12","19","31","276","91","433","118","C4025320"
"39970","26040","2","3","12","19","31","1","116","297","78","C4025320"
"39971","348","2","5","7","53","51","342","454","573","492","C4025320"
"39972","5194","2","3","5","43","161","305","409","208","482","C4025320"
"39973","2301","2","5","6","11","142","225","142","220","673","C4025320"
"39974","10312","2","3","7","34","52","216","395","549","674","C4025327"
"39975","9469","2","3","2","103","189","303","29","475","467","C4025327"
"39976","4668","2","3","5","21","111","188","242","313","396","C4025327"
"39977","4921","2","5","7","53","14","20","25","573","186","C4025329"
"39978","695","2","5","7","53","14","20","25","40","186","C4025329"
"39979","207","2","3","7","53","14","20","34","489","416","C4025329"
"39980","5307","2","3","3","19","221","321","428","541","667","C4025329"
"39981","627","2","5","7","53","51","335","444","423","373","C4025329"
"39982","6870","2","5","4","68","96","326","427","548","672","C4025329"
"39983","2332","2","3","2","22","33","71","373","466","609","C4025350"
"39984","5727","2","3","12","68","221","197","259","560","422","C4025350"
"39985","779","2","5","8","63","36","166","341","390","158","C4025356"
"39986","6521","2","5","8","35","41","199","40","415","666","C4025356"
"39987","10370","2","3","12","19","31","276","91","433","118","C4025362"
"39988","4137","2","3","7","27","36","150","341","223","628","C4025362"
"39989","2263","2","5","7","53","14","20","25","40","186","C4025374"
"39990","5195","2","3","5","43","161","305","409","208","482","C4025374"
"39991","55159","2","3","12","41","116","268","434","468","213","C4025374"
"39992","4683","2","3","12","19","31","261","116","1","86","C4025401"
"39993","6916","2","3","5","91","175","119","167","224","301","C4025401"
"39994","4594","2","3","7","48","92","261","116","186","245","C4025411"
"39995","9652","2","3","2","110","85","237","433","547","671","C4025411"
"39996","860","2","3","12","19","31","276","91","433","118","C4025411"
"39997","1293","2","5","7","53","51","342","454","573","492","C4025424"
"39998","987","2","3","6","48","94","279","347","330","304","C4025424"
"39999","4647","2","5","7","60","83","101","126","170","224","C4025424"
"40000","7124","2","3","12","41","219","339","156","568","697","C4025565"
"40001","10021","2","5","8","63","36","166","106","110","158","C4025565"
"40002","763","2","3","5","35","41","77","40","526","647","C4025565"
"40003","3954","2","3","2","48","170","67","119","444","593","C4025569"
"40004","4990","2","3","3","19","221","321","428","541","667","C4025569"
"40005","10140","2","3","12","19","31","198","261","146","118","C4025569"
"40006","10082","2","3","2","74","51","342","454","573","492","C4025569"
"40007","5172","2","5","8","45","94","199","240","415","666","C4025569"
"40008","435","2","3","8","84","97","167","210","278","360","C4025569"
"40009","8200","2","5","7","53","51","342","259","423","389","C4025569"
"40010","9719","2","5","7","53","51","342","454","573","492","C4025569"
"40011","55651","2","3","2","110","85","237","433","547","671","C4025569"
"40012","2033","2","3","12","19","31","1","91","433","118","C4025569"
"40013","7080","2","3","3","19","221","321","428","541","667","C4025569"
"40014","7466","2","5","7","53","51","342","454","573","492","C4025569"
"40015","6497","2","5","3","19","221","342","259","423","389","C4025569"
"40016","1855","2","5","12","76","153","197","259","560","422","C4025569"
"40017","1991","2","5","7","34","52","216","395","549","674","C4025571"
"40018","1281","2","5","7","53","51","342","454","573","492","C4025571"
"40019","55636","2","3","3","19","221","321","428","423","389","C4025571"
"40020","1103","2","3","2","67","92","293","55","75","311","C4025571"
"40021","5621","2","5","8","27","36","342","454","573","628","C4025571"
"40022","7291","2","3","12","19","151","276","91","489","416","C4025572"
"40023","8085","2","3","12","19","31","1","426","55","78","C4025572"
"40024","6678","2","5","7","53","51","342","454","573","492","C4025572"
"40025","8220","2","3","2","22","33","323","66","101","136","C4025572"
"40026","554","2","5","4","68","96","326","427","548","672","C4025573"
"40027","7076","2","5","7","53","51","342","454","573","492","C4025573"
"40028","2483","2","3","2","22","33","323","66","101","136","C4025573"
"40029","7356","2","5","7","53","51","119","25","489","416","C4025573"
"40030","4089","2","3","12","19","219","339","259","423","605","C4025574"
"40031","4810","2","3","2","76","57","110","444","560","373","C4025574"
"40032","3798","2","3","7","76","153","40","38","54","75","C4025578"
"40033","4688","2","5","7","60","14","20","25","40","215","C4025578"
"40034","2218","2","5","2","53","123","194","255","560","373","C4025579"
"40035","8792","2","3","12","41","219","339","156","568","697","C4025579"
"40036","6899","2","5","7","53","184","335","259","560","373","C4025579"
"40037","79644","2","3","2","69","68","125","161","214","288","C4025579"
"40038","9791","2","3","8","45","94","199","240","415","666","C4025579"
"40039","1719","2","3","2","76","153","40","116","54","75","C4025582"
"40040","2290","2","3","3","19","221","321","428","541","667","C4025582"
"40041","1513","2","5","7","53","51","342","454","573","492","C4025586"
"40042","4534","2","3","5","80","81","296","399","362","468","C4025586"
"40043","4627","2","5","7","63","45","184","103","572","658","C4025586"
"40044","111","2","5","4","68","96","326","427","548","672","C4025593"
"40045","5573","2","3","12","19","184","118","155","287","116","C4025593"
"40046","4920","2","5","7","53","14","20","259","560","373","C4025594"
"40047","50484","2","3","5","80","109","182","235","307","506","C4025594"
"40048","4352","2","5","7","53","14","20","25","40","186","C4025594"
"40049","54487","2","3","2","22","33","323","66","101","136","C4025594"
"40050","673","2","5","7","53","14","20","34","540","68","C4025594"
"40051","2187","2","3","12","19","31","261","116","1","86","C4025597"
"40052","64838","2","3","2","48","170","50","119","444","556","C4025597"
"40053","2799","2","3","7","34","52","216","395","549","33","C4025597"
"40054","2668","2","5","7","53","14","20","25","40","186","C4025597"
"40055","7015","2","3","12","19","31","1","426","55","78","C4025598"
"40056","3889","2","1","6","11","142","225","142","220","298","C4025598"
"40057","4072","2","5","7","53","51","119","454","573","492","C4025600"
"40058","54808","2","3","12","76","153","40","38","54","75","C4025600"
"40059","55699","2","3","2","110","85","67","76","252","154","C4025602"
"40060","2773","2","5","4","68","96","326","427","548","672","C4025602"
"40061","54101","2","3","2","48","170","50","347","167","593","C4025603"
"40062","7469","2","3","12","19","31","261","116","159","211","C4025603"
"40063","2697","2","3","7","76","153","40","38","54","75","C4025603"
"40064","3000","2","5","4","68","96","326","427","548","672","C4025603"
"40065","1340","2","3","2","48","170","50","141","359","462","C4025608"
"40066","4000","2","3","12","26","105","178","226","297","156","C4025608"
"40067","5314","2","3","12","76","153","40","38","54","75","C4025608"
"40068","335","2","5","7","53","51","342","454","573","492","C4025610"
"40069","1991","2","5","7","34","52","216","395","549","674","C4025610"
"40070","51128","2","5","7","60","153","24","38","46","72","C4025610"
"40071","2303","2","5","3","19","221","321","428","541","667","C4025614"
"40072","55135","2","3","12","76","137","76","136","472","435","C4025614"
"40073","3784","2","5","8","63","36","166","106","110","158","C4025614"
"40074","51364","2","3","6","11","142","225","142","220","298","C4025614"
"40075","7161","2","3","12","19","31","1","402","148","624","C4025615"
"40076","9056","2","3","8","45","94","199","240","415","666","C4025615"
"40077","8878","2","3","12","41","219","339","156","568","697","C4025615"
"40078","190","2","3","3","19","151","276","91","433","118","C4025615"
"40079","24","2","3","12","41","116","268","423","536","445","C4025616"
"40080","7476","2","5","3","68","221","197","259","560","422","C4025616"
"40081","8076","2","5","7","53","51","342","454","573","492","C4025616"
"40082","7048","2","5","7","53","51","342","259","423","389","C4025616"
"40083","7157","2","3","12","19","31","261","402","489","551","C4025616"
"40084","54968","2","3","2","48","170","50","119","444","556","C4025616"
"40085","9990","2","5","8","45","94","199","240","415","666","C4025616"
"40086","27077","2","3","12","76","153","40","38","54","75","C4025616"
"40087","6647","2","3","2","95","2","342","378","173","702","C4025616"
"40088","10102","2","3","2","48","182","67","76","463","153","C4025616"
"40089","5146","2","3","5","86","72","258","318","403","518","C4025616"
"40090","3991","2","3","5","80","81","166","57","83","658","C4025616"
"40091","444","2","5","8","63","45","23","34","464","187","C4025616"
"40092","43","2","3","5","85","143","286","51","488","389","C4025616"
"40093","8822","2","5","7","53","14","20","25","40","186","C4025616"
"40094","9533","2","3","2","19","31","1","426","55","78","C4025616"
"40095","6121","2","3","2","69","83","101","126","170","224","C4025616"
"40096","23064","2","3","6","11","31","261","142","220","664","C4025619"
"40097","285590","2","5","7","60","14","20","25","40","215","C4025619"
"40098","8600","2","5","7","41","219","339","156","568","697","C4025619"
"40099","8292","2","5","5","27","51","342","454","573","492","C4025619"
"40100","5897","2","3","12","41","116","268","141","568","605","C4025625"
"40101","5781","2","5","7","53","14","20","25","40","186","C4025626"
"40102","652","2","5","7","53","51","342","454","573","492","C4025626"
"40103","8626","2","3","3","19","221","321","428","541","667","C4025626"
"40104","2629","2","3","5","80","81","250","291","152","420","C4025626"
"40105","6567","2","5","8","35","41","77","40","57","80","C4025626"
"40106","6913","2","3","3","19","221","321","428","541","667","C4025628"
"40107","5605","2","5","7","53","14","20","34","540","68","C4025628"
"40108","5376","2","5","7","53","51","342","454","573","492","C4025628"
"40109","7555","2","3","2","110","85","237","433","547","671","C4025629"
"40110","1954","2","5","7","53","51","342","454","573","492","C4025629"
"40111","9820","2","3","12","41","116","268","434","468","213","C4025630"
"40112","1028","2","3","12","19","31","1","116","1","86","C4025630"
"40113","7249","2","3","7","60","57","110","141","359","462","C4025630"
"40114","3162","2","3","5","53","51","119","402","489","416","C4025630"
"40115","5771","2","5","7","53","14","296","25","40","186","C4025635"
"40116","9409","2","3","5","43","161","305","409","208","482","C4025635"
"40117","7385","2","3","2","48","170","50","119","514","85","C4025639"
"40118","7515","2","3","12","19","31","261","116","1","86","C4025639"
"40119","2774","2","2","1","9","15","21","28","42","62","C4025639"
"40120","2657","2","5","7","53","51","342","259","423","389","C4025639"
"40121","9860","2","5","7","53","219","184","156","568","697","C4025640"
"40122","551","2","5","4","68","96","326","427","548","672","C4025640"
"40123","242","2","3","5","11","142","223","142","220","298","C4025640"
"40124","103","2","3","2","110","184","119","156","287","116","C4025640"
"40125","23522","2","3","12","19","31","1","426","55","78","C4025644"
"40126","593","2","3","2","67","92","293","55","75","311","C4025644"
"40127","55112","2","3","12","76","153","40","38","54","75","C4025644"
"40128","19","2","3","3","19","151","276","91","433","118","C4025644"
"40129","3784","2","5","8","63","36","166","106","110","158","C4025644"
"40130","4000","2","3","12","26","105","178","226","297","156","C4025644"
"40131","7148","2","5","7","53","51","342","454","573","492","C4025644"
"40132","100","2","3","5","33","21","47","56","80","199","C4025644"
"40133","6329","2","5","8","63","36","166","341","390","158","C4025644"
"40134","4838","2","5","3","53","221","321","259","423","389","C4025644"
"40135","54919","2","3","2","41","96","279","304","370","257","C4025644"
"40136","1301","2","5","7","53","51","342","454","573","492","C4025644"
"40137","2316","2","5","7","53","51","342","454","573","702","C4025644"
"40138","2517","2","3","7","34","52","216","395","549","674","C4025644"
"40139","5663","2","5","7","34","52","216","395","549","667","C4025648"
"40140","4000","2","3","12","26","105","178","226","297","156","C4025648"
"40141","10134","2","3","2","41","219","339","156","536","342","C4025649"
"40142","3339","2","5","7","53","51","342","454","573","492","C4025649"
"40143","538","2","3","8","63","45","23","103","464","187","C4025649"
"40144","5728","2","3","5","80","81","339","156","568","605","C4025650"
"40145","4920","2","5","7","53","14","20","259","560","373","C4025650"
"40146","29968","2","3","8","67","94","199","182","509","666","C4025650"
"40147","8820","2","3","3","19","221","321","428","541","667","C4025650"
"40148","9187","2","5","8","45","94","199","240","415","666","C4025650"
"40149","6662","2","3","3","19","221","321","428","541","667","C4025650"
"40150","473","2","3","12","19","31","1","426","55","78","C4025650"
"40151","5663","2","5","7","34","52","216","395","549","667","C4025650"
"40152","10133","2","3","12","76","153","40","38","54","75","C4025650"
"40153","6557","2","5","8","45","94","199","240","415","666","C4025651"
"40154","5896","2","3","12","41","116","268","434","568","605","C4025651"
"40155","4000","2","3","12","26","105","178","226","297","156","C4025651"
"40156","2178","2","3","12","19","31","261","116","1","86","C4025651"
"40157","3887","2","1","6","11","142","225","142","220","298","C4025651"
"40158","2175","2","3","12","19","31","261","116","1","86","C4025651"
"40159","2582","2","3","2","78","206","324","430","429","544","C4025651"
"40160","3105","2","5","7","53","51","119","156","287","116","C4025656"
"40161","2071","2","3","12","19","31","261","116","159","211","C4025656"
"40162","116068","2","5","2","45","94","199","240","415","666","C4025656"
"40163","23594","2","3","12","76","153","261","116","1","86","C4025659"
"40164","4057","2","5","7","34","52","216","395","549","674","C4025659"
"40165","4000","2","3","12","26","105","178","226","297","156","C4025660"
"40166","2992","2","3","7","34","52","216","395","549","674","C4025660"
"40167","3663","2","3","12","53","184","119","156","287","116","C4025660"
"40168","6337","2","5","8","63","45","23","34","464","187","C4025660"
"40169","3119","2","5","7","53","153","119","156","287","116","C4025660"
"40170","2200","2","5","7","53","51","342","454","573","492","C4025662"
"40171","1161","2","3","12","41","116","268","434","468","213","C4025662"
"40172","55532","2","3","7","25","44","165","101","274","358","C4025662"
"40173","2779","2","5","4","68","96","326","427","548","672","C4025662"
"40174","6716","2","3","2","69","98","169","299","50","494","C4025662"
"40175","3106","2","5","7","34","52","119","395","549","674","C4025662"
"40176","5663","2","5","7","34","52","216","395","549","667","C4025662"
"40177","9149","2","5","7","53","14","20","34","540","68","C4025662"
"40178","8626","2","3","3","19","221","321","428","541","667","C4025662"
"40179","1959","2","3","3","19","151","276","91","433","118","C4025662"
"40180","2592","2","3","2","68","117","196","257","326","419","C4025663"
"40181","23503","2","3","6","11","142","225","142","220","298","C4025663"
"40182","1174","2","5","7","60","153","184","341","544","669","C4025663"
"40183","3043","2","5","7","34","52","216","395","549","116","C4025663"
"40184","7422","2","5","7","53","51","342","454","573","702","C4025663"
"40185","57697","2","3","12","19","31","261","116","1","86","C4025663"
"40186","3239","2","3","3","19","221","321","428","541","667","C4025663"
"40187","5831","2","3","2","101","62","189","182","566","409","C4025663"
"40188","207","2","3","7","53","14","20","34","489","416","C4025663"
"40189","2263","2","5","7","53","14","20","25","40","186","C4025669"
"40190","1513","2","5","7","53","51","342","454","573","492","C4025669"
"40191","2706","2","3","12","76","153","40","38","54","75","C4025669"
"40192","8626","2","3","3","19","221","321","428","541","667","C4025669"
"40193","6334","2","5","8","63","36","166","341","223","158","C4025669"
"40194","22897","2","3","12","76","153","40","38","54","75","C4025669"
"40195","1824","2","1","6","11","142","225","142","220","298","C4025669"
"40196","2074","2","3","12","19","31","1","426","55","78","C4025669"
"40197","1291","2","5","7","53","51","342","454","573","492","C4025669"
"40198","2348","2","3","7","60","153","40","38","54","203","C4025669"
"40199","6731","2","3","2","110","85","237","433","547","671","C4025669"
"40200","8242","2","3","12","19","31","1","426","55","78","C4025669"
"40201","1890","2","3","5","80","81","296","62","94","150","C4025670"
"40202","27077","2","3","12","76","153","40","38","54","75","C4025670"
"40203","55863","2","3","2","48","170","50","119","444","556","C4025670"
"40204","6635","2","3","2","22","33","323","66","101","136","C4025671"
"40205","10262","2","3","2","22","33","323","66","101","136","C4025671"
"40206","2056","2","5","7","53","51","119","25","40","186","C4025672"
"40207","1001","2","5","7","53","51","335","444","560","373","C4025672"
"40208","5880","2","5","7","60","54","24","30","46","72","C4025672"
"40209","4337","2","3","2","80","91","75","204","267","352","C4025673"
"40210","9968","2","4","3","24","119","330","214","454","144","C4025673"
"40211","860","2","3","12","19","31","276","91","433","118","C4025673"
"40212","51741","2","3","2","22","33","323","66","101","127","C4025674"
"40213","2121","2","3","12","41","116","268","434","568","605","C4025674"
"40214","23522","2","3","12","19","31","1","426","55","78","C4025675"
"40215","5144","2","3","4","68","96","326","427","548","672","C4025675"
"40216","79728","2","3","12","19","31","261","116","1","86","C4025675"
"40217","4041","2","5","3","68","221","197","259","560","422","C4025676"
"40218","4763","2","5","7","60","54","24","30","46","214","C4025676"
"40219","10617","2","3","12","48","57","110","141","359","462","C4025676"
"40220","6611","2","3","2","58","55","25","46","329","198","C4025676"
"40221","9897","2","3","12","76","18","75","38","1","212","C4025676"
"40222","55687","2","3","2","48","170","152","119","252","154","C4025676"
"40223","5443","2","5","4","68","96","326","427","548","672","C4025679"
"40224","3426","2","5","7","53","51","119","395","549","674","C4025679"
"40225","55572","2","3","2","48","170","50","119","444","556","C4025681"
"40226","23742","2","5","5","68","96","326","427","447","586","C4025681"
"40227","4041","2","5","3","68","221","197","259","560","422","C4025682"
"40228","950","2","5","7","60","14","184","341","544","669","C4025682"
"40229","7428","2","3","12","41","116","268","434","468","213","C4025682"
"40230","1281","2","5","7","53","51","342","454","573","492","C4025683"
"40231","7290","2","3","12","19","31","1","426","55","78","C4025683"
"40232","4852","2","5","4","68","96","326","427","548","672","C4025690"
"40233","3172","2","3","3","19","151","276","91","433","118","C4025690"
"40234","1113","2","5","7","34","157","226","350","243","561","C4025690"
"40235","224","2","3","5","50","47","39","202","19","233","C4025693"
"40236","10060","2","3","8","41","45","23","423","464","445","C4025693"
"40237","2717","2","3","7","34","52","216","395","549","674","C4025693"
"40238","2743","2","5","8","27","70","99","162","216","290","C4025695"
"40239","79924","2","5","4","68","96","326","427","548","672","C4025695"
"40240","2184","2","3","5","76","153","138","236","332","407","C4025695"
"40241","22954","2","3","12","41","116","268","434","468","213","C4025695"
"40242","50485","2","3","12","19","31","261","116","1","86","C4025695"
"40243","760","2","3","5","35","41","77","40","78","178","C4025696"
"40244","7782","2","5","4","68","96","326","141","359","586","C4025696"
"40245","4318","2","5","7","34","52","216","395","573","492","C4025698"
"40246","4535","2","3","2","48","170","50","119","444","556","C4025698"
"40247","374569","2","3","5","80","81","189","182","509","409","C4025699"
"40248","2773","2","5","4","68","96","326","427","548","672","C4025699"
"40249","1808","2","3","7","76","153","157","79","64","436","C4025700"
"40250","91574","2","3","2","110","85","237","433","547","671","C4025700"
"40251","51524","2","5","7","45","94","199","240","415","666","C4025703"
"40252","5925","2","3","12","19","31","1","426","55","78","C4025703"
"40253","3075","2","5","7","53","51","119","395","549","674","C4025703"
"40254","2668","2","5","7","53","14","20","25","40","186","C4025720"
"40255","54332","2","3","2","60","170","40","98","66","203","C4025720"
"40256","6303","2","3","2","67","118","160","261","188","423","C4025720"
"40257","79147","2","3","2","27","36","150","430","215","628","C4025723"
"40258","3039","2","3","5","35","41","118","155","287","116","C4025723"
"40259","26503","2","3","2","89","124","204","272","347","442","C4025723"
"40260","2271","2","3","5","80","81","166","170","226","305","C4025723"
"40261","3561","2","5","7","53","14","20","25","40","186","C4025723"
"40262","1280","2","5","7","53","51","342","454","573","492","C4025723"
"40263","54880","2","3","12","19","31","1","426","55","78","C4025723"
"40264","9241","2","5","7","53","51","342","259","423","389","C4025723"
"40265","9896","2","3","5","80","81","296","399","201","274","C4025723"
"40266","1678","2","3","2","48","170","50","304","167","593","C4025723"
"40267","1130","2","5","7","60","54","326","141","359","462","C4025723"
"40268","5532","2","3","4","63","45","23","402","518","621","C4025728"
"40269","9935","2","3","12","19","31","1","426","55","78","C4025728"
"40270","6103","2","3","12","76","153","40","38","54","75","C4025728"
"40271","1513","2","5","7","53","51","342","454","573","492","C4025728"
"40272","1301","2","5","7","53","51","342","454","573","492","C4025728"
"40273","1293","2","5","7","53","51","342","454","573","492","C4025728"
"40274","25937","2","3","12","19","36","143","177","236","321","C4025728"
"40275","9966","2","5","12","41","219","339","156","568","697","C4025731"
"40276","1497","2","5","2","63","182","50","103","297","628","C4025731"
"40277","1499","2","3","12","19","221","197","259","560","422","C4025731"
"40278","54790","2","3","12","19","31","1","426","55","78","C4025731"
"40279","11093","2","5","7","53","51","342","454","573","492","C4025731"
"40280","7840","2","3","12","76","153","40","38","54","75","C4025731"
"40281","23545","2","3","5","29","88","132","85","222","346","C4025733"
"40282","6571","2","3","8","60","36","71","341","223","624","C4025733"
"40283","478","2","3","8","63","45","23","366","464","187","C4025735"
"40284","5604","2","5","7","53","14","20","34","540","68","C4025735"
"40285","6833","2","5","8","45","36","166","240","415","666","C4025735"
"40286","7809","2","5","8","63","45","23","34","464","187","C4025735"
"40287","3026","2","5","7","68","51","119","395","549","674","C4025735"
"40288","10262","2","3","2","22","33","323","66","101","136","C4025735"
"40289","567","2","5","7","34","52","119","395","549","674","C4025735"
"40290","27443","2","3","12","19","31","1","426","55","78","C4025736"
"40291","9056","2","3","8","45","94","199","240","415","666","C4025736"
"40292","9031","2","3","12","19","31","1","426","55","78","C4025736"
"40293","1499","2","3","12","19","221","197","259","560","422","C4025737"
"40294","51062","2","5","7","27","36","150","402","489","373","C4025737"
"40295","672","2","3","12","19","31","261","116","1","86","C4025738"
"40296","720","2","5","7","53","51","342","454","573","492","C4025738"
"40297","4683","2","3","12","19","31","261","116","1","86","C4025739"
"40298","4893","2","5","7","34","52","24","30","46","72","C4025739"
"40299","5444","2","3","5","80","147","236","328","411","229","C4025740"
"40300","3508","2","3","12","19","31","261","116","1","86","C4025740"
"40301","2673","2","3","2","110","94","178","226","297","380","C4025741"
"40302","59","2","5","8","63","45","23","103","464","187","C4025741"
"40303","11152","2","3","2","48","57","110","141","359","462","C4025741"
"40304","7020","2","3","12","19","31","276","91","433","664","C4025741"
"40305","1778","2","3","7","76","153","40","38","54","75","C4025741"
"40306","3425","2","3","5","80","81","166","454","573","492","C4025741"
"40307","5648","2","5","7","53","51","119","395","549","674","C4025744"
"40308","22827","2","3","2","22","33","323","66","101","136","C4025744"
"40309","5468","2","3","3","19","151","276","91","433","118","C4025744"
"40310","4519","2","3","2","48","170","50","119","508","312","C4025744"
"40311","1356","2","3","7","53","51","342","454","573","492","C4025744"
"40312","2908","2","3","12","19","151","276","91","433","118","C4025749"
"40313","22931","2","5","7","34","54","24","30","46","72","C4025749"
"40314","4644","2","5","7","60","54","184","141","359","411","C4025749"
"40315","51259","2","3","2","76","153","40","38","54","75","C4025749"
"40316","6591","2","3","12","19","31","1","426","55","78","C4025749"
"40317","216","2","3","2","75","120","101","102","31","249","C4025749"
"40318","8626","2","3","3","19","221","321","428","541","667","C4025749"
"40319","5831","2","3","2","101","62","189","182","566","409","C4025749"
"40320","8526","2","3","2","63","30","193","306","390","158","C4025749"
"40321","5159","2","5","7","53","14","20","25","40","186","C4025749"
"40322","774","2","5","8","63","36","166","341","390","158","C4025749"
"40323","7415","2","3","7","34","52","216","395","536","445","C4025749"
"40324","2773","2","5","4","68","96","326","427","548","672","C4025749"
"40325","3561","2","5","7","53","14","20","25","40","186","C4025750"
"40326","6591","2","3","12","19","31","1","426","55","78","C4025750"
"40327","5184","2","3","5","80","81","166","52","105","349","C4025750"
"40328","6197","2","3","12","19","14","20","34","540","68","C4025750"
"40329","475","2","3","5","80","81","110","378","173","229","C4025750"
"40330","7040","2","5","7","53","51","342","454","573","492","C4025750"
"40331","7148","2","5","7","53","51","342","454","573","492","C4025750"
"40332","6323","2","5","8","63","36","166","341","390","158","C4025750"
"40333","6223","2","3","2","110","85","237","433","547","671","C4025750"
"40334","9993","2","5","7","53","51","342","454","573","492","C4025751"
"40335","3043","2","5","7","34","52","216","395","549","116","C4025751"
"40336","161582","2","3","2","48","57","110","141","359","462","C4025753"
"40337","9569","2","3","12","19","31","276","91","433","118","C4025753"
"40338","6910","2","3","12","19","51","335","444","560","373","C4025755"
"40339","7531","2","3","2","48","170","110","329","251","533","C4025755"
"40340","24","2","3","12","41","116","268","423","536","445","C4025755"
"40341","9469","2","3","2","103","189","303","29","475","467","C4025759"
"40342","201163","2","3","2","34","57","110","141","271","356","C4025759"
"40343","9037","2","5","7","53","51","342","454","560","492","C4025759"
"40344","641339","2","4","3","24","119","330","214","454","144","C4025760"
"40345","8450","2","3","12","41","116","268","434","468","213","C4025760"
"40346","80025","2","3","2","72","73","201","129","384","499","C4025760"
"40347","8200","2","5","7","53","51","342","259","423","389","C4025760"
"40348","5624","2","5","7","53","51","342","454","573","492","C4025761"
"40349","4204","2","3","12","19","31","1","426","55","78","C4025761"
"40350","779","2","5","8","63","36","166","341","390","158","C4025763"
"40351","4541","2","3","2","48","170","50","119","444","24","C4025763"
"40352","2245","2","5","7","60","54","24","30","46","72","C4025763"
"40353","871","2","5","7","53","51","342","454","573","492","C4025763"
"40354","22800","2","5","7","60","54","24","30","46","72","C4025763"
"40355","6913","2","3","3","19","221","321","428","541","667","C4025763"
"40356","1513","2","5","7","53","51","342","454","573","492","C4025763"
"40357","1585","2","3","5","79","159","256","351","100","589","C4025763"
"40358","6390","2","3","2","48","170","50","119","444","556","C4025763"
"40359","8085","2","3","12","19","31","1","426","55","78","C4025763"
"40360","9343","2","3","2","22","33","323","66","101","136","C4025763"
"40361","9719","2","5","7","53","51","342","454","573","492","C4025763"
"40362","10682","2","5","4","68","96","326","48","69","204","C4025777"
"40363","6218","2","3","2","110","85","237","433","547","671","C4025777"
"40364","55714","2","5","7","53","51","342","454","573","254","C4025787"
"40365","6611","2","3","2","58","55","25","46","329","198","C4025787"
"40366","2629","2","3","5","80","81","250","291","152","420","C4025787"
"40367","19","2","3","3","19","151","276","91","433","118","C4025787"
"40368","773","2","5","8","27","36","166","341","223","628","C4025787"
"40369","5420","2","5","7","34","52","342","454","64","492","C4025787"
"40370","6628","2","3","2","22","33","323","66","101","136","C4025787"
"40371","1832","2","5","7","34","52","225","142","220","298","C4025787"
"40372","2261","2","5","7","53","14","20","25","40","186","C4025787"
"40373","2778","2","5","4","68","96","326","427","548","672","C4025787"
"40374","4625","2","3","8","63","45","23","103","464","187","C4025788"
"40375","3552","2","3","12","53","51","119","156","489","416","C4025788"
"40376","3691","2","5","7","53","51","342","454","573","492","C4025788"
"40377","9451","2","3","2","110","51","335","226","297","380","C4025788"
"40378","8450","2","3","12","41","116","268","434","468","213","C4025788"
"40379","26119","2","5","7","60","14","184","341","544","669","C4025788"
"40380","1291","2","5","7","53","51","342","454","573","492","C4025788"
"40381","29760","2","5","7","53","14","20","25","40","186","C4025788"
"40382","5447","2","3","5","91","214","271","372","471","586","C4025788"
"40383","8924","2","3","12","41","116","268","434","468","213","C4025789"
"40384","4893","2","5","7","34","52","24","30","46","72","C4025789"
"40385","93","2","5","7","53","14","20","259","423","389","C4025796"
"40386","1241","2","5","4","68","96","326","427","548","672","C4025796"
"40387","2316","2","5","7","53","51","342","454","573","702","C4025799"
"40388","1736","2","3","2","110","85","237","433","547","671","C4025799"
"40389","7531","2","3","2","48","170","110","329","251","533","C4025799"
"40390","51761","2","5","8","63","45","23","103","464","187","C4025799"
"40391","23414","2","3","12","19","31","118","155","287","116","C4025799"
"40392","5723","2","3","5","80","81","44","208","81","108","C4025799"
"40393","4598","2","3","2","19","151","276","198","259","427","C4025805"
"40394","9786","2","3","12","76","153","40","38","54","75","C4025805"
"40395","6598","2","3","12","19","31","1","426","55","78","C4025806"
"40396","90411","2","3","7","60","153","40","202","66","203","C4025806"
"40397","1387","2","3","12","19","31","276","91","433","118","C4025810"
"40398","9632","2","3","7","60","153","40","38","54","203","C4025810"
"40399","7167","2","3","2","90","167","266","367","500","577","C4025811"
"40400","1639","2","3","12","76","153","40","38","54","75","C4025811"
"40401","5009","2","3","2","48","97","50","304","167","593","C4025811"
"40402","6469","2","5","3","53","221","197","259","560","422","C4025811"
"40403","5190","2","3","5","43","161","305","409","208","482","C4025819"
"40404","3949","2","5","7","60","14","184","341","544","669","C4025819"
"40405","5824","2","3","5","47","144","185","238","310","392","C4025819"
"40406","283234","2","3","3","42","81","296","177","362","468","C4025819"
"40407","2038","2","5","7","11","142","225","142","220","116","C4025819"
"40408","8626","2","3","3","19","221","321","428","541","667","C4025819"
"40409","3209","2","3","3","19","221","321","428","541","667","C4025819"
"40410","779","2","5","8","63","36","166","341","390","158","C4025819"
"40411","2253","2","5","7","53","14","20","25","40","186","C4025819"
"40412","7140","2","5","8","63","45","23","103","464","187","C4025819"
"40413","546","2","3","12","19","31","261","426","1","86","C4025819"
"40414","4000","2","3","12","26","105","178","226","297","156","C4025819"
"40415","8928","2","3","12","19","221","321","259","423","389","C4025821"
"40416","549","2","3","5","80","81","166","114","155","202","C4025821"
"40417","6324","2","5","7","63","36","166","341","223","158","C4025821"
"40418","726","2","5","7","53","51","342","454","573","492","C4025821"
"40419","3991","2","3","5","80","81","166","57","83","658","C4025821"
"40420","579","2","3","3","19","221","321","428","541","667","C4025821"
"40421","775","2","5","8","63","36","166","341","223","158","C4025821"
"40422","5167","2","3","5","32","93","163","207","303","126","C4025821"
"40423","2184","2","3","5","76","153","138","236","332","407","C4025821"
"40424","5743","2","3","5","53","175","119","167","489","416","C4025821"
"40425","2896","2","5","7","34","52","216","395","549","674","C4025821"
"40426","2516","2","3","3","19","151","276","91","433","118","C4025821"
"40427","4625","2","3","8","63","45","23","103","464","187","C4025821"
"40428","55636","2","3","3","19","221","321","428","423","389","C4025821"
"40429","2623","2","3","12","19","31","1","155","287","116","C4025821"
"40430","6340","2","5","8","63","45","23","34","464","187","C4025821"
"40431","54968","2","3","2","48","170","50","119","444","556","C4025821"
"40432","5122","2","5","4","27","36","184","141","359","411","C4025821"
"40433","811","2","3","2","41","116","342","423","536","342","C4025823"
"40434","1482","2","3","3","19","221","321","428","541","667","C4025823"
"40435","3077","2","5","7","53","51","119","395","549","674","C4025823"
"40436","2317","2","5","7","63","45","23","103","287","664","C4025823"
"40437","2638","2","5","8","63","45","23","103","464","187","C4025823"
"40438","94","2","5","7","53","51","342","259","423","389","C4025823"
"40439","50","2","3","5","80","81","50","304","167","593","C4025823"
"40440","2182","2","3","2","67","92","265","284","147","235","C4025823"
"40441","10516","2","5","7","53","51","342","454","573","492","C4025823"
"40442","5340","2","5","7","53","51","342","454","573","492","C4025828"
"40443","2332","2","3","2","22","33","71","373","466","609","C4025828"
"40444","6392","2","3","2","48","170","50","119","444","556","C4025828"
"40445","8910","2","5","8","63","45","23","103","464","187","C4025829"
"40446","1969","2","5","7","53","14","20","25","560","186","C4025829"
"40447","2588","2","3","7","34","52","216","395","549","674","C4025830"
"40448","4920","2","5","7","53","14","20","259","560","373","C4025830"
"40449","55109","2","5","7","42","81","184","118","543","214","C4025830"
"40450","27031","2","3","6","11","142","225","38","331","506","C4025830"
"40451","1277","2","5","7","53","51","342","454","573","492","C4025831"
"40452","4000","2","3","12","26","105","178","226","297","156","C4025831"
"40453","4867","2","5","7","76","153","40","38","54","75","C4025835"
"40454","1813","2","5","4","68","96","326","427","548","672","C4025835"
"40455","4170","2","3","12","41","219","339","402","489","416","C4025836"
"40456","1536","2","5","7","34","52","216","395","549","674","C4025836"
"40457","8742","2","3","12","41","219","339","156","568","697","C4025836"
"40458","2121","2","3","12","41","116","268","434","568","605","C4025836"
"40459","3060","2","5","4","68","96","326","427","548","672","C4025836"
"40460","1292","2","5","7","53","51","342","454","573","492","C4025836"
"40461","3248","2","3","2","69","83","133","167","224","301","C4025836"
"40462","23435","2","3","2","22","33","323","66","101","136","C4025838"
"40463","7345","2","3","12","41","116","268","341","223","628","C4025838"
"40464","701","2","3","12","76","153","40","38","54","75","C4025838"
"40465","3674","2","5","7","53","51","342","454","573","492","C4025838"
"40466","2623","2","3","12","19","31","1","155","287","116","C4025838"
"40467","7046","2","3","12","41","219","339","259","423","605","C4025838"
"40468","26608","2","3","2","22","170","50","119","463","153","C4025838"
"40469","10371","2","5","7","53","51","342","79","560","373","C4025838"
"40470","4137","2","3","7","27","36","150","341","223","628","C4025838"
"40471","29954","2","5","2","27","206","324","430","215","290","C4025838"
"40472","8289","2","3","12","19","31","1","426","55","78","C4025838"
"40473","3141","2","3","2","68","40","130","166","127","173","C4025838"
"40474","6794","2","3","12","53","14","20","34","540","68","C4025838"
"40475","28952","2","3","12","41","116","268","434","468","213","C4025838"
"40476","3930","2","3","2","22","33","323","66","3","464","C4025838"
"40477","5631","2","3","2","72","119","109","266","336","452","C4025838"
"40478","23522","2","3","12","19","31","1","426","55","78","C4025838"
"40479","2717","2","3","7","34","52","216","395","549","674","C4025838"
"40480","7133","2","5","7","34","52","216","395","549","697","C4025838"
"40481","5122","2","5","4","27","36","184","141","359","411","C4025841"
"40482","5894","2","5","7","60","54","23","34","464","187","C4025841"
"40483","8195","2","3","12","76","153","76","38","54","75","C4025843"
"40484","5604","2","5","7","53","14","20","34","540","68","C4025843"
"40485","5621","2","5","8","27","36","342","454","573","628","C4025844"
"40486","7136","2","5","8","63","45","23","103","464","187","C4025844"
"40487","2702","2","3","12","76","153","40","38","54","75","C4025844"
"40488","2395","2","3","2","48","170","50","304","167","593","C4025844"
"40489","23384","2","3","12","63","45","184","103","572","658","C4025844"
"40490","811","2","3","2","41","116","342","423","536","342","C4025844"
"40491","2719","2","5","7","53","51","342","454","573","492","C4025844"
"40492","29893","2","3","12","19","31","1","426","55","78","C4025844"
"40493","5290","2","3","7","53","14","20","25","40","186","C4025844"
"40494","8626","2","3","3","19","221","321","428","541","667","C4025844"
"40495","3977","2","5","7","53","51","119","25","40","416","C4025844"
"40496","4724","2","3","2","48","170","50","119","444","556","C4025844"
"40497","3145","2","3","5","80","81","166","132","175","473","C4025844"
"40498","3981","2","3","12","19","31","261","116","1","86","C4025844"
"40499","4508","2","3","2","48","170","50","119","444","556","C4025844"
"40500","3373","2","3","5","80","51","342","454","573","492","C4025844"
"40501","4548","2","3","2","15","85","105","139","186","245","C4025844"
"40502","54903","2","3","12","76","153","40","38","54","75","C4025844"
"40503","54888","2","3","2","110","85","152","129","252","154","C4025844"
"40504","865","2","3","12","19","31","1","426","55","78","C4025844"
"40505","9031","2","3","12","19","31","1","426","55","78","C4025844"
"40506","23594","2","3","12","76","153","261","116","1","86","C4025845"
"40507","2643","2","3","5","87","91","75","204","267","352","C4025845"
"40508","1836","2","3","2","35","41","94","260","330","375","C4025845"
"40509","6229","2","3","2","110","85","237","433","547","671","C4025845"
"40510","27077","2","3","12","76","153","40","38","54","75","C4025845"
"40511","5318","2","1","6","11","142","225","142","220","298","C4025845"
"40512","10459","2","3","12","76","31","261","116","1","86","C4025845"
"40513","9197","2","3","2","67","92","293","55","75","311","C4025845"
"40514","7545","2","5","3","34","52","216","142","220","298","C4025845"
"40515","1917","2","3","12","41","219","339","347","572","658","C4025845"
"40516","51103","2","3","2","48","170","50","119","444","556","C4025845"
"40517","2879","2","3","5","80","81","166","378","173","229","C4025845"
"40518","2260","2","5","7","53","14","20","25","40","186","C4025845"
"40519","50484","2","3","5","80","109","182","235","307","506","C4025845"
"40520","1548","2","3","5","91","214","226","326","447","586","C4025847"
"40521","10020","2","3","2","89","124","204","42","452","258","C4025847"
"40522","26580","2","5","8","27","70","99","162","216","290","C4025849"
"40523","1767","2","3","12","76","153","40","38","54","75","C4025849"
"40524","3425","2","3","5","80","81","166","454","573","492","C4025849"
"40525","54714","2","5","8","63","36","166","106","110","158","C4025849"
"40526","3265","2","5","7","60","54","24","30","46","72","C4025849"
"40527","3953","2","5","7","53","14","20","25","40","186","C4025850"
"40528","3195","2","3","3","19","221","321","428","541","667","C4025850"
"40529","5015","2","3","3","19","221","321","428","541","667","C4025853"
"40530","2074","2","3","12","19","31","1","426","55","78","C4025853"
"40531","1535","2","5","7","34","52","216","395","549","674","C4025857"
"40532","919","2","5","7","53","14","119","25","40","186","C4025857"
"40533","2703","2","3","12","76","153","40","38","54","75","C4025857"
"40534","2316","2","5","7","53","51","342","454","573","702","C4025858"
"40535","23426","2","5","7","42","36","71","177","223","219","C4025858"
"40536","7045","2","5","12","19","51","1","426","55","78","C4025858"
"40537","2261","2","5","7","53","14","20","25","40","186","C4025858"
"40538","2147","2","5","7","68","51","342","454","573","492","C4025858"
"40539","2746","2","3","2","110","62","189","182","509","356","C4025858"
"40540","64121","2","3","2","48","57","110","141","359","462","C4025860"
"40541","5781","2","5","7","53","14","20","25","40","186","C4025860"
"40542","977","2","5","7","53","51","342","454","573","492","C4025860"
"40543","7167","2","3","2","90","167","266","367","500","577","C4025860"
"40544","10661","2","3","12","19","31","1","426","55","78","C4025860"
"40545","22930","2","5","7","60","54","24","30","46","72","C4025860"
"40546","2878","2","3","5","80","81","110","378","173","229","C4025860"
"40547","6165","2","3","2","110","85","237","433","547","671","C4025860"
"40548","8302","2","5","7","53","51","119","395","549","674","C4025860"
"40549","2263","2","5","7","53","14","20","25","40","186","C4025860"
"40550","2176","2","3","12","19","31","261","116","1","86","C4025860"
"40551","5351","2","5","7","53","51","342","454","573","492","C4025860"
"40552","6662","2","3","3","19","221","321","428","541","667","C4025871"
"40553","55704","2","3","12","76","153","40","38","54","75","C4025871"
"40554","6899","2","5","7","53","184","335","259","560","373","C4025871"
"40555","4720","2","3","2","48","170","50","119","444","556","C4025871"
"40556","411","2","3","7","34","52","216","395","549","674","C4025871"
"40557","5155","2","5","7","53","51","342","454","573","186","C4025871"
"40558","10842","2","3","12","76","153","40","38","472","435","C4025871"
"40559","538","2","3","8","63","45","23","103","464","187","C4025871"
"40560","1717","2","3","2","19","151","276","48","69","204","C4025871"
"40561","4602","2","3","12","19","31","1","155","287","116","C4025871"
"40562","5889","2","3","12","19","31","261","116","1","86","C4025876"
"40563","7259","2","3","12","19","31","1","426","55","78","C4025876"
"40564","25814","2","3","2","48","170","110","119","444","462","C4025878"
"40565","2760","2","3","7","34","52","216","395","549","674","C4025878"
"40566","59","2","5","8","63","45","23","103","464","187","C4025881"
"40567","5745","2","5","4","68","96","326","427","548","672","C4025881"
"40568","2033","2","3","12","19","31","1","91","433","118","C4025881"
"40569","23512","2","3","12","19","31","1","426","55","78","C4025881"
"40570","478","2","3","8","63","45","23","366","464","187","C4025881"
"40571","7879","2","5","7","34","54","24","30","46","72","C4025881"
"40572","5591","2","3","12","19","31","261","116","1","86","C4025881"
"40573","6913","2","3","3","19","221","321","428","541","667","C4025884"
"40574","3814","2","5","4","68","96","326","427","548","672","C4025884"
"40575","2132","2","3","2","74","58","112","148","193","263","C4025884"
"40576","2239","2","3","2","74","51","342","454","573","492","C4025884"
"40577","3290","2","3","2","69","83","101","94","133","239","C4025887"
"40578","4791","2","3","12","41","219","339","156","568","697","C4025887"
"40579","1836","2","3","2","35","41","94","260","330","375","C4025887"
"40580","846","2","5","4","68","96","326","427","548","672","C4025887"
"40581","29123","2","3","12","19","151","276","91","433","118","C4025888"
"40582","8481","2","3","12","76","153","40","38","54","75","C4025888"
"40583","5159","2","5","7","53","14","20","25","40","186","C4025888"
"40584","7187","2","3","12","41","219","339","156","568","697","C4025888"
"40585","2811","2","5","7","53","51","1","454","573","78","C4025891"
"40586","5195","2","3","5","43","161","305","409","208","482","C4025891"
"40587","773","2","5","8","27","36","166","341","223","628","C4025891"
"40588","6567","2","5","8","35","41","77","40","57","80","C4025891"
"40589","673","2","5","7","53","14","20","34","540","68","C4025891"
"40590","3930","2","3","2","22","33","323","66","3","464","C4025891"
"40591","10982","2","3","12","76","153","40","38","54","75","C4025891"
"40592","3052","2","3","2","48","170","50","119","444","556","C4025891"
"40593","4000","2","3","12","26","105","178","226","297","156","C4025891"
"40594","2984","2","3","4","68","96","326","427","548","672","C4025892"
"40595","410","2","3","7","34","52","216","395","549","674","C4025892"
"40596","1535","2","5","7","34","52","216","395","549","674","C4025892"
"40597","6662","2","3","3","19","221","321","428","541","667","C4025892"
"40598","7314","2","3","12","41","219","261","409","208","482","C4025892"
"40599","6557","2","5","8","45","94","199","240","415","666","C4025892"
"40600","860","2","3","12","19","31","276","91","433","118","C4025892"
"40601","6862","2","5","3","53","51","335","259","560","373","C4025892"
"40602","2263","2","5","7","53","14","20","25","40","186","C4025892"
"40603","5447","2","3","5","91","214","271","372","471","586","C4025893"
"40604","2303","2","5","3","19","221","321","428","541","667","C4025893"
"40605","8092","2","3","3","19","221","321","428","541","667","C4025893"
"40606","2673","2","3","2","110","94","178","226","297","380","C4025895"
"40607","23554","2","5","3","68","221","197","259","518","492","C4025895"
"40608","8419","2","3","12","48","170","50","119","198","224","C4025895"
"40609","55670","2","3","5","43","161","305","409","208","482","C4025895"
"40610","55120","2","3","12","19","31","261","116","1","86","C4025895"
"40611","2317","2","5","7","63","45","23","103","287","664","C4025895"
"40612","8092","2","3","3","19","221","321","428","541","667","C4025895"
"40613","6663","2","3","3","19","221","321","428","541","667","C4025895"
"40614","11322","2","5","7","34","52","216","395","549","674","C4025895"
"40615","6885","2","3","12","41","219","339","156","568","697","C4025896"
"40616","6013","2","3","4","32","96","326","427","548","672","C4025896"
"40617","8289","2","3","12","19","31","1","426","55","78","C4025896"
"40618","1356","2","3","7","53","51","342","454","573","492","C4025896"
"40619","51702","2","3","12","19","31","1","426","55","78","C4025896"
"40620","2316","2","5","7","53","51","342","454","573","702","C4025896"
"40621","6926","2","5","7","53","51","335","259","560","373","C4025896"
"40622","3630","2","5","7","53","14","20","25","40","186","C4025899"
"40623","3239","2","3","3","19","221","321","428","541","667","C4025899"
"40624","2316","2","5","7","53","51","342","454","573","702","C4025899"
"40625","51741","2","3","2","22","33","323","66","101","127","C4025899"
"40626","54808","2","3","12","76","153","40","38","54","75","C4025900"
"40627","7353","2","3","12","41","219","339","156","568","605","C4025900"
"40628","356","2","5","7","53","219","339","25","489","697","C4025900"
"40629","2629","2","3","5","80","81","250","291","152","420","C4025900"
"40630","1050","2","3","12","19","151","276","91","433","118","C4025900"
"40631","2022","2","5","7","53","51","342","259","423","389","C4025900"
"40632","6664","2","3","3","19","221","321","428","541","667","C4025900"
"40633","3759","2","5","8","63","36","166","106","110","158","C4025900"
"40634","2189","2","3","12","19","31","261","116","1","86","C4025900"
"40635","26040","2","3","12","19","31","1","116","297","78","C4025900"
"40636","7466","2","5","7","53","51","342","454","573","492","C4025900"
"40637","6678","2","5","7","53","51","342","454","573","492","C4025900"
"40638","5836","2","3","7","34","52","216","395","549","674","C4025900"
"40639","3762","2","5","8","63","36","166","106","110","158","C4025901"
"40640","207","2","3","7","53","14","20","34","489","416","C4025901"
"40641","2332","2","3","2","22","33","71","373","466","609","C4025901"
"40642","60529","2","3","3","19","221","321","428","541","667","C4025901"
"40643","22926","2","3","12","19","31","276","91","433","118","C4025901"
"40644","4000","2","3","12","26","105","178","226","297","156","C4025901"
"40645","162417","2","3","2","67","97","167","210","171","240","C4025901"
"40646","7380","2","3","6","25","105","75","226","489","156","C4025901"
"40647","25959","2","3","3","19","151","276","91","433","118","C4025901"
"40648","23592","2","3","12","26","105","342","259","423","389","C4025901"
"40649","2314","2","3","12","63","45","184","103","572","658","C4025901"
"40650","83605","2","5","7","76","137","76","136","472","435","C4025901"
"40651","5053","2","3","5","80","81","166","236","308","390","C4025901"
"40652","4137","2","3","7","27","36","150","341","223","628","C4042891"
"40653","8050","2","3","2","67","92","293","55","75","311","C4042891"
"40654","3930","2","3","2","22","33","323","66","3","464","C4042891"
"40655","182","2","5","7","53","51","143","428","236","667","C4042891"
"40656","2294","2","3","3","19","221","321","428","541","667","C4042891"
"40657","6495","2","3","3","19","221","321","428","541","667","C4042891"
"40658","6567","2","5","8","35","41","77","40","57","80","C4048199"
"40659","9131","2","3","12","41","219","339","347","271","356","C4048199"
"40660","10804","2","3","12","76","153","40","38","54","75","C4048199"
"40661","3081","2","3","2","91","51","3","267","308","429","C4048199"
"40662","6138","2","3","2","110","85","237","433","547","671","C4048268"
"40663","488","2","5","8","63","45","23","103","464","187","C4048268"
"40664","5015","2","3","3","19","221","321","428","541","667","C4048268"
"40665","9215","2","5","2","27","36","150","430","215","628","C4048268"
"40666","3984","2","5","7","53","14","20","34","540","68","C4048268"
"40667","54507","2","5","6","11","142","225","142","220","298","C4048268"
"40668","4359","2","5","7","53","51","342","454","573","492","C4048268"
"40669","257","2","3","3","19","221","321","428","541","667","C4048268"
"40670","7258","2","3","12","19","36","1","426","55","78","C4048268"
"40671","55651","2","3","2","110","85","237","433","547","671","C4048268"
"40672","1829","2","1","6","11","142","225","142","220","298","C4048268"
"40673","3553","2","5","7","53","51","119","25","489","416","C4048268"
"40674","3763","2","5","8","63","36","166","106","110","158","C4048268"
"40675","2260","2","5","7","53","14","20","25","40","186","C4048268"
"40676","6006","2","3","2","69","83","101","126","487","116","C4048268"
"40677","6927","2","3","3","19","221","321","428","541","667","C4048268"
"40678","29887","2","3","7","60","18","110","141","198","270","C4048268"
"40679","7428","2","3","12","41","116","268","434","468","213","C4048268"
"40680","4882","2","3","4","68","96","326","427","548","672","C4048268"
"40681","4157","2","5","4","68","96","326","427","548","672","C4048268"
"40682","51196","2","3","7","60","54","24","30","46","72","C4048268"
"40683","1947","2","5","7","53","51","20","25","560","373","C4048268"
"40684","51085","2","3","2","48","57","110","141","359","462","C4048268"
"40685","6473","2","3","3","19","221","321","428","541","667","C4048268"
"40686","9409","2","3","5","43","161","305","409","208","482","C4048273"
"40687","551","2","5","4","68","96","326","427","548","672","C4048273"
"40688","7200","2","5","4","68","96","326","427","548","672","C4048273"
"40689","857","2","5","7","53","45","23","57","83","422","C4048273"
"40690","3977","2","5","7","53","51","119","25","40","416","C4048273"
"40691","3766","2","5","8","63","36","166","106","110","158","C4048273"
"40692","2301","2","5","6","11","142","225","142","220","673","C4048273"
"40693","54106","2","5","7","53","219","20","156","40","697","C4048273"
"40694","6299","2","3","12","19","221","321","428","541","667","C4048273"
"40695","547","2","3","7","76","153","40","38","54","75","C4048273"
"40696","4541","2","3","2","48","170","50","119","444","24","C4048273"
"40697","5077","2","3","3","19","221","321","428","541","667","C4048705"
"40698","5332","2","3","4","68","96","326","427","548","672","C4048705"
"40699","987","2","3","6","48","94","279","347","330","304","C4048705"
"40700","8546","2","5","7","60","18","184","341","544","669","C4048798"
"40701","54982","2","3","2","48","170","50","399","167","593","C4048798"
"40702","2263","2","5","7","53","14","20","25","40","186","C4048798"
"40703","50846","2","3","3","68","221","197","259","560","422","C4048798"
"40704","1954","2","5","7","53","51","342","454","573","492","C4048798"
"40705","2138","2","3","12","19","31","1","426","55","78","C4048798"
"40706","4358","2","3","5","43","161","305","409","208","482","C4048798"
"40707","410","2","3","7","34","52","216","395","549","674","C4048798"
"40708","3887","2","1","6","11","142","225","142","220","298","C4048798"
"40709","7157","2","3","12","19","31","261","402","489","551","C4048798"
"40710","1028","2","3","12","19","31","1","116","1","86","C4048800"
"40711","8878","2","3","12","41","219","339","156","568","697","C4048800"
"40712","6567","2","5","8","35","41","77","40","57","80","C4048801"
"40713","5428","2","3","2","48","170","50","119","167","593","C4048801"
"40714","675","2","3","12","19","31","261","116","1","86","C4048801"
"40715","7248","2","3","2","48","57","110","141","359","462","C4048801"
"40716","6925","2","3","12","19","31","225","142","220","298","C4048801"
"40717","2260","2","5","7","53","14","20","25","40","186","C4049796"
"40718","5889","2","3","12","19","31","261","116","1","86","C4049796"
"40719","5728","2","3","5","80","81","339","156","568","605","C4049796"
"40720","2335","2","5","7","53","51","342","454","573","492","C4049796"
"40721","9582","2","3","12","76","153","40","38","54","75","C4049796"
"40722","2316","2","5","7","53","51","342","454","573","702","C4049796"
"40723","2130","2","3","2","22","33","323","66","491","609","C4049796"
"40724","2138","2","3","12","19","31","1","426","55","78","C4049796"
"40725","4638","2","5","7","53","45","23","103","464","187","C4049796"
"40726","1261","2","5","8","63","36","166","106","110","158","C4049796"
"40727","3507","2","5","7","53","51","119","395","549","674","C4049796"
"40728","51807","2","3","12","76","153","40","38","54","75","C4049796"
"40729","5277","2","3","2","61","77","142","176","235","317","C4049796"
"40730","4747","2","5","7","27","36","150","341","223","628","C4049796"
"40731","2896","2","5","7","34","52","216","395","549","674","C4049796"
"40732","4015","2","5","7","53","51","342","454","573","492","C4049796"
"40733","348","2","5","7","53","51","342","454","573","492","C4049796"
"40734","5328","2","5","7","34","52","216","395","549","674","C4049796"
"40735","51684","2","3","12","41","116","268","38","54","75","C4049796"
"40736","6925","2","3","12","19","31","225","142","220","298","C4049796"
"40737","2138","2","3","12","19","31","1","426","55","78","C4049796"
"40738","2073","2","3","12","19","31","261","116","1","86","C4049796"
"40739","23545","2","3","5","29","88","132","85","222","346","C4049796"
"40740","6927","2","3","3","19","221","321","428","541","667","C4053775"
"40741","7468","2","3","12","19","31","1","426","55","78","C4053775"
"40742","2239","2","3","2","74","51","342","454","573","492","C4053775"
"40743","2919","2","5","7","34","52","216","427","548","672","C4053775"
"40744","5087","2","3","3","19","221","321","428","541","667","C4053775"
"40745","175","2","3","7","34","52","216","395","549","674","C4053775"
"40746","4548","2","3","2","15","85","105","139","186","245","C4053775"
"40747","9241","2","5","7","53","51","342","259","423","389","C4072826"
"40748","579","2","3","3","19","221","321","428","541","667","C4072826"
"40749","2109","2","3","2","48","170","50","119","444","556","C4072826"
"40750","3691","2","5","7","53","51","342","454","573","492","C4072826"
"40751","4128","2","3","5","80","81","119","402","489","416","C4072826"
"40752","54968","2","3","2","48","170","50","119","444","556","C4072826"
"40753","10043","2","5","7","34","52","216","395","549","674","C4072826"
"40754","100506658","2","5","7","42","36","71","177","64","219","C4072826"
"40755","8289","2","3","12","19","31","1","426","55","78","C4072826"
"40756","54551","2","3","12","41","219","197","156","568","422","C4072826"
"40757","4487","2","3","3","19","221","321","428","541","667","C4072826"
"40758","3915","2","5","7","53","51","342","454","573","492","C4072826"
"40759","5604","2","5","7","53","14","20","34","540","68","C4072826"
"40760","6926","2","5","7","53","51","335","259","560","373","C4072826"
"40761","445","2","3","2","84","97","167","210","278","360","C4072826"
"40762","5660","2","5","7","34","52","326","427","548","702","C4072826"
"40763","2657","2","5","7","53","51","342","259","423","389","C4072826"
"40764","8504","2","3","5","47","144","185","238","310","392","C4072826"
"40765","64072","2","5","7","53","51","335","444","560","373","C4072826"
"40766","6299","2","3","12","19","221","321","428","541","667","C4072827"
"40767","10269","2","3","2","48","182","50","119","444","556","C4072827"
"40768","4221","2","3","12","19","31","342","454","573","492","C4072827"
"40769","2740","2","5","4","68","96","326","427","548","672","C4072827"
"40770","3458","2","5","7","53","184","119","156","287","116","C4072827"
"40771","6567","2","5","8","35","41","77","40","57","80","C4072827"
"40772","81839","2","3","2","41","36","71","259","64","422","C4072827"
"40773","51715","2","5","7","60","54","24","30","46","72","C4072827"
"40774","3861","2","1","6","11","142","225","142","220","298","C4072827"
"40775","10806","2","3","12","76","153","40","38","54","75","C4072827"
"40776","9966","2","5","12","41","219","339","156","568","697","C4072827"
"40777","2705","2","3","12","76","153","40","38","54","75","C4072827"
"40778","3551","2","3","12","41","219","339","156","568","697","C4072827"
"40779","3664","2","5","7","53","184","119","156","287","116","C4072827"
"40780","8514","2","5","7","34","52","216","395","549","674","C4072827"
"40781","4038","2","5","7","53","51","342","454","573","492","C4072827"
"40782","3617","2","5","7","86","221","321","454","311","518","C4072827"
"40783","7852","2","5","4","68","96","326","427","548","672","C4072827"
"40784","3549","2","5","3","53","51","197","259","560","422","C4072827"
"40785","4851","2","3","12","19","221","143","428","236","667","C4072827"
"40786","5339","2","5","7","53","51","342","454","573","492","C4072830"
"40787","5376","2","5","7","53","51","342","454","573","492","C4072830"
"40788","55651","2","3","2","110","85","237","433","547","671","C4072830"
"40789","9928","2","3","12","76","153","40","38","54","75","C4072830"
"40790","8438","2","3","12","76","153","261","116","1","86","C4072830"
"40791","4221","2","3","12","19","31","342","454","573","492","C4072830"
"40792","7415","2","3","7","34","52","216","395","536","445","C4072830"
"40793","8139","2","3","12","41","116","268","434","468","213","C4072830"
"40794","1062","2","3","12","76","153","40","38","54","75","C4072830"
"40795","5428","2","3","2","48","170","50","119","167","593","C4072830"
"40796","1421","2","3","6","63","45","160","362","177","673","C4072830"
"40797","7305","2","5","7","34","52","216","395","549","674","C4072830"
"40798","5972","2","5","5","34","52","216","397","418","568","C4072830"
"40799","6911","2","5","6","19","142","335","259","560","373","C4072830"
"40800","7403","2","3","12","19","31","1","426","55","78","C4072830"
"40801","22","2","3","2","48","170","279","423","274","154","C4072830"
"40802","7374","2","3","12","19","31","261","116","1","86","C4072830"
"40803","11093","2","5","7","53","51","342","454","573","492","C4072830"
"40804","1813","2","5","4","68","96","326","427","548","672","C4072830"
"40805","767","2","3","5","35","41","87","93","149","196","C4072830"
"40806","9060","2","3","2","68","18","63","69","102","143","C4072831"
"40807","26276","2","3","7","60","81","184","341","66","203","C4072831"
"40808","54361","2","5","3","68","221","197","259","560","422","C4072831"
"40809","5354","2","5","7","27","36","150","341","223","628","C4072831"
"40810","7319","2","3","12","41","116","268","434","468","213","C4072831"
"40811","6899","2","5","7","53","184","335","259","560","373","C4072831"
"40812","3265","2","5","7","60","54","24","30","46","72","C4072831"
"40813","9049","2","3","3","41","151","276","378","271","356","C4072831"
"40814","6528","2","5","8","45","94","199","240","415","666","C4072831"
"40815","2187","2","3","12","19","31","261","116","1","86","C4072831"
"40816","2332","2","3","2","22","33","71","373","466","609","C4072831"
"40817","51085","2","3","2","48","57","110","141","359","462","C4072834"
"40818","1415","2","3","6","63","45","160","362","177","673","C4072834"
"40819","7273","2","5","7","53","51","342","103","464","702","C4072834"
"40820","4627","2","5","7","63","45","184","103","572","658","C4072834"
"40821","5116","2","3","12","76","153","40","38","54","75","C4072834"
"40822","9031","2","3","12","19","31","1","426","55","78","C4072834"
"40823","5327","2","5","7","53","51","342","454","573","492","C4072834"
"40824","4194","2","3","12","19","31","339","156","568","605","C4072834"
"40825","6598","2","3","12","19","31","1","426","55","78","C4072834"
"40826","7468","2","3","12","19","31","1","426","55","78","C4072834"
"40827","4929","2","3","3","19","151","276","91","433","118","C4072834"
"40828","5573","2","3","12","19","184","118","155","287","116","C4072834"
"40829","23385","2","5","7","34","52","216","395","549","674","C4072834"
"40830","5314","2","3","12","76","153","40","38","54","75","C4072834"
"40831","1855","2","5","12","76","153","197","259","560","422","C4072834"
"40832","259197","2","5","7","53","51","119","395","549","674","C4072834"
"40833","23064","2","3","6","11","31","261","142","220","664","C4072834"
"40834","51067","2","3","2","110","85","67","76","252","154","C4072834"
"40835","4791","2","3","12","41","219","339","156","568","697","C4072834"
"40836","2200","2","5","7","53","51","342","454","573","492","C4072834"
"40837","5781","2","5","7","53","14","20","25","40","186","C4072834"
"40838","2703","2","3","12","76","153","40","38","54","75","C4072834"
"40839","6335","2","5","8","63","36","166","341","390","158","C4072834"
"40840","5373","2","3","2","90","167","123","158","207","278","C4072834"
"40841","22845","2","3","2","48","68","125","161","214","288","C4072834"
"40842","9632","2","3","7","60","153","40","38","54","203","C4072834"
"40843","4668","2","3","5","21","111","188","242","313","396","C4072834"
"40844","6812","2","5","7","27","36","150","341","223","628","C4072834"
"40845","5376","2","5","7","53","51","342","454","573","492","C4072834"
"40846","10585","2","5","2","27","206","324","430","215","290","C4072834"
"40847","1028","2","3","12","19","31","1","116","1","86","C4072834"
"40848","2356","2","3","5","15","166","85","314","397","513","C4072835"
"40849","3458","2","5","7","53","184","119","156","287","116","C4072835"
"40850","3054","2","3","12","19","31","1","426","55","78","C4072835"
"40851","5447","2","3","5","91","214","271","372","471","586","C4072835"
"40852","5187","2","3","3","19","151","276","91","433","118","C4072835"
"40853","1030","2","3","12","19","31","1","426","55","78","C4072835"
"40854","5156","2","5","7","53","14","20","25","40","186","C4072835"
"40855","1410","2","3","12","63","45","23","38","54","187","C4072835"
"40856","25978","2","3","2","48","57","110","141","359","462","C4072835"
"40857","7840","2","3","12","76","153","40","38","54","75","C4072835"
"40858","7490","2","3","3","19","221","321","428","541","667","C4072835"
"40859","2516","2","3","3","19","151","276","91","433","118","C4072835"
"40860","1811","2","5","8","35","41","199","40","415","666","C4072835"
"40861","6886","2","3","12","19","31","1","426","55","78","C4072836"
"40862","6833","2","5","8","45","36","166","240","415","666","C4072836"
"40863","9742","2","3","12","76","153","40","38","54","75","C4072836"
"40864","7415","2","3","7","34","52","216","395","536","445","C4072836"
"40865","2922","2","5","4","68","96","326","427","548","672","C4072836"
"40866","7372","2","3","2","68","119","109","266","182","182","C4072836"
"40867","23169","2","3","2","78","205","112","430","429","544","C4072836"
"40868","3460","2","5","7","53","184","119","156","287","116","C4072836"
"40869","1571","2","3","5","91","214","271","372","471","26","C4072836"
"40870","1139","2","5","8","27","70","99","162","216","290","C4072836"
"40871","695","2","5","7","53","14","20","25","40","186","C4072836"
"40872","788","2","3","2","45","151","199","240","415","666","C4072836"
"40873","6776","2","5","7","53","14","20","25","40","186","C4072836"
"40874","7033","2","3","12","19","31","1","426","55","78","C4072837"
"40875","64802","2","3","2","73","110","53","59","228","306","C4072837"
"40876","100","2","3","5","33","21","47","56","80","199","C4072837"
"40877","8924","2","3","12","41","116","268","434","468","213","C4072837"
"40878","28962","2","5","8","63","45","23","34","464","187","C4072837"
"40879","4539","2","3","2","53","184","86","107","560","195","C4072837"
"40880","56848","2","3","2","50","47","39","100","321","255","C4072837"
"40881","7167","2","3","2","90","167","266","367","500","577","C4072837"
"40882","6240","2","3","5","80","109","182","235","307","506","C4072837"
"40883","26278","2","3","12","41","116","268","347","271","356","C4072837"
"40884","5290","2","3","7","53","14","20","25","40","186","C4072837"
"40885","2263","2","5","7","53","14","20","25","40","186","C4072837"
"40886","629","2","5","7","53","51","119","395","549","674","C4072837"
"40887","3852","2","1","6","11","142","225","142","220","298","C4072837"
"40888","5264","2","3","5","43","161","305","409","208","482","C4072837"
"40889","5830","2","3","5","43","161","305","409","208","482","C4072837"
"40890","4001","2","3","12","76","31","40","38","54","75","C4072837"
"40891","6575","2","3","8","45","94","199","240","415","666","C4072837"
"40892","2121","2","3","12","41","116","268","434","568","605","C4072837"
"40893","3762","2","5","8","63","36","166","106","110","158","C4072837"
"40894","7415","2","3","7","34","52","216","395","536","445","C4072837"
"40895","3981","2","3","12","19","31","261","116","1","86","C4072837"
"40896","3329","2","3","2","48","170","50","304","167","593","C4072837"
"40897","1300","2","5","7","53","51","342","454","573","492","C4072837"
"40898","6165","2","3","2","110","85","237","433","547","671","C4072837"
"40899","54765","2","3","12","48","182","50","119","444","556","C4072841"
"40900","29958","2","3","5","19","31","1","325","410","527","C4072841"
"40901","1312","2","3","2","87","79","105","426","129","25","C4072841"
"40902","4069","2","5","7","34","52","216","395","549","674","C4072841"
"40903","3835","2","3","12","76","153","40","38","54","75","C4072841"
"40904","6391","2","3","2","48","170","50","119","444","556","C4072841"
"40905","6499","2","3","2","110","85","237","433","547","671","C4072842"
"40906","54903","2","3","12","76","153","40","38","54","75","C4072842"
"40907","7227","2","3","12","19","31","276","91","433","118","C4072842"
"40908","23261","2","5","7","27","36","150","341","223","628","C4072842"
"40909","5906","2","5","7","34","52","216","30","46","72","C4072842"
"40910","4548","2","3","2","15","85","105","139","186","245","C4072842"
"40911","5728","2","3","5","80","81","339","156","568","605","C4072847"
"40912","7015","2","3","12","19","31","1","426","55","78","C4072847"
"40913","23742","2","5","5","68","96","326","427","447","586","C4072847"
"40914","7476","2","5","3","68","221","197","259","560","422","C4072847"
"40915","10847","2","3","12","19","31","1","426","55","78","C4072847"
"40916","133396","2","5","7","53","51","119","25","40","416","C4072848"
"40917","1187","2","5","8","63","45","23","34","464","187","C4072848"
"40918","23780","2","5","7","53","51","342","454","216","290","C4072848"
"40919","3767","2","5","8","63","36","166","106","110","158","C4072848"
"40920","3636","2","3","5","80","14","20","25","40","186","C4072848"
"40921","51715","2","5","7","60","54","24","30","46","72","C4072849"
"40922","175","2","3","7","34","52","216","395","549","674","C4072849"
"40923","1277","2","5","7","53","51","342","454","573","492","C4072849"
"40924","2626","2","3","12","19","31","118","155","287","116","C4072849"
"40925","9420","2","3","5","79","159","256","215","282","366","C4072849"
"40926","9049","2","3","3","41","151","276","378","271","356","C4072849"
"40927","6908","2","3","12","19","31","1","116","159","211","C4072849"
"40928","4038","2","5","7","53","51","342","454","573","492","C4072849"
"40929","4512","2","3","2","48","170","110","141","359","8","C4072849"
"40930","51251","2","3","5","80","81","296","62","94","150","C4072849"
"40931","23064","2","3","6","11","31","261","142","220","664","C4072849"
"40932","4860","2","3","7","34","52","216","395","549","150","C4072849"
"40933","5468","2","3","3","19","151","276","91","433","118","C4072849"
"40934","2072","2","3","12","19","31","261","116","1","86","C4072849"
"40935","5605","2","5","7","53","14","20","34","540","68","C4072849"
"40936","1759","2","5","7","60","14","184","341","544","669","C4072849"
"40937","778","2","5","8","63","36","166","341","223","158","C4072849"
"40938","1401","2","5","7","53","51","119","395","573","492","C4072849"
"40939","8675","2","5","7","60","54","24","98","66","203","C4072849"
"40940","4694","2","3","2","48","170","50","119","444","556","C4072849"
"40941","2812","2","5","7","53","51","342","454","573","492","C4072849"
"40942","3553","2","5","7","53","51","119","25","489","416","C4072849"
"40943","7249","2","3","7","60","57","110","141","359","462","C4072849"
"40944","51360","2","3","3","26","35","276","91","433","203","C4072853"
"40945","2778","2","5","4","68","96","326","427","548","672","C4072853"
"40946","9907","2","3","5","27","142","335","444","560","214","C4072857"
"40947","7124","2","3","12","41","219","339","156","568","697","C4072857"
"40948","6223","2","3","2","110","85","237","433","547","671","C4072857"
"40949","2022","2","5","7","53","51","342","259","423","389","C4072857"
"40950","10630","2","5","7","53","14","20","25","40","186","C4072857"
"40951","9049","2","3","3","41","151","276","378","271","356","C4072858"
"40952","2067","2","3","12","19","31","261","116","1","86","C4072858"
"40953","54361","2","5","3","68","221","197","259","560","422","C4072858"
"40954","8815","2","3","12","22","33","323","66","444","664","C4072858"
"40955","6899","2","5","7","53","184","335","259","560","373","C4072858"
"40956","9759","2","3","12","19","31","276","91","433","118","C4072863"
"40957","9103","2","5","7","53","142","71","341","560","219","C4072863"
"40958","54820","2","3","12","76","153","40","38","54","75","C4072863"
"40959","7827","2","5","7","53","170","335","25","560","373","C4072863"
"40960","29760","2","5","7","53","14","20","25","40","186","C4072863"
"40961","54888","2","3","2","110","85","152","129","252","154","C4072863"
"40962","10459","2","3","12","76","31","261","116","1","86","C4072863"
"40963","5328","2","5","7","34","52","216","395","549","674","C4072863"
"40964","6569","2","3","8","45","94","199","240","415","666","C4072863"
"40965","345","2","5","7","53","51","342","454","573","492","C4072873"
"40966","2736","2","3","12","41","116","321","428","54","667","C4072873"
"40967","6662","2","3","3","19","221","321","428","541","667","C4072873"
"40968","6489","2","3","2","89","124","204","272","347","451","C4072877"
"40969","9420","2","3","5","79","159","256","215","282","366","C4072877"
"40970","23334","2","3","5","48","179","289","133","179","476","C4072878"
"40971","1908","2","5","4","68","96","326","427","548","672","C4072878"
"40972","8220","2","3","2","22","33","323","66","101","136","C4072879"
"40973","887","2","5","4","68","96","326","427","548","672","C4072879"
"40974","2147","2","5","7","68","51","342","454","573","492","C4072879"
"40975","3756","2","5","8","63","36","166","106","110","158","C4072879"
"40976","5982","2","3","12","19","31","261","116","1","86","C4072879"
"40977","3239","2","3","3","19","221","321","428","541","667","C4072879"
"40978","3889","2","1","6","11","142","225","142","220","298","C4072879"
"40979","10262","2","3","2","22","33","323","66","101","136","C4072879"
"40980","1436","2","5","7","53","14","20","25","40","186","C4072879"
"40981","5159","2","5","7","53","14","20","25","40","186","C4072879"
"40982","3783","2","5","8","63","36","166","106","110","158","C4072879"
"40983","4221","2","3","12","19","31","342","454","573","492","C4072879"
"40984","9652","2","3","2","110","85","237","433","547","671","C4072879"
"40985","253017","2","3","2","67","92","29","35","49","174","C4072879"
"40986","9451","2","3","2","110","51","335","226","297","380","C4072879"
"40987","55325","2","5","7","34","181","23","119","544","187","C4072879"
"40988","4041","2","5","3","68","221","197","259","560","422","C4072879"
"40989","5993","2","3","12","19","31","1","426","55","78","C4072879"
"40990","2969","2","3","12","19","31","276","91","433","118","C4072879"
"40991","4998","2","3","12","76","31","261","116","1","86","C4072879"
"40992","1649","2","3","12","19","31","276","91","433","118","C4072879"
"40993","1836","2","3","2","35","41","94","260","330","375","C4072879"
"40994","23522","2","3","12","19","31","1","426","55","78","C4072880"
"40995","3845","2","5","7","60","54","24","30","46","72","C4072880"
"40996","7015","2","3","12","19","31","1","426","55","78","C4072880"
"40997","4485","2","5","7","68","51","119","395","549","674","C4072880"
"40998","4255","2","3","12","19","31","261","116","1","86","C4072880"
"40999","1678","2","3","2","48","170","50","304","167","593","C4072881"
"41000","5192","2","3","5","43","161","305","409","208","482","C4072881"
"41001","8314","2","3","12","41","31","1","426","55","78","C4072881"
"41002","11136","2","3","5","80","94","199","240","415","666","C4072881"
"41003","1906","2","5","4","68","96","326","427","548","672","C4072881"
"41004","3611","2","5","7","53","14","20","103","188","701","C4072884"
"41005","5189","2","3","5","43","161","305","409","208","482","C4072884"
"41006","5213","2","3","2","90","167","266","367","500","577","C4072885"
"41007","60528","2","3","12","22","33","323","66","101","664","C4072885"
"41008","5447","2","3","5","91","214","271","372","471","586","C4072885"
"41009","50814","2","3","2","69","221","73","360","86","119","C4072885"
"41010","54808","2","3","12","76","153","40","38","54","75","C4072897"
"41011","7035","2","5","7","68","51","119","395","549","674","C4072897"
"41012","2643","2","3","5","87","91","75","204","267","352","C4072897"
"41013","6445","2","5","8","63","45","23","103","464","187","C4072928"
"41014","1840","2","3","12","41","124","143","428","236","667","C4072928"
"41015","1278","2","5","7","53","51","342","454","573","492","C4072928"
"41016","3119","2","5","7","53","153","119","156","287","116","C4072928"
"41017","7048","2","5","7","53","51","342","259","423","389","C4072928"
"41018","25953","2","3","2","67","92","293","137","75","664","C4072928"
"41019","2200","2","5","7","53","51","342","454","573","492","C4072980"
"41020","26281","2","5","7","53","14","20","25","40","186","C4072980"
"41021","2719","2","5","7","53","51","342","454","573","492","C4072980"
"41022","7504","2","5","4","68","96","326","427","548","672","C4072980"
"41023","11160","2","3","12","41","116","268","423","536","445","C4072987"
"41024","673","2","5","7","53","14","20","34","540","68","C4072987"
"41025","26119","2","5","7","60","14","184","341","544","669","C4072987"
"41026","2562","2","5","8","27","70","99","162","216","290","C4072987"
"41027","6833","2","5","8","45","36","166","240","415","666","C4072987"
"41028","1786","2","3","12","19","31","1","426","55","78","C4073127"
"41029","6557","2","5","8","45","94","199","240","415","666","C4073127"
"41030","51103","2","3","2","48","170","50","119","444","556","C4073137"
"41031","23474","2","3","12","19","31","1","91","433","118","C4073137"
"41032","6870","2","5","4","68","96","326","427","548","672","C4073137"
"41033","2743","2","5","8","27","70","99","162","216","290","C4073137"
"41034","5727","2","3","12","68","221","197","259","560","422","C4073145"
"41035","6469","2","5","3","53","221","197","259","560","422","C4073145"
"41036","5144","2","3","4","68","96","326","427","548","672","C4073162"
"41037","9056","2","3","8","45","94","199","240","415","666","C4073162"
"41038","2187","2","3","12","19","31","261","116","1","86","C4073168"
"41039","1584","2","3","5","79","159","256","276","353","456","C4073168"
"41040","5728","2","3","5","80","81","339","156","568","605","C4073245"
"41041","2074","2","3","12","19","31","1","426","55","78","C4073245"
"41042","9987","2","3","2","22","33","323","66","101","136","C4073290"
"41043","5265","2","5","7","34","52","216","395","573","702","C4073290"
"41044","1298","2","5","7","53","51","342","454","573","492","C4073290"
"41045","1356","2","3","7","53","51","342","454","573","492","C4073290"
"41046","2720","2","3","7","34","52","216","395","21","599","C4073290"
"41047","11005","2","1","6","11","142","225","142","220","298","C4073291"
"41048","7291","2","3","12","19","151","276","91","489","416","C4073291"
"41049","7124","2","3","12","41","219","339","156","568","697","C4073291"
"41050","55131","2","3","2","110","85","237","433","547","671","C4073291"
"41051","1280","2","5","7","53","51","342","454","573","492","C4073291"
"41052","3356","2","5","4","68","96","326","427","548","672","C4073291"
"41053","779","2","5","8","63","36","166","341","390","158","C4073292"
"41054","8192","2","3","2","48","170","50","119","444","556","C4073292"
"41055","5189","2","3","5","43","161","305","409","208","482","C4073292"
"41056","4668","2","3","5","21","111","188","242","313","396","C4073292"
"41057","26040","2","3","12","19","31","1","116","297","78","C4073292"
"41058","6566","2","3","2","67","37","316","422","535","660","C4073292"
"41059","2263","2","5","7","53","14","20","25","40","186","C4073292"
"41060","5894","2","5","7","60","54","23","34","464","187","C4073292"
"41061","1144","2","5","8","27","70","99","162","216","290","C4073292"
"41062","9742","2","3","12","76","153","40","38","54","75","C4073292"
"41063","8989","2","5","8","63","45","193","306","390","158","C4073292"
"41064","1947","2","5","7","53","51","20","25","560","373","C4073292"
"41065","120892","2","3","2","110","85","28","164","85","522","C4073292"
"41066","4644","2","5","7","60","54","184","141","359","411","C4082168"
"41067","3814","2","5","4","68","96","326","427","548","672","C4082168"
"41068","9640","2","3","12","19","31","261","116","159","211","C4082168"
"41069","2296","2","3","3","19","221","321","428","541","667","C4082168"
"41070","6011","2","5","7","53","14","20","34","540","68","C4082168"
"41071","1967","2","3","2","110","85","237","433","547","671","C4082168"
"41072","3972","2","5","4","68","96","326","427","548","672","C4082169"
"41073","2677","2","5","7","53","51","342","454","573","492","C4082169"
"41074","673","2","5","7","53","14","20","34","540","68","C4082169"
"41075","215","2","3","5","47","144","185","238","310","392","C4082169"
"41076","26123","2","3","2","76","153","40","38","54","75","C4082169"
"41077","367","2","3","12","19","31","276","91","433","118","C4082169"
"41078","27031","2","3","6","11","142","225","38","331","506","C4082169"
"41079","10371","2","5","7","53","51","342","79","560","373","C4082169"
"41080","55084","2","3","12","19","31","261","402","489","215","C4082169"
"41081","1411","2","3","6","63","45","160","362","177","673","C4082169"
"41082","9414","2","5","7","42","36","71","177","223","219","C4082169"
"41083","6774","2","3","12","53","14","276","25","489","416","C4082169"
"41084","3039","2","3","5","35","41","118","155","287","116","C4082169"
"41085","3949","2","5","7","60","14","184","341","544","669","C4082169"
"41086","79728","2","3","12","19","31","261","116","1","86","C4082169"
"41087","3593","2","5","7","53","51","119","25","489","416","C4082169"
"41088","2260","2","5","7","53","14","20","25","40","186","C4082169"
"41089","3815","2","5","7","53","14","20","25","40","186","C4082169"
"41090","2099","2","3","12","19","151","276","91","433","118","C4082169"
"41091","5894","2","5","7","60","54","23","34","464","187","C4082169"
"41092","1760","2","5","8","63","14","20","34","540","68","C4082169"
"41093","2542","2","3","5","80","81","296","399","500","577","C4082169"
"41094","9915","2","3","3","27","151","276","91","433","118","C4082169"
"41095","3973","2","5","4","68","96","326","427","548","672","C4082169"
"41096","1277","2","5","7","53","51","342","454","573","492","C4082173"
"41097","4514","2","3","2","48","57","110","141","359","5","C4082173"
"41098","3053","2","5","7","53","51","342","454","573","492","C4082173"
"41099","5828","2","3","5","43","161","305","409","208","482","C4082173"
"41100","2253","2","5","7","53","14","20","25","40","186","C4082173"
"41101","2187","2","3","12","19","31","261","116","1","86","C4082173"
"41102","23169","2","3","2","78","205","112","430","429","544","C4082173"
"41103","26040","2","3","12","19","31","1","116","297","78","C4082173"
"41104","710","2","5","7","53","51","342","454","573","702","C4082173"
"41105","7227","2","3","12","19","31","276","91","433","118","C4082173"
"41106","4282","2","5","7","34","52","216","395","549","674","C4082173"
"41107","846","2","5","4","68","96","326","427","548","672","C4082173"
"41108","5728","2","3","5","80","81","339","156","568","605","C4082173"
"41109","1297","2","5","7","53","51","342","454","573","492","C4082173"
"41110","196","2","3","3","19","151","276","91","433","118","C4082173"
"41111","4729","2","3","2","48","170","50","119","444","556","C4082173"
"41112","10617","2","3","12","48","57","110","141","359","462","C4082173"
"41113","3251","2","3","4","68","96","326","427","341","150","C4082299"
"41114","25836","2","3","12","76","153","40","38","54","75","C4082299"
"41115","2798","2","5","4","68","96","326","427","548","672","C4082299"
"41116","4893","2","5","7","34","52","24","30","46","72","C4082299"
"41117","5159","2","5","7","53","14","20","25","40","186","C4082299"
"41118","7018","2","5","7","53","51","342","454","573","669","C4082299"
"41119","3636","2","3","5","80","14","20","25","40","186","C4082299"
"41120","7415","2","3","7","34","52","216","395","536","445","C4082299"
"41121","7072","2","3","2","22","33","323","66","101","136","C4082299"
"41122","2908","2","3","12","19","151","276","91","433","118","C4082299"
"41123","23405","2","3","2","22","33","323","66","146","194","C4082299"
"41124","5663","2","5","7","34","52","216","395","549","667","C4082299"
"41125","9401","2","3","12","76","31","261","116","1","86","C4082299"
"41126","7010","2","5","7","53","14","20","25","40","186","C4082299"
"41127","3663","2","3","12","53","184","119","156","287","116","C4082299"
"41128","356","2","5","7","53","219","339","25","489","697","C4082299"
"41129","5159","2","5","7","53","14","20","25","40","186","C4082299"
"41130","10395","2","5","7","60","54","24","30","46","72","C4082299"
"41131","4312","2","5","7","53","51","342","454","573","492","C4082299"
"41132","2273","2","5","8","63","45","23","103","464","187","C4082304"
"41133","4864","2","3","5","48","152","184","341","544","669","C4082304"
"41134","2033","2","3","12","19","31","1","91","433","118","C4082304"
"41135","6689","2","3","12","19","31","276","91","433","118","C4082304"
"41136","23096","2","5","7","60","54","24","30","46","72","C4082304"
"41137","627","2","5","7","53","51","335","444","423","373","C4082304"
"41138","257","2","3","3","19","221","321","428","541","667","C4082304"
"41139","857","2","5","7","53","45","23","57","83","422","C4082304"
"41140","2006","2","5","7","53","51","342","454","573","492","C4082304"
"41141","2556","2","5","8","27","70","99","162","216","290","C4082304"
"41142","5979","2","5","7","53","14","20","25","40","186","C4082304"
"41143","549","2","3","5","80","81","166","114","155","202","C4082304"
"41144","10484","2","3","7","60","153","40","38","54","203","C4082304"
"41145","5605","2","5","7","53","14","20","34","540","68","C4082304"
"41146","8195","2","3","12","76","153","76","38","54","75","C4082304"
"41147","3845","2","5","7","60","54","24","30","46","72","C4082304"
"41148","3084","2","5","7","53","14","20","25","40","186","C4082304"
"41149","9469","2","3","2","103","189","303","29","475","467","C4082304"
"41150","1410","2","3","12","63","45","23","38","54","187","C4082304"
"41151","4221","2","3","12","19","31","342","454","573","492","C4082304"
"41152","5922","2","5","7","60","54","24","30","46","72","C4082304"
"41153","4627","2","5","7","63","45","184","103","572","658","C4082304"
"41154","2334","2","5","7","53","14","20","25","40","186","C4082304"
"41155","6492","2","3","3","19","151","276","91","433","118","C4082304"
"41156","19","2","3","3","19","151","276","91","433","118","C4082764"
"41157","55325","2","5","7","34","181","23","119","544","187","C4082764"
"41158","28514","2","5","7","53","51","143","428","236","667","C4082764"
"41159","2332","2","3","2","22","33","71","373","466","609","C4082764"
"41160","6647","2","3","2","95","2","342","378","173","702","C4083046"
"41161","356","2","5","7","53","219","339","25","489","697","C4083046"
"41162","10300","2","3","12","76","153","40","38","54","75","C4083046"
"41163","2184","2","3","5","76","153","138","236","332","407","C4083048"
"41164","9966","2","5","12","41","219","339","156","568","697","C4083048"
"41165","9469","2","3","2","103","189","303","29","475","467","C4083050"
"41166","355","2","3","7","41","219","339","156","568","697","C4083050"
"41167","3211","2","3","3","19","221","321","428","541","667","C4083050"
"41168","4204","2","3","12","19","31","1","426","55","78","C4083050"
"41169","58","2","5","8","63","45","23","103","464","187","C4083050"
"41170","10165","2","3","2","48","170","50","304","167","593","C4083050"
"41171","2657","2","5","7","53","51","342","259","423","389","C4083050"
"41172","1041","2","1","6","11","142","225","142","220","298","C4083050"
"41173","51085","2","3","2","48","57","110","141","359","462","C4083050"
"41174","30008","2","5","7","53","51","342","454","573","492","C4083050"
"41175","348","2","5","7","53","51","342","454","573","492","C4083050"
"41176","10084","2","3","2","22","33","323","66","101","136","C4083050"
"41177","547","2","3","7","76","153","40","38","54","75","C4083050"
"41178","10479","2","5","7","27","36","150","341","223","628","C4083050"
"41179","8518","2","3","12","19","31","1","426","55","78","C4083050"
"41180","6326","2","5","8","63","36","166","341","390","158","C4083050"
"41181","55636","2","3","3","19","221","321","428","423","389","C4083050"
"41182","4210","2","3","12","41","219","339","156","568","697","C4083050"
"41183","6664","2","3","3","19","221","321","428","541","667","C4083050"
"41184","2253","2","5","7","53","14","20","25","40","186","C4083050"
"41185","51360","2","3","3","26","35","276","91","433","203","C4083050"
"41186","7879","2","5","7","34","54","24","30","46","72","C4083212"
"41187","2177","2","3","2","110","90","261","431","545","443","C4083212"
"41188","54714","2","5","8","63","36","166","106","110","158","C4083212"
"41189","25978","2","3","2","48","57","110","141","359","462","C4225426"
"41190","4854","2","5","7","53","51","143","428","236","667","C4225426"
"41191","5896","2","3","12","41","116","268","434","568","605","C4225426"
"41192","5727","2","3","12","68","221","197","259","560","422","C4225426"
"41193","6911","2","5","6","19","142","335","259","560","373","C4225427"
"41194","6926","2","5","7","53","51","335","259","560","373","C4225427"
"41195","6910","2","3","12","19","51","335","444","560","373","C4225429"
"41196","5290","2","3","7","53","14","20","25","40","186","C4225429"
"41197","1029","2","3","12","19","31","1","116","1","664","C4225429"
"41198","2261","2","5","7","53","14","20","25","40","186","C4225669"
"41199","4001","2","3","12","76","31","40","38","54","75","C4225669"
"41200","1280","2","5","7","53","51","342","454","573","492","C4228227"
"41201","8915","2","3","12","41","219","339","156","568","697","C4228227"
"41202","1280","2","5","7","53","51","342","454","573","492","C4228227"
"41203","4292","2","3","12","19","31","261","116","1","86","C4228227"
"41204","4860","2","3","7","34","52","216","395","549","150","C4228227"
"41205","6197","2","3","12","19","14","20","34","540","68","C4228227"
"41206","59341","2","5","8","63","45","193","306","390","158","C4228227"
"41207","5903","2","3","12","22","33","323","66","101","664","C4228227"
"41208","80271","2","3","2","18","16","83","99","177","191","C4228227"
"41209","2896","2","5","7","34","52","216","395","549","674","C4228227"
"41210","1956","2","5","7","53","14","184","45","544","669","C4228227"
"41211","4352","2","5","7","53","14","20","25","40","186","C4228227"
"41212","5595","2","3","7","53","14","20","34","540","68","C4228227"
"41213","760","2","3","5","35","41","77","40","78","178","C4228933"
"41214","1290","2","5","7","53","51","342","454","573","492","C4228933"
"41215","1294","2","5","7","53","51","342","454","573","492","C4228933"
"41216","5908","2","5","7","34","52","216","30","46","72","C4228933"
"41217","3440","2","3","12","19","184","118","155","287","116","C4228933"
"41218","55636","2","3","3","19","221","321","428","423","389","C4229090"
"41219","4519","2","3","2","48","170","50","119","508","312","C4229090"
"41220","3481","2","5","7","53","51","342","454","573","492","C4229090"
"41221","883","2","3","5","80","81","189","182","509","290","C4229090"
"41222","2261","2","5","7","53","14","20","25","40","186","C4255098"
"41223","183","2","5","4","68","96","326","427","548","672","C4255098"
"41224","158","2","3","4","96","177","61","373","341","142","C4255098"
"41225","551","2","5","4","68","96","326","427","548","672","C4273730"
"41226","1728","2","3","2","41","116","268","434","568","605","C4273730"
"41227","3000","2","5","4","68","96","326","427","548","672","C4273730"
"41228","579","2","3","3","19","221","321","428","541","667","C4273730"
"41229","1836","2","3","2","35","41","94","260","330","375","C4273730"
"41230","3748","2","5","8","63","36","166","106","110","158","C4274077"
"41231","4920","2","5","7","53","14","20","259","560","373","C4274077"
"41232","7469","2","3","12","19","31","261","116","159","211","C4274118"
"41233","4221","2","3","12","19","31","342","454","573","492","C4274118"
"41234","4609","2","3","12","19","31","1","160","107","416","C4274118"
"41235","3240","2","5","7","34","52","216","395","549","674","C4274118"
"41236","4099","2","5","7","27","51","150","444","223","628","C4274324"
"41237","3081","2","3","2","91","51","3","267","308","429","C4274324"
"41238","2189","2","3","12","19","31","261","116","1","86","C4274324"
"41239","7056","2","5","7","53","51","119","454","573","492","C4274354"
"41240","387","2","5","7","60","54","24","30","46","72","C4274354"
"41241","23363","2","3","12","41","116","268","434","468","213","C4274354"
"41242","1440","2","5","7","53","51","119","25","489","416","C4274354"
"41243","23554","2","5","3","68","221","197","259","518","492","C4274355"
"41244","4352","2","5","7","53","14","20","25","40","186","C4274355"
"41245","2260","2","5","7","53","14","20","25","40","186","C4274355"
"41246","5828","2","3","5","43","161","305","409","208","482","C4274355"
"41247","3730","2","5","7","53","14","20","25","40","186","C4274355"
"41248","2778","2","5","4","68","96","326","427","548","672","C4274355"
"41249","6390","2","3","2","48","170","50","119","444","556","C4274355"
"41250","5644","2","5","7","68","51","119","395","549","674","C4275179"
"41251","440","2","3","2","101","62","189","182","509","154","C4275179"
"41252","4683","2","3","12","19","31","261","116","1","86","C4275179"
"41253","4902","2","5","7","53","14","20","25","40","186","C4275179"
"41254","25782","2","5","7","60","54","24","30","46","72","C4275179"
"41255","2200","2","5","7","53","51","342","454","573","492","C4275179"
"41256","930","2","5","7","53","14","119","25","40","186","C4275179"
"41257","54361","2","5","3","68","221","197","259","560","422","C4275179"
"41258","2625","2","3","12","19","31","339","155","287","116","C4275179"
"41259","8626","2","3","3","19","221","321","428","541","667","C4275179"
"41260","7471","2","5","3","68","221","197","259","560","422","C4280251"
"41261","2645","2","3","2","90","167","266","367","101","664","C4280251"
"41262","60","2","3","12","60","45","184","155","287","78","C4280251"
"41263","5982","2","3","12","19","31","261","116","1","86","C4280251"
"41264","5949","2","3","2","69","83","101","126","170","224","C4280251"
"41265","443","2","3","5","80","81","189","182","509","409","C4280251"
"41266","6663","2","3","3","19","221","321","428","541","667","C4280252"
"41267","359","2","3","5","80","81","166","397","374","486","C4280252"
"41268","8517","2","3","12","41","219","339","156","568","697","C4280252"
"41269","9790","2","3","2","110","85","237","433","547","671","C4280253"
"41270","118856","2","5","7","53","51","342","454","573","492","C4280253"
"41271","1001","2","5","7","53","51","335","444","560","373","C4280258"
"41272","5444","2","3","5","80","147","236","328","411","229","C4280258"
"41273","4548","2","3","2","15","85","105","139","186","245","C4280258"
"41274","8022","2","3","3","110","85","321","428","541","667","C4280258"
"41275","2290","2","3","3","19","221","321","428","541","667","C4280258"
"41276","3930","2","3","2","22","33","323","66","3","464","C4280261"
"41277","3909","2","5","7","53","51","342","454","573","492","C4280261"
"41278","1954","2","5","7","53","51","342","454","573","492","C4280261"
"41279","10577","2","5","7","34","52","216","395","549","674","C4280262"
"41280","421","2","5","7","42","51","335","444","560","373","C4280262"
"41281","9632","2","3","7","60","153","40","38","54","203","C4280262"
"41282","5332","2","3","4","68","96","326","427","548","672","C4280262"
"41283","3417","2","3","7","34","52","216","395","549","319","C4280262"
"41284","6908","2","3","12","19","31","1","116","159","211","C4280262"
"41285","2074","2","3","12","19","31","1","426","55","78","C4280262"
"41286","6635","2","3","2","22","33","323","66","101","136","C4280262"
"41287","4893","2","5","7","34","52","24","30","46","72","C4280262"
"41288","1146","2","5","8","27","70","99","162","216","290","C4280262"
"41289","150","2","5","4","68","96","326","427","548","672","C4280262"
"41290","1499","2","3","12","19","221","197","259","560","422","C4280262"
"41291","940","2","5","7","53","14","20","25","40","186","C4280262"
"41292","3265","2","5","7","60","54","24","30","46","72","C4280262"
"41293","4952","2","3","5","60","54","184","30","544","669","C4280262"
"41294","4763","2","5","7","60","54","24","30","46","214","C4280262"
"41295","26090","2","3","2","80","81","166","397","361","466","C4280262"
"41296","22995","2","3","12","76","153","40","38","54","75","C4280262"
"41297","3479","2","5","7","53","51","342","454","573","492","C4280262"
"41298","3930","2","3","2","22","33","323","66","3","464","C4280262"
"41299","8626","2","3","3","19","221","321","428","541","667","C4280262"
"41300","1075","2","5","7","34","52","216","395","549","674","C4280262"
"41301","51135","2","3","12","53","219","20","156","568","697","C4280262"
"41302","1146","2","5","8","27","70","99","162","216","290","C4280262"
"41303","1277","2","5","7","53","51","342","454","573","492","C4280262"
"41304","1663","2","3","12","76","105","178","226","297","380","C4280262"
"41305","7291","2","3","12","19","151","276","91","489","416","C4280262"
"41306","8328","2","3","12","19","31","1","426","55","78","C4280262"
"41307","2122","2","3","12","19","31","1","426","55","78","C4280262"
"41308","7841","2","3","2","41","116","178","423","536","445","C4280262"
"41309","715","2","5","7","53","51","119","395","549","674","C4280262"
"41310","2629","2","3","5","80","81","250","291","152","420","C4280263"
"41311","4068","2","5","7","53","51","119","25","549","674","C4280263"
"41312","9049","2","3","3","41","151","276","378","271","356","C4280263"
"41313","2194","2","3","2","41","219","64","347","2","561","C4280264"
"41314","1482","2","3","3","19","221","321","428","541","667","C4280264"
"41315","8910","2","5","8","63","45","23","103","464","187","C4280264"
"41316","9533","2","3","2","19","31","1","426","55","78","C4280264"
"41317","3576","2","5","4","68","96","326","427","548","672","C4280267"
"41318","23431","2","5","7","60","18","184","341","544","669","C4280267"
"41319","10269","2","3","2","48","182","50","119","444","556","C4280268"
"41320","6390","2","3","2","48","170","50","119","444","556","C4280268"
"41321","8822","2","5","7","53","14","20","25","40","186","C4280268"
"41322","4352","2","5","7","53","14","20","25","40","186","C4280268"
"41323","1080","2","3","12","41","219","339","156","544","669","C4280269"
"41324","9901","2","5","7","60","54","24","30","46","72","C4280269"
"41325","217","2","3","5","75","120","200","75","230","309","C4280269"
"41326","9723","2","5","7","53","51","342","79","560","373","C4280269"
"41327","4629","2","5","8","63","45","23","103","464","187","C4280269"
"41328","4548","2","3","2","15","85","105","139","186","245","C4280269"
"41329","4514","2","3","2","48","57","110","141","359","5","C4280269"
"41330","3835","2","3","12","76","153","40","38","54","75","C4280269"
"41331","4982","2","5","12","41","219","339","156","568","697","C4280269"
"41332","2109","2","3","2","48","170","50","119","444","556","C4280269"
"41333","9871","2","3","7","60","153","40","38","54","203","C4280269"
"41334","190","2","3","3","19","151","276","91","433","118","C4280269"
"41335","5428","2","3","2","48","170","50","119","167","593","C4280269"
"41336","5551","2","5","7","53","51","119","395","549","674","C4280269"
"41337","3848","2","5","7","34","52","225","142","220","298","C4280269"
"41338","1130","2","5","7","60","54","326","141","359","462","C4280269"
"41339","1387","2","3","12","19","31","276","91","433","118","C4280269"
"41340","58","2","5","8","63","45","23","103","464","187","C4280269"
"41341","7369","2","5","7","53","51","119","395","549","674","C4280269"
"41342","1146","2","5","8","27","70","99","162","216","290","C4280269"
"41343","2720","2","3","7","34","52","216","395","21","599","C4280269"
"41344","4137","2","3","7","27","36","150","341","223","628","C4280269"
"41345","554","2","5","4","68","96","326","427","548","672","C4280269"
"41346","2796","2","5","4","68","96","326","427","548","672","C4280269"
"41347","5885","2","3","12","76","153","40","38","54","75","C4280269"
"41348","4893","2","5","7","34","52","24","30","46","72","C4280269"
"41349","7097","2","5","7","34","52","216","395","549","674","C4280269"
"41350","1311","2","5","7","53","51","342","454","573","492","C4280269"
"41351","5663","2","5","7","34","52","216","395","549","667","C4280288"
"41352","4878","2","3","12","19","31","1","426","55","78","C4280288"
"41353","7461","2","3","7","60","153","40","38","93","75","C4280288"
"41354","9241","2","5","7","53","51","342","259","423","389","C4280288"
"41355","25782","2","5","7","60","54","24","30","46","72","C4280288"
"41356","2956","2","3","12","19","31","261","116","1","86","C4280289"
"41357","2746","2","3","2","110","62","189","182","509","356","C4280289"
"41358","7957","2","3","5","42","81","296","399","201","274","C4280333"
"41359","6678","2","5","7","53","51","342","454","573","492","C4280333"
"41360","1813","2","5","4","68","96","326","427","548","672","C4280333"
"41361","1380","2","5","7","53","51","119","395","549","674","C4280333"
"41362","7253","2","5","4","68","96","326","427","548","672","C4280333"
"41363","2720","2","3","7","34","52","216","395","21","599","C4280333"
"41364","1759","2","5","7","60","14","184","341","544","669","C4280333"
"41365","3784","2","5","8","63","36","166","106","110","158","C4280333"
"41366","1536","2","5","7","34","52","216","395","549","674","C4280333"
"41367","23529","2","5","7","53","51","119","25","40","416","C4280333"
"41368","1280","2","5","7","53","51","342","454","573","492","C4280333"
"41369","547","2","3","7","76","153","40","38","54","75","C4280333"
"41370","8647","2","3","5","46","158","252","352","449","563","C4280333"
"41371","6346","2","5","4","68","96","326","427","548","672","C4280333"
"41372","5625","2","3","2","101","103","177","225","271","356","C4280333"
"41373","1340","2","3","2","48","170","50","141","359","462","C4280333"
"41374","54332","2","3","2","60","170","40","98","66","203","C4280333"
"41375","8200","2","5","7","53","51","342","259","423","389","C4280333"
"41376","8772","2","3","12","41","219","339","156","568","697","C4280333"
"41377","7555","2","3","2","110","85","237","433","547","671","C4280333"
"41378","4337","2","3","2","80","91","75","204","267","352","C4280333"
"41379","80332","2","5","7","53","51","342","454","573","492","C4280333"
"41380","5832","2","3","2","101","62","189","182","509","252","C4280335"
"41381","1813","2","5","4","68","96","326","427","548","672","C4280335"
"41382","10312","2","3","7","34","52","216","395","549","674","C4280335"
"41383","7291","2","3","12","19","151","276","91","489","416","C4280341"
"41384","3119","2","5","7","53","153","119","156","287","116","C4280341"
"41385","5580","2","5","7","34","52","216","395","287","116","C4280341"
"41386","2218","2","5","2","53","123","194","255","560","373","C4280341"
"41387","1027","2","3","12","19","31","1","116","1","86","C4280341"
"41388","6813","2","5","7","53","51","342","454","573","702","C4280341"
"41389","57654","2","3","12","19","31","261","116","1","86","C4280342"
"41390","23479","2","3","2","48","170","50","119","100","556","C4280342"
"41391","9927","2","3","12","19","31","118","155","287","116","C4280342"
"41392","9627","2","3","12","19","31","1","426","55","78","C4280342"
"41393","7010","2","5","7","53","14","20","25","40","186","C4280342"
"41394","3295","2","3","5","43","161","305","409","208","482","C4280342"
"41395","5244","2","3","3","41","151","276","91","433","118","C4280363"
"41396","5781","2","5","7","53","14","20","25","40","186","C4280363"
"41397","5447","2","3","5","91","214","271","372","471","586","C4280363"
"41398","25836","2","3","12","76","153","40","38","54","75","C4280363"
"41399","5155","2","5","7","53","51","342","454","573","186","C4280365"
"41400","1294","2","5","7","53","51","342","454","573","492","C4280365"
"41401","8842","2","5","5","53","82","147","184","179","328","C4280365"
"41402","215","2","3","5","47","144","185","238","310","392","C4280365"
"41403","2074","2","3","12","19","31","1","426","55","78","C4280367"
"41404","1605","2","5","7","53","51","342","454","573","492","C4280367"
"41405","2188","2","3","12","19","31","261","116","1","86","C4280367"
"41406","23384","2","3","12","63","45","184","103","572","658","C4280368"
"41407","1760","2","5","8","63","14","20","34","540","68","C4280368"
"41408","30062","2","3","3","19","221","321","428","541","667","C4280368"
"41409","1027","2","3","12","19","31","1","116","1","86","C4280368"
"41410","2984","2","3","4","68","96","326","427","548","672","C4280368"
"41411","3845","2","5","7","60","54","24","30","46","72","C4280368"
"41412","23064","2","3","6","11","31","261","142","220","664","C4280368"
"41413","27445","2","5","7","60","36","71","341","223","624","C4280368"
"41414","5994","2","3","12","19","31","276","91","491","118","C4280368"
"41415","8516","2","5","7","53","51","342","454","573","492","C4280368"
"41416","9719","2","5","7","53","51","342","454","573","492","C4280368"
"41417","2314","2","3","12","63","45","184","103","572","658","C4280368"
"41418","9569","2","3","12","19","31","276","91","433","118","C4280368"
"41419","51164","2","3","7","76","153","40","38","54","75","C4280368"
"41420","2176","2","3","12","19","31","261","116","1","86","C4280368"
"41421","7468","2","3","12","19","31","1","426","55","78","C4280368"
"41422","6576","2","3","2","45","94","199","240","569","666","C4280368"
"41423","26227","2","3","2","41","137","44","208","81","108","C4280368"
"41424","9657","2","3","12","76","153","40","38","54","75","C4280368"
"41425","3094","2","3","2","48","170","266","367","500","78","C4280368"
"41426","51010","2","3","2","110","85","237","433","547","671","C4280368"
"41427","8625","2","3","12","19","31","276","91","236","118","C4280368"
"41428","163223","2","4","3","24","119","330","214","454","144","C4280369"
"41429","650","2","5","7","53","51","342","259","423","389","C4280369"
"41430","2052","2","3","5","91","130","114","290","367","475","C4280369"
"41431","3848","2","5","7","34","52","225","142","220","298","C4280369"
"41432","26160","2","3","12","76","153","40","38","54","75","C4280369"
"41433","3763","2","5","8","63","36","166","106","110","158","C4280369"
"41434","2719","2","5","7","53","51","342","454","573","492","C4280369"
"41435","9782","2","3","2","22","33","323","66","101","136","C4280369"
"41436","1317","2","3","7","25","44","165","101","274","358","C4280369"
"41437","2736","2","3","12","41","116","321","428","54","667","C4280369"
"41438","4635","2","5","8","63","45","23","103","464","187","C4280369"
"41439","359","2","3","5","80","81","166","397","374","486","C4280369"
"41440","6444","2","5","8","63","45","23","103","464","187","C4280369"
"41441","8481","2","3","12","76","153","40","38","54","75","C4280369"
"41442","846","2","5","4","68","96","326","427","548","672","C4280369"
"41443","3767","2","5","8","63","36","166","106","110","158","C4280369"
"41444","5550","2","3","2","68","96","326","427","548","672","C4280369"
"41445","3981","2","3","12","19","31","261","116","1","86","C4280369"
"41446","7248","2","3","2","48","57","110","141","359","462","C4280369"
"41447","9096","2","5","7","53","51","335","259","560","373","C4280369"
"41448","7337","2","3","12","41","116","268","434","468","213","C4280369"
"41449","55636","2","3","3","19","221","321","428","423","389","C4280369"
"41450","10269","2","3","2","48","182","50","119","444","556","C4280370"
"41451","6785","2","3","5","67","7","5","239","311","393","C4280370"
"41452","3507","2","5","7","53","51","119","395","549","674","C4280370"
"41453","79581","2","3","5","38","134","174","476","178","237","C4280370"
"41454","10000","2","5","7","53","14","20","34","540","68","C4280370"
"41455","54795","2","5","8","63","45","193","306","390","158","C4280370"
"41456","51715","2","5","7","60","54","24","30","46","72","C4280370"
"41457","7040","2","5","7","53","51","342","454","573","492","C4280370"
"41458","2629","2","3","5","80","81","250","291","152","420","C4280370"
"41459","54585","2","3","12","76","153","76","38","54","75","C4280370"
"41460","27089","2","3","2","48","170","50","119","444","542","C4280370"
"41461","4893","2","5","7","34","52","24","30","46","72","C4280370"
"41462","9869","2","3","12","19","31","1","426","55","78","C4280370"
"41463","6689","2","3","12","19","31","276","91","433","118","C4280370"
"41464","3236","2","3","3","19","221","321","428","541","667","C4280370"
"41465","4072","2","5","7","53","51","119","454","573","492","C4280370"
"41466","5727","2","3","12","68","221","197","259","560","422","C4280370"
"41467","2697","2","3","7","76","153","40","38","54","75","C4280370"
"41468","4860","2","3","7","34","52","216","395","549","150","C4280370"
"41469","355","2","3","7","41","219","339","156","568","697","C4280370"
"41470","9517","2","3","2","50","47","39","100","321","638","C4280370"
"41471","22978","2","3","5","80","81","296","373","341","150","C4280370"
"41472","9419","2","5","7","60","36","71","341","223","219","C4280374"
"41473","10892","2","5","7","53","219","119","156","568","697","C4280374"
"41474","9949","2","3","2","22","33","225","142","220","298","C4280374"
"41475","6905","2","3","12","76","153","40","38","54","75","C4280374"
"41476","8701","2","3","12","76","153","40","38","54","75","C4280378"
"41477","3590","2","5","7","53","51","119","25","40","416","C4280378"
"41478","5573","2","3","12","19","184","118","155","287","116","C4280380"
"41479","2099","2","3","12","19","151","276","91","433","118","C4280380"
"41480","271","2","3","5","33","6","241","233","304","386","C4280380"
"41481","4041","2","5","3","68","221","197","259","560","422","C4280380"
"41482","6390","2","3","2","48","170","50","119","444","556","C4280380"
"41483","2778","2","5","4","68","96","326","427","548","672","C4280380"
"41484","8639","2","3","5","80","81","114","290","367","475","C4280380"
"41485","4000","2","3","12","26","105","178","226","297","156","C4280380"
"41486","9094","2","5","7","27","36","150","341","331","624","C4280380"
"41487","3689","2","5","7","34","52","216","395","549","674","C4280391"
"41488","2817","2","5","7","53","51","342","454","573","492","C4280391"
"41489","2200","2","5","7","53","51","342","454","573","492","C4280392"
"41490","973","2","5","7","53","14","20","25","40","186","C4280392"
"41491","1026","2","3","12","19","31","1","116","489","416","C4280392"
"41492","10194","2","5","7","53","221","321","259","423","389","C4280392"
"41493","8216","2","3","12","41","119","330","214","454","144","C4280392"
"41494","2697","2","3","7","76","153","40","38","54","75","C4280395"
"41495","30008","2","5","7","53","51","342","454","573","492","C4280395"
"41496","1917","2","3","12","41","219","339","347","572","658","C4280395"
"41497","1583","2","3","5","79","152","273","375","100","589","C4280395"
"41498","1136","2","5","8","27","70","99","162","216","290","C4280401"
"41499","3880","2","1","6","11","142","225","142","220","298","C4280401"
"41500","2317","2","5","7","63","45","23","103","287","664","C4280401"
"41501","10491","2","5","7","53","51","342","454","573","492","C4280402"
"41502","440275","2","3","2","110","85","237","433","547","671","C4280402"
"41503","10008","2","5","8","63","36","166","341","223","158","C4280402"
"41504","2623","2","3","12","19","31","1","155","287","116","C4280411"
"41505","1301","2","5","7","53","51","342","454","573","492","C4280411"
"41506","4853","2","3","12","19","124","143","428","236","667","C4280411"
"41507","4313","2","5","7","53","51","342","454","573","492","C4280417"
"41508","9820","2","3","12","41","116","268","434","468","213","C4280417"
"41509","3914","2","5","7","53","51","342","454","573","492","C4280418"
"41510","7443","2","3","12","19","31","261","34","540","68","C4280418"
"41511","3848","2","5","7","34","52","225","142","220","298","C4280421"
"41512","1145","2","5","8","27","70","99","162","216","290","C4280421"
"41513","3981","2","3","12","19","31","261","116","1","86","C4280421"
"41514","3845","2","5","7","60","54","24","30","46","72","C4280421"
"41515","4990","2","3","3","19","221","321","428","541","667","C4280421"
"41516","4868","2","5","7","53","51","335","25","560","373","C4280422"
"41517","59344","2","5","5","68","184","223","155","447","586","C4280422"
"41518","27286","2","5","7","53","51","342","444","560","492","C4280422"
"41519","4758","2","3","7","34","52","216","395","549","517","C4280422"
"41520","219844","2","3","5","60","18","184","356","544","669","C4280422"
"41521","7319","2","3","12","41","116","268","434","468","213","C4280423"
"41522","2623","2","3","12","19","31","1","155","287","116","C4280423"
"41523","6283","2","5","7","34","52","216","395","549","674","C4280424"
"41524","23630","2","5","8","63","36","166","106","110","158","C4280424"
"41525","1896","2","5","12","41","219","339","156","568","697","C4280425"
"41526","111","2","5","4","68","96","326","427","548","672","C4280425"
"41527","81624","2","3","12","76","153","40","38","54","75","C4280426"
"41528","94","2","5","7","53","51","342","259","423","389","C4280426"
"41529","23394","2","3","12","19","31","335","444","236","373","C4280427"
"41530","26608","2","3","2","22","170","50","119","463","153","C4280427"
"41531","2563","2","5","8","27","70","99","162","216","290","C4280428"
"41532","7373","2","5","7","53","51","342","454","573","492","C4280428"
"41533","6899","2","5","7","53","184","335","259","560","373","C4280429"
"41534","1493","2","5","7","53","51","119","25","40","186","C4280429"
"41535","2260","2","5","7","53","14","20","25","40","186","C4280430"
"41536","1230","2","5","4","68","96","326","427","548","672","C4280430"
"41537","5602","2","3","12","19","14","150","34","540","68","C4280431"
"41538","3914","2","5","7","53","51","342","454","573","492","C4280431"
"41539","1075","2","5","7","34","52","216","395","549","674","C4280432"
"41540","4853","2","3","12","19","124","143","428","236","667","C4280432"
"41541","56623","2","3","5","80","81","296","118","543","214","C4280433"
"41542","54840","2","3","12","19","31","261","116","1","86","C4280433"
"41543","4000","2","3","12","26","105","178","226","297","156","C4280434"
"41544","7051","2","1","6","11","142","225","142","220","298","C4280434"
"41545","6567","2","5","8","35","41","77","40","57","80","C4280435"
"41546","9197","2","3","2","67","92","293","55","75","311","C4280435"
"41547","10599","2","3","8","35","41","77","40","57","80","C4280436"
"41548","5631","2","3","2","72","119","109","266","336","452","C4280436"
"41549","6340","2","5","8","63","45","23","34","464","187","C4280437"
"41550","547","2","3","7","76","153","40","38","54","75","C4280437"
"41551","25978","2","3","2","48","57","110","141","359","462","C4280443"
"41552","5096","2","3","2","48","40","130","166","127","173","C4280443"
"41553","4548","2","3","2","15","85","105","139","186","245","C4280443"
"41554","54209","2","5","7","53","51","119","395","549","674","C4280443"
"41555","1565","2","3","5","91","214","226","326","413","530","C4280444"
"41556","23767","2","5","7","53","14","20","25","40","186","C4280444"
"41557","2677","2","5","7","53","51","342","454","573","492","C4280460"
"41558","1760","2","5","8","63","14","20","34","540","68","C4280460"
"41559","26229","2","3","2","74","205","191","396","408","257","C4280461"
"41560","6647","2","3","2","95","2","342","378","173","702","C4280461"
"41561","5831","2","3","2","101","62","189","182","566","409","C4280476"
"41562","54808","2","3","12","76","153","40","38","54","75","C4280476"
"41563","1947","2","5","7","53","51","20","25","560","373","C4280476"
"41564","10002","2","3","3","19","151","276","91","433","118","C4280476"
"41565","54209","2","5","7","53","51","119","395","549","674","C4280476"
"41566","1080","2","3","12","41","219","339","156","544","669","C4280482"
"41567","51062","2","5","7","27","36","150","402","489","373","C4280482"
"41568","51715","2","5","7","60","54","24","30","46","72","C4280482"
"41569","23418","2","5","7","53","36","71","177","560","373","C4280482"
"41570","6648","2","3","2","95","151","160","378","173","229","C4280482"
"41571","7545","2","5","3","34","52","216","142","220","298","C4280482"
"41572","1021","2","3","12","19","31","1","426","55","78","C4280482"
"41573","1134","2","5","8","27","70","99","162","216","290","C4280482"
"41574","10683","2","5","7","53","51","143","428","560","667","C4280482"
"41575","5949","2","3","2","69","83","101","126","170","224","C4280482"
"41576","3257","2","5","7","60","54","24","30","46","72","C4280482"
"41577","2100","2","3","3","19","151","276","91","433","118","C4280482"
"41578","7287","2","5","7","11","142","71","341","560","219","C4280482"
"41579","1815","2","5","4","68","96","326","427","548","672","C4280482"
"41580","3043","2","5","7","34","52","216","395","549","116","C4280482"
"41581","25836","2","3","12","76","153","40","38","54","75","C4280482"
"41582","7276","2","5","7","34","52","216","395","549","674","C4280482"
"41583","2629","2","3","5","80","81","250","291","152","420","C4280482"
"41584","2812","2","5","7","53","51","342","454","573","492","C4280482"
"41585","2706","2","3","12","76","153","40","38","54","75","C4280482"
"41586","427","2","3","7","34","52","216","395","549","420","C4280482"
"41587","7299","2","3","5","23","18","138","250","332","407","C4280482"
"41588","79583","2","5","8","27","70","99","38","54","75","C4280482"
"41589","440275","2","3","2","110","85","237","433","547","671","C4280482"
"41590","8893","2","3","2","110","85","237","433","547","671","C4280482"
"41591","1001","2","5","7","53","51","335","444","560","373","C4280482"
"41592","1289","2","5","7","53","51","342","454","573","492","C4280485"
"41593","11160","2","3","12","41","116","268","423","536","445","C4280485"
"41594","5447","2","3","5","91","214","271","372","471","586","C4280486"
"41595","472","2","3","12","19","31","261","116","1","86","C4280486"
"41596","3643","2","5","7","53","14","20","25","40","186","C4280487"
"41597","10058","2","3","5","44","50","209","68","11","141","C4280487"
"41598","3663","2","3","12","53","184","119","156","287","116","C4280498"
"41599","2018","2","3","3","19","221","321","428","541","667","C4280498"
"41600","4137","2","3","7","27","36","150","341","223","628","C4280498"
"41601","26227","2","3","2","41","137","44","208","81","108","C4280499"
"41602","55572","2","3","2","48","170","50","119","444","556","C4280499"
"41603","3909","2","5","7","53","51","342","454","573","492","C4280499"
"41604","6875","2","3","12","19","31","261","116","159","211","C4280500"
"41605","5274","2","5","7","68","51","342","454","573","492","C4280500"
"41606","8214","2","3","6","11","142","225","142","220","298","C4280500"
"41607","190","2","3","3","19","151","276","91","433","118","C4280501"
"41608","9215","2","5","2","27","36","150","430","215","628","C4280501"
"41609","3850","2","1","6","11","142","225","142","220","298","C4280501"
"41610","5873","2","5","7","34","54","24","30","46","72","C4280503"
"41611","6261","2","5","8","63","45","23","34","464","187","C4280503"
"41612","9966","2","5","12","41","219","339","156","568","697","C4280503"
"41613","7486","2","3","12","19","31","261","116","1","86","C4280503"
"41614","3694","2","5","7","53","51","342","454","573","492","C4280503"
"41615","8517","2","3","12","41","219","339","156","568","697","C4280504"
"41616","3769","2","5","8","63","36","166","106","110","158","C4280504"
"41617","5346","2","3","3","19","151","276","91","433","118","C4280504"
"41618","5727","2","3","12","68","221","197","259","560","422","C4280505"
"41619","1736","2","3","2","110","85","237","433","547","671","C4280505"
"41620","6575","2","3","8","45","94","199","240","415","666","C4280505"
"41621","6532","2","5","8","45","94","199","240","415","666","C4280506"
"41622","4306","2","3","3","19","151","276","91","433","118","C4280506"
"41623","54902","2","3","2","48","182","50","119","444","556","C4280506"
"41624","4359","2","5","7","53","51","342","454","573","492","C4280506"
"41625","6251","2","3","7","80","45","23","103","188","701","C4280506"
"41626","2189","2","3","12","19","31","261","116","1","86","C4280506"
"41627","4882","2","3","4","68","96","326","427","548","672","C4280512"
"41628","10516","2","5","7","53","51","342","454","573","492","C4280512"
"41629","5727","2","3","12","68","221","197","259","560","422","C4280516"
"41630","1991","2","5","7","34","52","216","395","549","674","C4280516"
"41631","6329","2","5","8","63","36","166","341","390","158","C4280516"
"41632","57447","2","3","2","63","45","148","402","51","383","C4280516"
"41633","56603","2","3","5","91","214","101","126","460","224","C4280516"
"41634","1591","2","3","5","92","163","262","136","460","566","C4280516"
"41635","4148","2","5","7","53","51","342","454","573","492","C4280516"
"41636","326","2","3","12","19","31","261","377","370","269","C4280516"
"41637","23064","2","3","6","11","31","261","142","220","664","C4280516"
"41638","7403","2","3","12","19","31","1","426","55","78","C4280516"
"41639","57582","2","5","8","63","36","166","106","110","158","C4280516"
"41640","9451","2","3","2","110","51","335","226","297","380","C4280517"
"41641","6664","2","3","3","19","221","321","428","541","667","C4280517"
"41642","25978","2","3","2","48","57","110","141","359","462","C4280517"
"41643","8111","2","5","4","68","96","326","427","548","672","C4280517"
"41644","23414","2","3","12","19","31","118","155","287","116","C4280517"
"41645","91647","2","3","2","48","170","50","119","220","298","C4280517"
"41646","3741","2","5","8","63","36","166","106","110","158","C4280517"
"41647","1482","2","3","3","19","221","321","428","541","667","C4280517"
"41648","9179","2","5","7","60","18","184","341","544","669","C4280517"
"41649","5896","2","3","12","41","116","268","434","568","605","C4280517"
"41650","26873","2","3","5","83","171","97","237","77","391","C4280517"
"41651","25970","2","5","7","53","14","20","25","40","116","C4280518"
"41652","1813","2","5","4","68","96","326","427","548","672","C4280518"
"41653","968","2","5","7","34","52","216","395","549","674","C4280518"
"41654","5167","2","3","5","32","93","163","207","303","126","C4280518"
"41655","4893","2","5","7","34","52","24","30","46","72","C4280518"
"41656","8822","2","5","7","53","14","20","25","40","186","C4280518"
"41657","9419","2","5","7","60","36","71","341","223","219","C4280518"
"41658","4089","2","3","12","19","219","339","259","423","605","C4280518"
"41659","6794","2","3","12","53","14","20","34","540","68","C4280518"
"41660","9509","2","5","7","53","51","342","454","573","492","C4280518"
"41661","1376","2","3","2","19","151","276","91","433","118","C4280518"
"41662","2055","2","3","2","27","36","150","402","223","628","C4280519"
"41663","286077","2","3","12","76","153","40","38","54","75","C4280519"
"41664","919","2","5","7","53","14","119","25","40","186","C4280519"
"41665","9581","2","3","5","27","36","150","76","223","628","C4280519"
"41666","5573","2","3","12","19","184","118","155","287","116","C4280519"
"41667","9289","2","5","4","68","96","326","427","548","672","C4280520"
"41668","283989","2","3","12","22","33","323","66","101","664","C4280520"
"41669","3835","2","3","12","76","153","40","38","54","75","C4280520"
"41670","4318","2","5","7","34","52","216","395","573","492","C4280520"
"41671","5728","2","3","5","80","81","339","156","568","605","C4280520"
"41672","2717","2","3","7","34","52","216","395","549","674","C4280528"
"41673","6499","2","3","2","110","85","237","433","547","671","C4280528"
"41674","5076","2","3","3","19","221","321","428","541","667","C4280528"
"41675","6017","2","3","2","69","83","101","126","170","224","C4280528"
"41676","25839","2","5","7","60","153","40","38","66","203","C4280528"
"41677","54840","2","3","12","19","31","261","116","1","86","C4280528"
"41678","4882","2","3","4","68","96","326","427","548","672","C4280528"
"41679","4282","2","5","7","34","52","216","395","549","674","C4280529"
"41680","30062","2","3","3","19","221","321","428","541","667","C4280529"
"41681","7169","2","5","8","63","45","23","103","464","187","C4280529"
"41682","8241","2","3","2","22","33","323","66","101","136","C4280529"
"41683","1535","2","5","7","34","52","216","395","549","674","C4280529"
"41684","2353","2","3","12","19","31","1","91","489","416","C4280529"
"41685","4629","2","5","8","63","45","23","103","464","187","C4280529"
"41686","7170","2","5","8","63","45","23","103","464","187","C4280530"
"41687","2737","2","3","12","19","116","321","428","54","667","C4280530"
"41688","1294","2","5","7","53","51","342","454","573","492","C4280530"
"41689","2778","2","5","4","68","96","326","427","548","672","C4280530"
"41690","4921","2","5","7","53","14","20","25","573","186","C4280530"
"41691","2245","2","5","7","60","54","24","30","46","72","C4280530"
"41692","1738","2","3","2","67","92","293","55","75","311","C4280530"
"41693","4646","2","3","12","41","45","184","103","572","658","C4280531"
"41694","7136","2","5","8","63","45","23","103","464","187","C4280531"
"41695","10815","2","5","7","60","36","71","341","223","666","C4280531"
"41696","4053","2","5","7","53","51","342","454","573","492","C4280531"
"41697","54903","2","3","12","76","153","40","38","54","75","C4280531"
"41698","8242","2","3","12","19","31","1","426","55","78","C4280531"
"41699","5376","2","5","7","53","51","342","454","573","492","C4280531"
"41700","5290","2","3","7","53","14","20","25","40","186","C4280532"
"41701","1080","2","3","12","41","219","339","156","544","669","C4280532"
"41702","8085","2","3","12","19","31","1","426","55","78","C4280532"
"41703","5896","2","3","12","41","116","268","434","568","605","C4280532"
"41704","5784","2","5","7","42","81","296","399","201","274","C4280532"
"41705","7040","2","5","7","53","51","342","454","573","492","C4280532"
"41706","5272","2","5","7","68","51","342","454","573","492","C4280532"
"41707","4683","2","3","12","19","31","261","116","1","86","C4280532"
"41708","3845","2","5","7","60","54","24","30","46","72","C4280532"
"41709","4041","2","5","3","68","221","197","259","560","422","C4280532"
"41710","5071","2","3","12","41","116","268","434","468","213","C4280532"
"41711","268","2","5","7","53","51","342","259","423","389","C4280532"
"41712","5728","2","3","5","80","81","339","156","568","605","C4280532"
"41713","5663","2","5","7","34","52","216","395","549","667","C4280532"
"41714","10013","2","3","12","19","31","143","91","236","311","C4280532"
"41715","6792","2","5","7","53","14","20","34","540","68","C4280532"
"41716","23230","2","5","7","11","142","71","341","560","219","C4280532"
"41717","54101","2","3","2","48","170","50","347","167","593","C4280532"
"41718","7248","2","3","2","48","57","110","141","359","462","C4280532"
"41719","6016","2","5","7","60","54","24","30","46","72","C4280532"
"41720","54658","2","3","2","78","205","207","67","355","138","C4280532"
"41721","3052","2","3","2","48","170","50","119","444","556","C4280532"
"41722","11128","2","3","2","22","33","261","116","159","211","C4280532"
"41723","5828","2","3","5","43","161","305","409","208","482","C4280532"
"41724","54551","2","3","12","41","219","197","156","568","422","C4280532"
"41725","3767","2","5","8","63","36","166","106","110","158","C4280532"
"41726","5979","2","5","7","53","14","20","25","40","186","C4280532"
"41727","6295","2","3","4","68","45","272","427","518","621","C4280532"
"41728","51305","2","5","8","63","36","166","106","110","158","C4280533"
"41729","6667","2","3","12","19","31","276","91","433","118","C4280533"
"41730","1663","2","3","12","76","105","178","226","297","380","C4280533"
"41731","1813","2","5","4","68","96","326","427","548","672","C4280533"
"41732","4893","2","5","7","34","52","24","30","46","72","C4280533"
"41733","773","2","5","8","27","36","166","341","223","628","C4280533"
"41734","3105","2","5","7","53","51","119","156","287","116","C4280533"
"41735","6910","2","3","12","19","51","335","444","560","373","C4280533"
"41736","2260","2","5","7","53","14","20","25","40","186","C4280533"
"41737","8242","2","3","12","19","31","1","426","55","78","C4280533"
"41738","10058","2","3","5","44","50","209","68","11","141","C4280536"
"41739","1121","2","5","7","60","54","24","30","46","72","C4280536"
"41740","208","2","5","7","53","14","20","34","540","68","C4280537"
"41741","2562","2","5","8","27","70","99","162","216","290","C4280537"
"41742","1277","2","5","7","53","51","342","454","573","492","C4280539"
"41743","7468","2","3","12","19","31","1","426","55","78","C4280539"
"41744","9581","2","3","5","27","36","150","76","223","628","C4280539"
"41745","29089","2","3","12","41","116","268","434","468","213","C4280545"
"41746","2177","2","3","2","110","90","261","431","545","443","C4280545"
"41747","8517","2","3","12","41","219","339","156","568","697","C4280548"
"41748","2263","2","5","7","53","14","20","25","40","186","C4280548"
"41749","3569","2","5","7","53","51","342","454","573","416","C4280548"
"41750","8820","2","3","3","19","221","321","428","541","667","C4280548"
"41751","26053","2","3","12","19","31","1","426","55","78","C4280548"
"41752","633","2","5","7","53","51","342","454","573","492","C4280548"
"41753","4210","2","3","12","41","219","339","156","568","697","C4280549"
"41754","10758","2","3","12","41","219","339","156","568","697","C4280549"
"41755","2033","2","3","12","19","31","1","91","433","118","C4280549"
"41756","54903","2","3","12","76","153","40","38","54","75","C4280549"
"41757","8626","2","3","3","19","221","321","428","541","667","C4280549"
"41758","6949","2","3","2","110","85","237","164","390","311","C4280549"
"41759","9990","2","5","8","45","94","199","240","415","666","C4280554"
"41760","2056","2","5","7","53","51","119","25","40","186","C4280554"
"41761","2033","2","3","12","19","31","1","91","433","118","C4280554"
"41762","55651","2","3","2","110","85","237","433","547","671","C4280554"
"41763","8292","2","5","5","27","51","342","454","573","492","C4280554"
"41764","4893","2","5","7","34","52","24","30","46","72","C4280554"
"41765","617","2","3","2","48","170","50","304","167","593","C4280555"
"41766","356","2","5","7","53","219","339","25","489","697","C4280555"
"41767","4053","2","5","7","53","51","342","454","573","492","C4280555"
"41768","3300","2","3","12","41","116","268","347","271","356","C4280555"
"41769","5913","2","5","7","27","36","71","341","223","219","C4280555"
"41770","6469","2","5","3","53","221","197","259","560","422","C4280555"
"41771","55704","2","3","12","76","153","40","38","54","75","C4280557"
"41772","54903","2","3","12","76","153","40","38","54","75","C4280557"
"41773","51684","2","3","12","41","116","268","38","54","75","C4280557"
"41774","3717","2","5","7","53","14","20","25","40","186","C4280557"
"41775","2688","2","5","7","53","51","119","25","40","186","C4280558"
"41776","1548","2","3","5","91","214","226","326","447","586","C4280558"
"41777","6443","2","5","8","63","45","23","103","464","187","C4280558"
"41778","4633","2","5","8","63","45","23","103","464","187","C4280558"
"41779","5290","2","3","7","53","14","20","25","40","186","C4280559"
"41780","8910","2","5","8","63","45","23","103","464","187","C4280559"
"41781","5922","2","5","7","60","54","24","30","46","72","C4280559"
"41782","2130","2","3","2","22","33","323","66","491","609","C4280559"
"41783","2177","2","3","2","110","90","261","431","545","443","C4280559"
"41784","5860","2","3","2","69","91","75","204","267","352","C4280559"
"41785","257","2","3","3","19","221","321","428","541","667","C4280559"
"41786","2263","2","5","7","53","14","20","25","40","186","C4280559"
"41787","5251","2","3","5","80","81","296","474","593","722","C4280560"
"41788","7490","2","3","3","19","221","321","428","541","667","C4280560"
"41789","5340","2","5","7","53","51","342","454","573","492","C4280560"
"41790","673","2","5","7","53","14","20","34","540","68","C4280560"
"41791","860","2","3","12","19","31","276","91","433","118","C4280560"
"41792","6913","2","3","3","19","221","321","428","541","667","C4280560"
"41793","23308","2","5","7","53","51","119","25","549","674","C4280560"
"41794","3081","2","3","2","91","51","3","267","308","429","C4280560"
"41795","51422","2","3","2","48","57","110","141","359","462","C4280560"
"41796","5155","2","5","7","53","51","342","454","573","186","C4280560"
"41797","7046","2","3","12","41","219","339","259","423","605","C4280560"
"41798","6596","2","3","12","19","31","261","116","1","86","C4280560"
"41799","8842","2","5","5","53","82","147","184","179","328","C4280560"
"41800","3861","2","1","6","11","142","225","142","220","298","C4280560"
"41801","2488","2","5","4","68","96","326","427","548","672","C4280560"
"41802","326","2","3","12","19","31","261","377","370","269","C4280560"
"41803","7018","2","5","7","53","51","342","454","573","669","C4280560"
"41804","3691","2","5","7","53","51","342","454","573","492","C4280562"
"41805","5663","2","5","7","34","52","216","395","549","667","C4280562"
"41806","51085","2","3","2","48","57","110","141","359","462","C4280562"
"41807","3857","2","1","6","11","142","225","142","220","298","C4280563"
"41808","6654","2","5","7","60","54","24","30","46","72","C4280563"
"41809","26119","2","5","7","60","14","184","341","544","669","C4280563"
"41810","4000","2","3","12","26","105","178","226","297","156","C4280564"
"41811","974","2","5","7","53","51","119","395","549","674","C4280564"
"41812","4791","2","3","12","41","219","339","156","568","697","C4280564"
"41813","54919","2","3","2","41","96","279","304","370","257","C4280564"
"41814","7994","2","3","12","19","31","1","426","55","78","C4280564"
"41815","1080","2","3","12","41","219","339","156","544","669","C4280564"
"41816","1280","2","5","7","53","51","342","454","573","492","C4280565"
"41817","9897","2","3","12","76","18","75","38","1","212","C4280565"
"41818","1144","2","5","8","27","70","99","162","216","290","C4280565"
"41819","5447","2","3","5","91","214","271","372","471","586","C4280565"
"41820","3897","2","5","7","53","51","335","444","560","373","C4280565"
"41821","7498","2","3","5","80","157","187","159","209","282","C4280565"
"41822","3479","2","5","7","53","51","342","454","573","492","C4280565"
"41823","7468","2","3","12","19","31","1","426","55","78","C4280565"
"41824","54768","2","3","12","41","92","197","57","198","517","C4280565"
"41825","4723","2","3","2","48","170","50","119","444","556","C4280565"
"41826","23394","2","3","12","19","31","335","444","236","373","C4280566"
"41827","103","2","3","2","110","184","119","156","287","116","C4280566"
"41828","7099","2","5","7","41","219","339","156","568","697","C4280566"
"41829","6341","2","3","2","48","170","50","119","444","556","C4280566"
"41830","3975","2","3","3","19","221","321","428","541","667","C4280566"
"41831","1289","2","5","7","53","51","342","454","573","492","C4280566"
"41832","6654","2","5","7","60","54","24","30","46","72","C4280566"
"41833","6833","2","5","8","45","36","166","240","415","666","C4280566"
"41834","5728","2","3","5","80","81","339","156","568","605","C4280566"
"41835","3507","2","5","7","53","51","119","395","549","674","C4280566"
"41836","4035","2","5","7","53","51","342","454","573","492","C4280566"
"41837","5979","2","5","7","53","14","20","25","40","186","C4280566"
"41838","57728","2","3","12","76","153","40","38","54","75","C4280566"
"41839","7139","2","5","8","63","45","23","103","464","187","C4280566"
"41840","1019","2","3","12","19","31","1","116","1","86","C4280568"
"41841","54714","2","5","8","63","36","166","106","110","158","C4280568"
"41842","65062","2","3","2","48","170","50","119","444","556","C4280568"
"41843","1440","2","5","7","53","51","119","25","489","416","C4280568"
"41844","2520","2","5","4","68","96","326","427","548","672","C4280568"
"41845","6833","2","5","8","45","36","166","240","415","666","C4280568"
"41846","55033","2","3","2","110","105","178","226","297","380","C4280569"
"41847","875","2","3","5","80","137","44","21","451","316","C4280569"
"41848","4893","2","5","7","34","52","24","30","46","72","C4280569"
"41849","1629","2","3","2","67","92","293","55","75","311","C4280569"
"41850","53834","2","5","7","53","51","342","454","573","492","C4280569"
"41851","5116","2","3","12","76","153","40","38","54","75","C4280572"
"41852","5015","2","3","3","19","221","321","428","541","667","C4280572"
"41853","54756","2","5","7","41","219","238","118","543","214","C4280572"
"41854","26235","2","3","12","41","116","268","434","468","213","C4280572"
"41855","27125","2","3","12","19","31","261","116","159","211","C4280572"
"41856","9051","2","5","7","60","14","20","25","40","215","C4280572"
"41857","80224","2","3","2","48","170","50","119","444","556","C4280573"
"41858","695","2","5","7","53","14","20","25","40","186","C4280573"
"41859","22856","2","3","2","78","189","303","251","320","403","C4280575"
"41860","4129","2","3","5","63","63","120","197","203","350","C4280575"
"41861","4893","2","5","7","34","52","24","30","46","72","C4280575"
"41862","5806","2","5","7","34","52","216","395","549","674","C4280575"
"41863","5314","2","3","12","76","153","40","38","54","75","C4280575"
"41864","6403","2","5","7","53","51","342","454","573","702","C4280575"
"41865","19","2","3","3","19","151","276","91","433","118","C4280576"
"41866","6514","2","5","7","90","216","337","448","565","562","C4280576"
"41867","207","2","3","7","53","14","20","34","489","416","C4280576"
"41868","4982","2","5","12","41","219","339","156","568","697","C4280576"
"41869","10577","2","5","7","34","52","216","395","549","674","C4280576"
"41870","22868","2","3","2","48","182","67","76","463","153","C4280576"
"41871","3589","2","5","7","53","51","119","25","40","416","C4280576"
"41872","8625","2","3","12","19","31","276","91","236","118","C4280576"
"41873","3248","2","3","2","69","83","133","167","224","301","C4280577"
"41874","2736","2","3","12","41","116","321","428","54","667","C4280577"
"41875","7276","2","5","7","34","52","216","395","549","674","C4280577"
"41876","5190","2","3","5","43","161","305","409","208","482","C4280577"
"41877","9361","2","3","2","48","170","50","119","444","556","C4280578"
"41878","65250","2","3","12","76","153","40","38","54","75","C4280578"
"41879","6491","2","3","12","76","153","40","38","54","75","C4280578"
"41880","1301","2","5","7","53","51","342","454","573","492","C4280578"
"41881","213","2","5","7","53","51","342","454","573","492","C4280578"
"41882","8036","2","5","7","60","54","296","399","359","658","C4280579"
"41883","4487","2","3","3","19","221","321","428","541","667","C4280579"
"41884","55636","2","3","3","19","221","321","428","423","389","C4280579"
"41885","7157","2","3","12","19","31","261","402","489","551","C4280579"
"41886","268","2","5","7","53","51","342","259","423","389","C4280579"
"41887","3766","2","5","8","63","36","166","106","110","158","C4280580"
"41888","7032","2","3","12","19","156","251","349","437","78","C4280580"
"41889","973","2","5","7","53","14","20","25","40","186","C4280580"
"41890","2296","2","3","3","19","221","321","428","541","667","C4280580"
"41891","1758","2","5","7","53","51","342","454","573","492","C4280580"
"41892","132","2","3","2","110","85","237","433","80","394","C4280581"
"41893","50640","2","3","5","116","183","295","398","243","327","C4280581"
"41894","112755","2","5","7","60","36","71","341","223","203","C4280581"
"41895","23414","2","3","12","19","31","118","155","287","116","C4280581"
"41896","1312","2","3","2","87","79","105","426","129","25","C4280581"
"41897","4791","2","3","12","41","219","339","156","568","697","C4280581"
"41898","2316","2","5","7","53","51","342","454","573","702","C4280581"
"41899","7403","2","3","12","19","31","1","426","55","78","C4280581"
"41900","26137","2","5","7","63","45","184","103","572","658","C4280581"
"41901","4893","2","5","7","34","52","24","30","46","72","C4280581"
"41902","6341","2","3","2","48","170","50","119","444","556","C4280581"
"41903","23259","2","3","5","116","183","295","398","552","622","C4280581"
"41904","11081","2","3","2","89","60","342","430","429","544","C4280581"
"41905","51524","2","5","7","45","94","199","240","415","666","C4280582"
"41906","5194","2","3","5","43","161","305","409","208","482","C4280582"
"41907","4838","2","5","3","53","221","321","259","423","389","C4280582"
"41908","1376","2","3","2","19","151","276","91","433","118","C4280582"
"41909","368","2","3","12","41","116","268","423","536","445","C4280582"
"41910","3569","2","5","7","53","51","342","454","573","416","C4280582"
"41911","2263","2","5","7","53","14","20","25","40","186","C4280582"
"41912","1639","2","3","12","76","153","40","38","54","75","C4280582"
"41913","2121","2","3","12","41","116","268","434","568","605","C4280582"
"41914","7015","2","3","12","19","31","1","426","55","78","C4280582"
"41915","5378","2","3","12","19","31","261","116","1","86","C4280582"
"41916","1758","2","5","7","53","51","342","454","573","492","C4280582"
"41917","10847","2","3","12","19","31","1","426","55","78","C4280582"
"41918","1536","2","5","7","34","52","216","395","549","674","C4280583"
"41919","2950","2","5","7","34","52","216","395","549","674","C4280583"
"41920","26580","2","5","8","27","70","99","162","216","290","C4280583"
"41921","55840","2","3","2","22","31","261","116","159","211","C4280584"
"41922","4621","2","5","8","63","45","23","103","464","187","C4280584"
"41923","931","2","5","7","53","14","119","156","287","116","C4280584"
"41924","57716","2","5","7","11","36","71","341","223","219","C4280585"
"41925","26580","2","5","8","27","70","99","162","216","290","C4280585"
"41926","5444","2","3","5","80","147","236","328","411","229","C4280585"
"41927","8139","2","3","12","41","116","268","434","468","213","C4280585"
"41928","6662","2","3","3","19","221","321","428","541","667","C4280585"
"41929","56983","2","3","2","78","124","143","428","236","241","C4280585"
"41930","56623","2","3","5","80","81","296","118","543","214","C4280585"
"41931","5295","2","5","7","53","14","20","25","40","186","C4280586"
"41932","658","2","5","7","53","51","342","259","423","389","C4280586"
"41933","9420","2","3","5","79","159","256","215","282","366","C4280586"
"41934","5075","2","3","3","19","221","321","428","541","667","C4280586"
"41935","429","2","3","3","19","221","321","428","541","667","C4280586"
"41936","1297","2","5","7","53","51","342","454","573","492","C4280586"
"41937","8890","2","3","2","110","85","237","433","547","671","C4280587"
"41938","2316","2","5","7","53","51","342","454","573","702","C4280587"
"41939","9896","2","3","5","80","81","296","399","201","274","C4280587"
"41940","7045","2","5","12","19","51","1","426","55","78","C4280590"
"41941","1760","2","5","8","63","14","20","34","540","68","C4280590"
"41942","51204","2","3","2","48","170","50","119","444","556","C4280591"
"41943","55135","2","3","12","76","137","76","136","472","435","C4280591"
"41944","3077","2","5","7","53","51","119","395","549","674","C4280592"
"41945","6905","2","3","12","76","153","40","38","54","75","C4280592"
"41946","9235","2","5","7","53","51","119","25","40","186","C4280593"
"41947","55129","2","5","8","63","45","23","34","464","187","C4280593"
"41948","5894","2","5","7","60","54","23","34","464","187","C4280594"
"41949","22","2","3","2","48","170","279","423","274","154","C4280594"
"41950","23495","2","3","12","41","219","339","156","568","697","C4280594"
"41951","6399","2","5","7","60","54","24","30","46","72","C4280594"
"41952","9401","2","3","12","76","31","261","116","1","86","C4280594"
"41953","2266","2","5","7","53","51","342","454","573","492","C4280594"
"41954","3141","2","3","2","68","40","130","166","127","173","C4280595"
"41955","760","2","3","5","35","41","77","40","78","178","C4280595"
"41956","7046","2","3","12","41","219","339","259","423","605","C4280595"
"41957","477","2","3","8","63","45","23","103","464","187","C4280595"
"41958","2778","2","5","4","68","96","326","427","548","672","C4280595"
"41959","1305","2","5","7","53","51","342","454","573","492","C4280595"
"41960","94","2","5","7","53","51","342","259","423","389","C4280595"
"41961","673","2","5","7","53","14","20","34","540","68","C4280595"
"41962","4882","2","3","4","68","96","326","427","548","672","C4280595"
"41963","30008","2","5","7","53","51","342","454","573","492","C4280595"
"41964","7020","2","3","12","19","31","276","91","433","664","C4280596"
"41965","1280","2","5","7","53","51","342","454","573","492","C4280596"
"41966","54919","2","3","2","41","96","279","304","370","257","C4280596"
"41967","389434","2","3","2","36","48","89","110","400","341","C4280596"
"41968","51320","2","3","12","41","116","268","434","468","213","C4280596"
"41969","4322","2","5","7","53","51","342","454","573","492","C4280596"
"41970","6445","2","5","8","63","45","23","103","464","187","C4280596"
"41971","5256","2","3","7","34","45","23","103","464","187","C4280596"
"41972","9394","2","3","2","74","58","112","148","193","263","C4280596"
"41973","7169","2","5","8","63","45","23","103","464","187","C4280596"
"41974","22","2","3","2","48","170","279","423","274","154","C4280597"
"41975","2952","2","3","5","91","175","271","372","471","586","C4280597"
"41976","9451","2","3","2","110","51","335","226","297","380","C4280597"
"41977","1030","2","3","12","19","31","1","426","55","78","C4280597"
"41978","60","2","3","12","60","45","184","155","287","78","C4280597"
"41979","1340","2","3","2","48","170","50","141","359","462","C4280597"
"41980","4916","2","5","7","53","14","20","25","447","186","C4280597"
"41981","3081","2","3","2","91","51","3","267","308","429","C4280597"
"41982","440275","2","3","2","110","85","237","433","547","671","C4280597"
"41983","9031","2","3","12","19","31","1","426","55","78","C4280597"
"41984","5781","2","5","7","53","14","20","25","40","186","C4280597"
"41985","51807","2","3","12","76","153","40","38","54","75","C4280597"
"41986","9915","2","3","3","27","151","276","91","433","118","C4280597"
"41987","57531","2","3","12","41","116","268","434","468","213","C4280597"
"41988","5828","2","3","5","43","161","305","409","208","482","C4280597"
"41989","1896","2","5","12","41","219","339","156","568","697","C4280597"
"41990","22802","2","5","8","63","45","23","34","464","187","C4280597"
"41991","6295","2","3","4","68","45","272","427","518","621","C4280597"
"41992","9927","2","3","12","19","31","118","155","287","116","C4280597"
"41993","7498","2","3","5","80","157","187","159","209","282","C4280597"
"41994","2074","2","3","12","19","31","1","426","55","78","C4280598"
"41995","590","2","3","5","85","143","286","51","488","604","C4280598"
"41996","650","2","5","7","53","51","342","259","423","389","C4280598"
"41997","29893","2","3","12","19","31","1","426","55","78","C4280598"
"41998","8287","2","3","12","41","219","339","156","568","605","C4280598"
"41999","164656","2","5","7","53","51","342","454","573","492","C4280598"
"42000","4036","2","5","7","60","14","184","341","544","669","C4280598"
"42001","6925","2","3","12","19","31","225","142","220","298","C4280598"
"42002","427","2","3","7","34","52","216","395","549","420","C4280598"
"42003","5521","2","3","12","76","137","76","136","472","435","C4280598"
"42004","2068","2","3","12","19","31","261","116","159","211","C4280598"
"42005","554","2","5","4","68","96","326","427","548","672","C4280598"
"42006","70","2","5","8","63","45","23","103","464","187","C4280598"
"42007","5828","2","3","5","43","161","305","409","208","482","C4280598"
"42008","51520","2","3","2","110","85","237","433","547","154","C4280598"
"42009","54716","2","5","8","45","94","199","240","415","666","C4280598"
"42010","3664","2","5","7","53","184","119","156","287","116","C4280598"
"42011","10397","2","3","2","110","81","148","402","51","383","C4280598"
"42012","7353","2","3","12","41","219","339","156","568","605","C4280598"
"42013","7148","2","5","7","53","51","342","454","573","492","C4280598"
"42014","6331","2","5","8","63","36","166","341","223","158","C4280599"
"42015","3785","2","5","8","63","36","166","106","110","158","C4280599"
"42016","5972","2","5","5","34","52","216","397","418","568","C4280599"
"42017","55572","2","3","2","48","170","50","119","444","556","C4280599"
"42018","11141","2","5","7","53","36","335","444","223","373","C4280601"
"42019","7227","2","3","12","19","31","276","91","433","118","C4280601"
"42020","5495","2","3","12","41","219","339","347","287","664","C4280601"
"42021","4000","2","3","12","26","105","178","226","297","156","C4280601"
"42022","10060","2","3","8","41","45","23","423","464","445","C4280601"
"42023","5566","2","3","12","76","14","20","34","540","75","C4280602"
"42024","2657","2","5","7","53","51","342","259","423","389","C4280602"
"42025","2072","2","3","12","19","31","261","116","1","86","C4280602"
"42026","2798","2","5","4","68","96","326","427","548","672","C4280602"
"42027","51124","2","5","4","68","96","326","427","548","672","C4280602"
"42028","987","2","3","6","48","94","279","347","330","304","C4280603"
"42029","5447","2","3","5","91","214","271","372","471","586","C4280603"
"42030","4621","2","5","8","63","45","23","103","464","187","C4280603"
"42031","54332","2","3","2","60","170","40","98","66","203","C4280603"
"42032","1432","2","3","7","34","52","216","34","540","68","C4280603"
"42033","22897","2","3","12","76","153","40","38","54","75","C4280603"
"42034","57817","2","5","7","34","51","342","350","243","561","C4280603"
"42035","2146","2","3","12","19","31","1","426","55","78","C4280603"
"42036","627","2","5","7","53","51","335","444","423","373","C4280603"
"42037","8517","2","3","12","41","219","339","156","568","697","C4280604"
"42038","8891","2","3","2","110","85","237","433","547","671","C4280604"
"42039","2521","2","3","2","22","33","323","66","101","136","C4280604"
"42040","4629","2","5","8","63","45","23","103","464","187","C4280604"
"42041","6389","2","3","2","48","170","50","119","444","556","C4280606"
"42042","2259","2","5","8","63","36","166","341","223","158","C4280606"
"42043","5295","2","5","7","53","14","20","25","40","186","C4280606"
"42044","57369","2","3","12","76","153","40","38","54","75","C4280606"
"42045","1311","2","5","7","53","51","342","454","573","492","C4280606"
"42046","145873","2","5","12","19","221","335","259","423","389","C4280606"
"42047","7353","2","3","12","41","219","339","156","568","605","C4280606"
"42048","22891","2","3","12","76","153","40","341","54","75","C4280606"
"42049","3976","2","5","7","53","51","119","25","489","416","C4280606"
"42050","8626","2","3","3","19","221","321","428","541","667","C4280606"
"42051","84560","2","5","6","27","184","261","116","287","116","C4280606"
"42052","4645","2","3","4","67","92","293","55","75","311","C4280606"
"42053","26191","2","5","7","53","14","20","25","40","186","C4280606"
"42054","54986","2","3","2","110","105","178","226","297","380","C4280606"
"42055","27125","2","3","12","19","31","261","116","159","211","C4280606"
"42056","9401","2","3","12","76","31","261","116","1","86","C4280606"
"42057","5314","2","3","12","76","153","40","38","54","75","C4280606"
"42058","7014","2","3","12","19","31","261","116","1","86","C4280606"
"42059","4313","2","5","7","53","51","342","454","573","492","C4280606"
"42060","6710","2","5","7","60","14","20","25","40","186","C4280606"
"42061","2248","2","5","7","53","14","20","25","40","186","C4280606"
"42062","6647","2","3","2","95","2","342","378","173","702","C4280606"
"42063","25793","2","3","12","41","116","268","434","468","213","C4280606"
"42064","843","2","3","12","41","219","339","156","568","697","C4280606"
"42065","221037","2","3","12","19","31","118","155","287","116","C4280607"
"42066","594","2","3","2","67","92","293","55","75","311","C4280607"
"42067","2706","2","3","12","76","153","40","38","54","75","C4280607"
"42068","6567","2","5","8","35","41","77","40","57","80","C4280607"
"42069","1440","2","5","7","53","51","119","25","489","416","C4280607"
"42070","23166","2","5","7","53","51","342","395","549","674","C4280607"
"42071","10060","2","3","8","41","45","23","423","464","445","C4280607"
"42072","6663","2","3","3","19","221","321","428","541","667","C4280607"
"42073","4210","2","3","12","41","219","339","156","568","697","C4280607"
"42074","55703","2","3","2","22","33","261","116","159","211","C4280607"
"42075","2301","2","5","6","11","142","225","142","220","673","C4280607"
"42076","5193","2","3","5","43","161","305","409","208","482","C4280607"
"42077","4000","2","3","12","26","105","178","226","297","156","C4280610"
"42078","5429","2","3","12","19","31","261","116","1","86","C4280610"
"42079","1643","2","3","12","41","116","268","434","468","213","C4280610"
"42080","5781","2","5","7","53","14","20","25","40","186","C4280610"
"42081","51218","2","3","2","48","170","50","119","100","556","C4280610"
"42082","51752","2","3","2","41","153","119","156","536","116","C4280610"
"42083","54463","2","3","2","48","57","110","141","359","462","C4280610"
"42084","643418","2","1","6","11","142","225","142","220","298","C4280610"
"42085","7003","2","3","12","19","31","276","91","433","118","C4280615"
"42086","324","2","3","12","41","219","197","70","255","422","C4280615"
"42087","10165","2","3","2","48","170","50","304","167","593","C4280615"
"42088","3845","2","5","7","60","54","24","30","46","72","C4280615"
"42089","4089","2","3","12","19","219","339","259","423","605","C4280615"
"42090","968","2","5","7","34","52","216","395","549","674","C4280615"
"42091","26123","2","3","2","76","153","40","38","54","75","C4280615"
"42092","3932","2","5","7","53","14","20","25","40","186","C4280615"
"42093","1358","2","3","5","80","81","166","397","447","586","C4280615"
"42094","7486","2","3","12","19","31","261","116","1","86","C4280615"
"42095","8291","2","5","8","63","45","23","103","464","187","C4280615"
"42096","3763","2","5","8","63","36","166","106","110","158","C4280615"
"42097","9487","2","3","5","80","81","142","176","235","317","C4280615"
"42098","5395","2","3","12","19","31","261","116","1","86","C4280615"
"42099","324","2","3","12","41","219","197","70","255","422","C4280615"
"42100","2908","2","3","12","19","151","276","91","433","118","C4280615"
"42101","7957","2","3","5","42","81","296","399","201","274","C4280615"
"42102","11107","2","3","12","19","31","1","426","55","78","C4280615"
"42103","9289","2","5","4","68","96","326","427","548","672","C4280615"
"42104","10908","2","3","2","97","173","275","377","473","592","C4280615"
"42105","10555","2","3","7","34","52","216","395","549","622","C4280615"
"42106","55703","2","3","2","22","33","261","116","159","211","C4280615"
"42107","9968","2","4","3","24","119","330","214","454","144","C4280615"
"42108","8322","2","5","3","68","221","184","259","544","669","C4280615"
"42109","3593","2","5","7","53","51","119","25","489","416","C4280615"
"42110","3889","2","1","6","11","142","225","142","220","298","C4280615"
"42111","5428","2","3","2","48","170","50","119","167","593","C4280615"
"42112","9782","2","3","2","22","33","323","66","101","136","C4280615"
"42113","7248","2","3","2","48","57","110","141","359","462","C4280615"
"42114","1829","2","1","6","11","142","225","142","220","298","C4280615"
"42115","5325","2","3","12","19","31","198","261","146","118","C4280615"
"42116","3315","2","3","12","41","181","160","362","402","215","C4280616"
"42117","27245","2","3","6","22","142","225","366","362","468","C4280616"
"42118","1548","2","3","5","91","214","226","326","447","586","C4280616"
"42119","4522","2","3","5","15","166","104","262","121","167","C4280616"
"42120","22999","2","5","7","60","36","71","341","223","219","C4280616"
"42121","1482","2","3","3","19","221","321","428","541","667","C4280616"
"42122","5573","2","3","12","19","184","118","155","287","116","C4280616"
"42123","6648","2","3","2","95","151","160","378","173","229","C4280616"
"42124","54209","2","5","7","53","51","119","395","549","674","C4280616"
"42125","6389","2","3","2","48","170","50","119","444","556","C4280616"
"42126","144811","2","3","6","11","142","225","417","128","298","C4280616"
"42127","5589","2","5","7","53","51","342","454","573","492","C4280616"
"42128","1586","2","3","5","79","98","256","335","425","540","C4280616"
"42129","3043","2","5","7","34","52","216","395","549","116","C4280616"
"42130","10243","2","3","2","27","91","71","204","267","352","C4280619"
"42131","2200","2","5","7","53","51","342","454","573","492","C4280619"
"42132","30009","2","5","7","53","51","119","25","549","674","C4280619"
"42133","6908","2","3","12","19","31","1","116","159","211","C4280619"
"42134","2812","2","5","7","53","51","342","454","573","492","C4280619"
"42135","6497","2","5","3","19","221","342","259","423","389","C4280619"
"42136","23064","2","3","6","11","31","261","142","220","664","C4280619"
"42137","3479","2","5","7","53","51","342","454","573","492","C4280619"
"42138","5422","2","3","12","19","31","261","116","1","86","C4280619"
"42139","6935","2","3","3","19","221","321","428","541","667","C4280619"
"42140","2316","2","5","7","53","51","342","454","573","702","C4280619"
"42141","673","2","5","7","53","14","20","34","540","68","C4280619"
"42142","26119","2","5","7","60","14","184","341","544","669","C4280619"
"42143","2653","2","3","2","67","104","214","234","306","388","C4280619"
"42144","547","2","3","7","76","153","40","38","54","75","C4280619"
"42145","659","2","5","7","53","14","20","259","423","389","C4280619"
"42146","3621","2","3","12","19","31","1","426","55","78","C4280619"
"42147","875","2","3","5","80","137","44","21","451","316","C4280619"
"42148","2563","2","5","8","27","70","99","162","216","290","C4280619"
"42149","5745","2","5","4","68","96","326","427","548","672","C4280619"
"42150","55135","2","3","12","76","137","76","136","472","435","C4280619"
"42151","1848","2","3","5","42","81","296","399","201","274","C4280619"
"42152","10398","2","5","8","53","45","23","103","464","187","C4280620"
"42153","10516","2","5","7","53","51","342","454","573","492","C4280620"
"42154","2332","2","3","2","22","33","71","373","466","609","C4280620"
"42155","3763","2","5","8","63","36","166","106","110","158","C4280621"
"42156","335","2","5","7","53","51","342","454","573","492","C4280621"
"42157","4729","2","3","2","48","170","50","119","444","556","C4280621"
"42158","7253","2","5","4","68","96","326","427","548","672","C4280622"
"42159","2160","2","5","7","68","51","119","395","549","674","C4280622"
"42160","8573","2","5","7","53","36","71","341","223","219","C4280622"
"42161","3172","2","3","3","19","151","276","91","433","118","C4280624"
"42162","3955","2","5","8","89","124","143","428","236","667","C4280624"
"42163","65217","2","5","7","53","51","335","444","560","373","C4280624"
"42164","4924","2","5","7","53","51","342","454","573","492","C4280624"
"42165","2263","2","5","7","53","14","20","25","40","186","C4280624"
"42166","5727","2","3","12","68","221","197","259","560","422","C4280624"
"42167","23363","2","3","12","41","116","268","434","468","213","C4280624"
"42168","2064","2","5","7","53","14","20","25","40","186","C4280624"
"42169","3047","2","3","12","19","31","118","155","287","116","C4280624"
"42170","7516","2","3","12","19","31","261","116","1","86","C4280624"
"42171","6696","2","5","7","53","51","342","454","573","492","C4280624"
"42172","8802","2","3","8","67","92","293","55","75","311","C4280624"
"42173","7979","2","3","12","41","116","268","434","468","605","C4280624"
"42174","7015","2","3","12","19","31","1","426","55","78","C4280624"
"42175","9469","2","3","2","103","189","303","29","475","467","C4280624"
"42176","5428","2","3","2","48","170","50","119","167","593","C4280624"
"42177","10269","2","3","2","48","182","50","119","444","556","C4280624"
"42178","6609","2","3","5","105","155","250","291","152","420","C4280624"
"42179","1583","2","3","5","79","152","273","375","100","589","C4280624"
"42180","51626","2","3","12","76","153","40","38","54","75","C4280624"
"42181","2324","2","5","7","53","14","20","25","40","186","C4280624"
"42182","2290","2","3","3","19","221","321","428","541","667","C4280626"
"42183","1893","2","5","7","53","51","342","454","573","702","C4280626"
"42184","1280","2","5","7","53","51","342","454","573","492","C4280626"
"42185","4210","2","3","12","41","219","339","156","568","697","C4280626"
"42186","673","2","5","7","53","14","20","34","540","68","C4280626"
"42187","6390","2","3","2","48","170","50","119","444","556","C4280626"
"42188","175","2","3","7","34","52","216","395","549","674","C4280626"
"42189","7274","2","3","5","43","161","99","162","216","290","C4280626"
"42190","1896","2","5","12","41","219","339","156","568","697","C4280626"
"42191","6314","2","3","12","19","31","1","426","568","78","C4280626"
"42192","5069","2","5","7","53","51","342","454","573","492","C4280626"
"42193","567","2","5","7","34","52","119","395","549","674","C4280626"
"42194","6239","2","3","12","19","119","330","214","454","144","C4280626"
"42195","6329","2","5","8","63","36","166","341","390","158","C4280626"
"42196","5077","2","3","3","19","221","321","428","541","667","C4280626"
"42197","2706","2","3","12","76","153","40","38","54","75","C4280626"
"42198","7337","2","3","12","41","116","268","434","468","213","C4280627"
"42199","8642","2","5","7","53","51","335","444","560","373","C4280627"
"42200","3756","2","5","8","63","36","166","106","110","158","C4280627"
"42201","546","2","3","12","19","31","261","426","1","86","C4280627"
"42202","9241","2","5","7","53","51","342","259","423","389","C4280627"
"42203","7170","2","5","8","63","45","23","103","464","187","C4280627"
"42204","5195","2","3","5","43","161","305","409","208","482","C4280627"
"42205","335","2","5","7","53","51","342","454","573","492","C4280627"
"42206","10413","2","3","12","19","36","143","177","236","321","C4280627"
"42207","3730","2","5","7","53","14","20","25","40","186","C4280627"
"42208","2317","2","5","7","63","45","23","103","287","664","C4280627"
"42209","3630","2","5","7","53","14","20","25","40","186","C4280627"
"42210","10111","2","3","12","19","31","261","116","1","86","C4280627"
"42211","1487","2","3","12","19","31","1","426","55","340","C4280627"
"42212","2706","2","3","12","76","153","40","38","54","75","C4280627"
"42213","7476","2","5","3","68","221","197","259","560","422","C4280627"
"42214","5604","2","5","7","53","14","20","34","540","68","C4280628"
"42215","8456","2","3","3","19","221","321","428","541","667","C4280628"
"42216","27031","2","3","6","11","142","225","38","331","506","C4280628"
"42217","5255","2","3","7","34","45","23","103","464","187","C4280628"
"42218","79001","2","5","2","48","52","342","240","569","666","C4280628"
"42219","26277","2","3","12","19","31","1","426","1","78","C4280628"
"42220","10815","2","5","7","60","36","71","341","223","666","C4280628"
"42221","7054","2","3","5","80","81","166","34","258","345","C4280628"
"42222","3763","2","5","8","63","36","166","106","110","158","C4280628"
"42223","22891","2","3","12","76","153","40","341","54","75","C4280628"
"42224","2260","2","5","7","53","14","20","25","40","186","C4280628"
"42225","4041","2","5","3","68","221","197","259","560","422","C4280628"
"42226","3043","2","5","7","34","52","216","395","549","116","C4280628"
"42227","3798","2","3","7","76","153","40","38","54","75","C4280628"
"42228","2316","2","5","7","53","51","342","454","573","702","C4280628"
"42229","10733","2","3","12","76","153","40","38","54","75","C4280628"
"42230","3889","2","1","6","11","142","225","142","220","298","C4280628"
"42231","4728","2","3","2","48","170","50","119","444","556","C4280628"
"42232","5468","2","3","3","19","151","276","91","433","118","C4280628"
"42233","4948","2","5","8","63","45","23","250","464","187","C4280629"
"42234","10269","2","3","2","48","182","50","119","444","556","C4280629"
"42235","10210","2","3","12","41","116","268","434","468","213","C4280629"
"42236","4148","2","5","7","53","51","342","454","573","492","C4280629"
"42237","3040","2","5","5","53","51","342","40","78","178","C4280629"
"42238","6392","2","3","2","48","170","50","119","444","556","C4280629"
"42239","3123","2","5","7","53","51","119","156","287","116","C4280629"
"42240","1584","2","3","5","79","159","256","276","353","456","C4280629"
"42241","4982","2","5","12","41","219","339","156","568","697","C4280629"
"42242","2138","2","3","12","19","31","1","426","55","78","C4280629"
"42243","6605","2","3","12","19","31","1","426","55","78","C4280629"
"42244","2303","2","5","3","19","221","321","428","541","667","C4280629"
"42245","2074","2","3","12","19","31","1","426","55","78","C4280629"
"42246","1890","2","3","5","80","81","296","62","94","150","C4280629"
"42247","355","2","3","7","41","219","339","156","568","697","C4280629"
"42248","579","2","3","3","19","221","321","428","541","667","C4280629"
"42249","1543","2","3","5","91","151","276","91","433","118","C4280629"
"42250","2934","2","5","7","34","52","216","395","549","674","C4280629"
"42251","6094","2","3","2","27","83","326","126","414","702","C4280629"
"42252","8642","2","5","7","53","51","335","444","560","373","C4280629"
"42253","1297","2","5","7","53","51","342","454","573","492","C4280629"
"42254","4221","2","3","12","19","31","342","454","573","492","C4280629"
"42255","28982","2","3","5","25","44","165","101","274","358","C4280629"
"42256","338","2","5","7","53","51","342","454","573","492","C4280630"
"42257","4089","2","3","12","19","219","339","259","423","605","C4280630"
"42258","5663","2","5","7","34","52","216","395","549","667","C4280630"
"42259","10585","2","5","2","27","206","324","430","215","290","C4280630"
"42260","1298","2","5","7","53","51","342","454","573","492","C4280630"
"42261","930","2","5","7","53","14","119","25","40","186","C4280630"
"42262","4312","2","5","7","53","51","342","454","573","492","C4280630"
"42263","4018","2","5","7","68","51","342","454","573","492","C4280630"
"42264","5961","2","5","7","27","51","326","126","414","702","C4280630"
"42265","1584","2","3","5","79","159","256","276","353","456","C4280630"
"42266","6595","2","3","12","19","31","1","426","55","78","C4280630"
"42267","2719","2","5","7","53","51","342","454","573","492","C4280630"
"42268","2200","2","5","7","53","51","342","454","573","492","C4280630"
"42269","3949","2","5","7","60","14","184","341","544","669","C4280630"
"42270","6223","2","3","2","110","85","237","433","547","671","C4280630"
"42271","3481","2","5","7","53","51","342","454","573","492","C4280633"
"42272","857","2","5","7","53","45","23","57","83","422","C4280633"
"42273","51604","2","3","2","61","77","142","176","235","317","C4280634"
"42274","546","2","3","12","19","31","261","426","1","86","C4280634"
"42275","9793","2","3","12","76","153","40","38","54","75","C4280635"
"42276","3730","2","5","7","53","14","20","25","40","186","C4280635"
"42277","9401","2","3","12","76","31","261","116","1","86","C4280635"
"42278","64132","2","3","2","74","205","191","98","66","203","C4280635"
"42279","4803","2","5","7","60","54","24","30","46","72","C4280635"
"42280","261734","2","3","12","76","153","40","38","54","75","C4280635"
"42281","2688","2","5","7","53","51","119","25","40","186","C4280636"
"42282","3664","2","5","7","53","184","119","156","287","116","C4280636"
"42283","10585","2","5","2","27","206","324","430","215","290","C4280636"
"42284","2022","2","5","7","53","51","342","259","423","389","C4280636"
"42285","1280","2","5","7","53","51","342","454","573","492","C4280636"
"42286","23411","2","3","12","19","31","1","91","433","118","C4280636"
"42287","10083","2","5","7","42","36","71","177","223","219","C4280636"
"42288","8076","2","5","7","53","51","342","454","573","492","C4280636"
"42289","10585","2","5","2","27","206","324","430","215","290","C4280636"
"42290","9131","2","3","12","41","219","339","347","271","356","C4280636"
"42291","613","2","5","7","60","54","24","30","46","72","C4280636"
"42292","3105","2","5","7","53","51","119","156","287","116","C4280636"
"42293","9863","2","5","7","42","36","71","177","223","219","C4280636"
"42294","3921","2","3","2","110","85","237","433","547","671","C4280636"
"42295","1027","2","3","12","19","31","1","116","1","86","C4280636"
"42296","4000","2","3","12","26","105","178","226","297","156","C4280636"
"42297","7461","2","3","7","60","153","40","38","93","75","C4280636"
"42298","55315","2","3","5","80","81","296","62","94","150","C4280636"
"42299","4535","2","3","2","48","170","50","119","444","556","C4280636"
"42300","3162","2","3","5","53","51","119","402","489","416","C4280637"
"42301","5290","2","3","7","53","14","20","25","40","186","C4280637"
"42302","29123","2","3","12","19","151","276","91","433","118","C4280637"
"42303","4512","2","3","2","48","170","110","141","359","8","C4280637"
"42304","9419","2","5","7","60","36","71","341","223","219","C4280637"
"42305","6658","2","3","12","19","221","321","428","541","667","C4280637"
"42306","2643","2","3","5","87","91","75","204","267","352","C4280637"
"42307","3240","2","5","7","34","52","216","395","549","674","C4280637"
"42308","4929","2","3","3","19","151","276","91","433","118","C4280637"
"42309","54567","2","5","7","53","51","143","428","236","667","C4280637"
"42310","94","2","5","7","53","51","342","259","423","389","C4280637"
"42311","10815","2","5","7","60","36","71","341","223","666","C4280637"
"42312","1278","2","5","7","53","51","342","454","573","492","C4280637"
"42313","1836","2","3","2","35","41","94","260","330","375","C4280637"
"42314","3594","2","5","7","53","51","119","25","560","373","C4280637"
"42315","715","2","5","7","53","51","119","395","549","674","C4280637"
"42316","9469","2","3","2","103","189","303","29","475","467","C4280637"
"42317","1029","2","3","12","19","31","1","116","1","664","C4280637"
"42318","3459","2","5","7","53","184","119","156","287","116","C4280637"
"42319","23230","2","5","7","11","142","71","341","560","219","C4280638"
"42320","6497","2","5","3","19","221","342","259","423","389","C4280638"
"42321","25885","2","3","12","19","31","1","426","55","78","C4280638"
"42322","7048","2","5","7","53","51","342","259","423","389","C4280638"
"42323","5727","2","3","12","68","221","197","259","560","422","C4280638"
"42324","5627","2","5","7","53","51","342","454","573","702","C4280638"
"42325","9742","2","3","12","76","153","40","38","54","75","C4280638"
"42326","94","2","5","7","53","51","342","259","423","389","C4280638"
"42327","2","2","5","7","53","51","342","454","573","72","C4280638"
"42328","22909","2","3","12","19","31","261","116","1","86","C4280638"
"42329","7555","2","3","2","110","85","237","433","547","671","C4280638"
"42330","64802","2","3","2","73","110","53","59","228","306","C4280638"
"42331","51524","2","5","7","45","94","199","240","415","666","C4280638"
"42332","3703","2","3","2","78","26","54","283","118","124","C4280638"
"42333","55109","2","5","7","42","81","184","118","543","214","C4280638"
"42334","5449","2","3","3","19","221","321","428","541","667","C4280638"
"42335","2627","2","3","12","19","31","118","155","287","116","C4280638"
"42336","5830","2","3","5","43","161","305","409","208","482","C4280638"
"42337","10084","2","3","2","22","33","323","66","101","136","C4280638"
"42338","5932","2","3","12","19","31","261","116","1","86","C4280639"
"42339","1499","2","3","12","19","221","197","259","560","422","C4280639"
"42340","2776","2","5","4","68","96","326","427","548","672","C4280639"
"42341","27185","2","3","12","76","153","40","38","54","75","C4280639"
"42342","5621","2","5","8","27","36","342","454","573","628","C4280639"
"42343","5728","2","3","5","80","81","339","156","568","605","C4280639"
"42344","3575","2","5","7","53","51","184","341","544","669","C4280639"
"42345","1293","2","5","7","53","51","342","454","573","492","C4280639"
"42346","2736","2","3","12","41","116","321","428","54","667","C4280639"
"42347","540","2","5","8","63","45","23","103","464","187","C4280639"
"42348","1387","2","3","12","19","31","276","91","433","118","C4280639"
"42349","183","2","5","4","68","96","326","427","548","672","C4280639"
"42350","4534","2","3","5","80","81","296","399","362","468","C4280639"
"42351","3860","2","1","6","11","142","225","142","220","298","C4280639"
"42352","7169","2","5","8","63","45","23","103","464","187","C4280639"
"42353","7351","2","3","2","20","29","98","123","166","221","C4280639"
"42354","8050","2","3","2","67","92","293","55","75","311","C4280639"
"42355","338","2","5","7","53","51","342","454","573","492","C4280639"
"42356","6314","2","3","12","19","31","1","426","568","78","C4280639"
"42357","3984","2","5","7","53","14","20","34","540","68","C4280646"
"42358","5972","2","5","5","34","52","216","397","418","568","C4280646"
"42359","2132","2","3","2","74","58","112","148","193","263","C4280646"
"42360","5000","2","3","12","76","31","261","116","1","86","C4280652"
"42361","23230","2","5","7","11","142","71","341","560","219","C4280652"
"42362","3209","2","3","3","19","221","321","428","541","667","C4280652"
"42363","1717","2","3","2","19","151","276","48","69","204","C4280652"
"42364","8517","2","3","12","41","219","339","156","568","697","C4280652"
"42365","8996","2","3","12","41","219","339","156","568","697","C4280652"
"42366","3425","2","3","5","80","81","166","454","573","492","C4280652"
"42367","23592","2","3","12","26","105","342","259","423","389","C4280652"
"42368","29925","2","3","2","68","66","123","158","207","278","C4280652"
"42369","774","2","5","8","63","36","166","341","390","158","C4280652"
"42370","1184","2","5","8","63","45","23","34","464","187","C4280652"
"42371","1301","2","5","7","53","51","342","454","573","492","C4280652"
"42372","5728","2","3","5","80","81","339","156","568","605","C4280652"
"42373","2260","2","5","7","53","14","20","25","40","186","C4280652"
"42374","2260","2","5","7","53","14","20","25","40","186","C4280652"
"42375","83932","2","3","12","19","31","261","116","1","86","C4280652"
"42376","3270","2","5","7","53","51","342","454","573","492","C4280652"
"42377","4041","2","5","3","68","221","197","259","560","422","C4280652"
"42378","23236","2","3","4","68","96","326","427","548","672","C4280652"
"42379","6387","2","5","4","68","96","326","427","548","672","C4280652"
"42380","5189","2","3","5","43","161","305","409","208","482","C4280652"
"42381","3784","2","5","8","63","36","166","106","110","158","C4280657"
"42382","26040","2","3","12","19","31","1","116","297","78","C4280657"
"42383","5194","2","3","5","43","161","305","409","208","482","C4280657"
"42384","5961","2","5","7","27","51","326","126","414","702","C4280657"
"42385","6299","2","3","12","19","221","321","428","541","667","C4280657"
"42386","81848","2","5","7","53","14","20","25","40","186","C4280658"
"42387","356","2","5","7","53","219","339","25","489","697","C4280658"
"42388","4878","2","3","12","19","31","1","426","55","78","C4280658"
"42389","1836","2","3","2","35","41","94","260","330","375","C4280658"
"42390","7547","2","3","3","19","221","321","428","541","667","C4280658"
"42391","1482","2","3","3","19","221","321","428","541","667","C4280659"
"42392","8626","2","3","3","19","221","321","428","541","667","C4280659"
"42393","54903","2","3","12","76","153","40","38","54","75","C4280659"
"42394","2697","2","3","7","76","153","40","38","54","75","C4280659"
"42395","2296","2","3","3","19","221","321","428","541","667","C4280659"
"42396","1392","2","5","4","68","96","326","427","548","672","C4280660"
"42397","26160","2","3","12","76","153","40","38","54","75","C4280660"
"42398","1131","2","5","4","68","96","326","427","548","672","C4280660"
"42399","9949","2","3","2","22","33","225","142","220","298","C4280660"
"42400","54808","2","3","12","76","153","40","38","54","75","C4280660"
"42401","2118","2","3","12","41","116","268","91","433","605","C4280661"
"42402","2252","2","5","7","53","14","20","25","40","186","C4280661"
"42403","3763","2","5","8","63","36","166","106","110","158","C4280661"
"42404","773","2","5","8","27","36","166","341","223","628","C4280661"
"42405","3988","2","3","5","98","174","277","379","476","42","C4280661"
"42406","6473","2","3","3","19","221","321","428","541","667","C4280662"
"42407","23363","2","3","12","41","116","268","434","468","213","C4280662"
"42408","6945","2","3","12","19","31","110","141","488","102","C4280662"
"42409","6899","2","5","7","53","184","335","259","560","373","C4280662"
"42410","3480","2","5","7","53","14","20","25","40","186","C4280662"
"42411","27130","2","3","12","48","45","143","38","236","69","C4280665"
"42412","5654","2","5","7","53","51","342","454","573","492","C4280665"
"42413","4000","2","3","12","26","105","178","226","297","156","C4280665"
"42414","4481","2","5","7","53","51","342","454","573","492","C4280665"
"42415","9210","2","5","7","53","51","342","454","573","492","C4280665"
"42416","348","2","5","7","53","51","342","454","573","492","C4280665"
"42417","2554","2","5","8","27","70","99","162","216","290","C4280665"
"42418","6901","2","3","2","48","170","50","304","167","593","C4280665"
"42419","1663","2","3","12","76","105","178","226","297","380","C4280665"
"42420","6863","2","5","4","68","96","326","427","548","672","C4280665"
"42421","2218","2","5","2","53","123","194","255","560","373","C4280666"
"42422","5244","2","3","3","41","151","276","91","433","118","C4280666"
"42423","7174","2","3","12","41","116","268","434","468","213","C4280666"
"42424","8626","2","3","3","19","221","321","428","541","667","C4280666"
"42425","4624","2","5","8","63","45","23","103","464","187","C4280666"
"42426","4683","2","3","12","19","31","261","116","1","86","C4280666"
"42427","9719","2","5","7","53","51","342","454","573","492","C4280666"
"42428","396","2","5","7","60","54","24","30","46","72","C4280666"
"42429","2689","2","5","7","53","51","119","25","40","186","C4280666"
"42430","6497","2","5","3","19","221","342","259","423","389","C4280666"
"42431","2260","2","5","7","53","14","20","25","40","186","C4280668"
"42432","10020","2","3","2","89","124","204","42","452","258","C4280668"
"42433","3592","2","5","7","53","51","119","25","489","416","C4280669"
"42434","23594","2","3","12","76","153","261","116","1","86","C4280669"
"42435","55605","2","3","12","76","153","40","38","54","75","C4280669"
"42436","6469","2","5","3","53","221","197","259","560","422","C4280669"
"42437","673","2","5","7","53","14","20","34","540","68","C4280669"
"42438","274","2","5","7","60","14","184","341","544","669","C4280669"
"42439","7490","2","3","3","19","221","321","428","541","667","C4280669"
"42440","5308","2","3","3","19","221","321","428","541","667","C4280669"
"42441","975","2","5","7","53","51","119","395","549","674","C4280670"
"42442","9791","2","3","8","45","94","199","240","415","666","C4280670"
"42443","50846","2","3","3","68","221","197","259","560","422","C4280670"
"42444","3796","2","3","12","76","153","40","38","54","75","C4280670"
"42445","348","2","5","7","53","51","342","454","573","492","C4280671"
"42446","1991","2","5","7","34","52","216","395","549","674","C4280671"
"42447","5979","2","5","7","53","14","20","25","40","186","C4280671"
"42448","4524","2","3","2","15","166","104","369","117","583","C4280671"
"42449","9382","2","5","7","60","153","40","38","66","203","C4280672"
"42450","8815","2","3","12","22","33","323","66","444","664","C4280672"
"42451","5125","2","5","6","11","51","225","142","220","298","C4280672"
"42452","70","2","5","8","63","45","23","103","464","187","C4280672"
"42453","955","2","3","5","64","42","80","328","135","181","C4280672"
"42454","3339","2","5","7","53","51","342","454","573","492","C4280674"
"42455","55636","2","3","3","19","221","321","428","423","389","C4280674"
"42456","5994","2","3","12","19","31","276","91","491","118","C4280674"
"42457","8878","2","3","12","41","219","339","156","568","697","C4280674"
"42458","6569","2","3","8","45","94","199","240","415","666","C4280675"
"42459","4352","2","5","7","53","14","20","25","40","186","C4280675"
"42460","4851","2","3","12","19","221","143","428","236","667","C4280675"
"42461","3458","2","5","7","53","184","119","156","287","116","C4280676"
"42462","83546","2","3","12","41","116","268","434","468","213","C4280676"
"42463","5727","2","3","12","68","221","197","259","560","422","C4280677"
"42464","3459","2","5","7","53","184","119","156","287","116","C4280677"
"42465","1188","2","5","8","63","45","23","34","464","187","C4280677"
"42466","90121","2","3","2","48","57","110","141","359","462","C4280677"
"42467","10397","2","3","2","110","81","148","402","51","383","C4280677"
"42468","7428","2","3","12","41","116","268","434","468","213","C4280677"
"42469","3845","2","5","7","60","54","24","30","46","72","C4280677"
"42470","6785","2","3","5","67","7","5","239","311","393","C4280677"
"42471","3265","2","5","7","60","54","24","30","46","72","C4280678"
"42472","10262","2","3","2","22","33","323","66","101","136","C4280678"
"42473","5604","2","5","7","53","14","20","34","540","68","C4280678"
"42474","1186","2","5","8","63","45","23","34","464","187","C4280678"
"42475","4000","2","3","12","26","105","178","226","297","156","C4280678"
"42476","1629","2","3","2","67","92","293","55","75","311","C4280678"
"42477","7508","2","3","12","19","31","261","116","1","664","C4280678"
"42478","6655","2","5","7","60","54","24","30","46","72","C4280678"
"42479","6340","2","5","8","63","45","23","34","464","187","C4280678"
"42480","4621","2","5","8","63","45","23","103","464","187","C4280678"
"42481","29954","2","5","2","27","206","324","430","215","290","C4280679"
"42482","1028","2","3","12","19","31","1","116","1","86","C4280679"
"42483","7486","2","3","12","19","31","261","116","1","86","C4280679"
"42484","11005","2","1","6","11","142","225","142","220","298","C4280679"
"42485","11277","2","3","12","19","31","261","116","1","86","C4280679"
"42486","6390","2","3","2","48","170","50","119","444","556","C4280679"
"42487","3559","2","5","7","53","14","20","25","40","186","C4280679"
"42488","5594","2","5","7","34","14","20","34","540","274","C4280679"
"42489","1180","2","5","8","63","45","23","34","464","187","C4280679"
"42490","4942","2","3","2","67","94","199","182","509","666","C4280679"
"42491","23493","2","3","12","19","221","143","428","236","667","C4280679"
"42492","54567","2","5","7","53","51","143","428","236","667","C4280679"
"42493","51082","2","3","2","19","31","1","426","55","78","C4280679"
"42494","5308","2","3","3","19","221","321","428","541","667","C4280679"
"42495","3106","2","5","7","34","52","119","395","549","674","C4280679"
"42496","27329","2","5","7","53","51","342","454","573","492","C4280679"
"42497","207","2","3","7","53","14","20","34","489","416","C4280679"
"42498","5728","2","3","5","80","81","339","156","568","605","C4280679"
"42499","6792","2","5","7","53","14","20","34","540","68","C4280679"
"42500","4689","2","5","7","60","14","20","25","40","215","C4280679"
"42501","5332","2","3","4","68","96","326","427","548","672","C4280679"
"42502","55129","2","5","8","63","45","23","34","464","187","C4280803"
"42503","55703","2","3","2","22","33","261","116","159","211","C4280803"
"42504","55717","2","3","12","41","116","268","434","468","213","C4280803"
"42505","3691","2","5","7","53","51","342","454","573","492","C4280805"
"42506","10019","2","5","7","53","14","20","25","40","116","C4280805"
"42507","183","2","5","4","68","96","326","427","548","672","C4280805"
"42508","6529","2","5","8","45","94","199","240","415","666","C4280806"
"42509","5743","2","3","5","53","175","119","167","489","416","C4280806"
"42510","10806","2","3","12","76","153","40","38","54","75","C4280806"
"42511","2176","2","3","12","19","31","261","116","1","86","C4280806"
"42512","6913","2","3","3","19","221","321","428","541","667","C4280806"
"42513","538","2","3","8","63","45","23","103","464","187","C4280807"
"42514","3918","2","5","7","53","51","342","454","573","492","C4280807"
"42515","27445","2","5","7","60","36","71","341","223","624","C4280807"
"42516","8076","2","5","7","53","51","342","454","573","492","C4280807"
"42517","2109","2","3","2","48","170","50","119","444","556","C4280807"
"42518","3630","2","5","7","53","14","20","25","40","186","C4280807"
"42519","5054","2","5","7","53","51","342","454","573","492","C4280807"
"42520","2263","2","5","7","53","14","20","25","40","186","C4280807"
"42521","9927","2","3","12","19","31","118","155","287","116","C4280807"
"42522","9663","2","3","5","80","81","296","51","488","102","C4280807"
"42523","8797","2","5","7","41","219","339","156","568","697","C4280807"
"42524","1080","2","3","12","41","219","339","156","544","669","C4280807"
"42525","1026","2","3","12","19","31","1","116","489","416","C4280807"
"42526","8892","2","3","2","110","85","237","433","547","671","C4280807"
"42527","7045","2","5","12","19","51","1","426","55","78","C4280807"
"42528","3251","2","3","4","68","96","326","427","341","150","C4280807"
"42529","4038","2","5","7","53","51","342","454","573","492","C4280807"
"42530","27030","2","3","12","19","31","1","426","55","78","C4280807"
"42531","3440","2","3","12","19","184","118","155","287","116","C4280807"
"42532","171023","2","3","12","41","116","268","426","55","78","C4280807"
